,0,1,2,3,4
images/custom/davids/high/A/custom_davids_high_A_0.jpg,2,True,False,29180139,"[1.0, 1.0]"
images/custom/davids/high/A/custom_davids_high_A_1.jpg,4,True,True,26747547,"[1.0, 1.0, 1.0, 2.23606797749979]"
images/custom/davids/high/A/custom_davids_high_A_2.jpg,2,True,False,26225223,"[1.4142135623730951, 1.4142135623730951]"
images/custom/davids/high/A/custom_davids_high_A_3.jpg,4,True,True,22119513,"[1.0, 1.0, 2.0, 2.23606797749979]"
images/custom/davids/high/A/custom_davids_high_A_4.jpg,2,True,False,26740300,"[1.0, 1.4142135623730951]"
images/custom/davids/high/B/custom_davids_high_B_0.jpg,4,True,True,23976059,"[1.0, 1.0, 1.4142135623730951, 2.23606797749979]"
images/custom/davids/high/B/custom_davids_high_B_1.jpg,4,True,True,24072475,"[0.0, 1.0, 1.4142135623730951, 2.23606797749979]"
images/custom/davids/high/B/custom_davids_high_B_2.jpg,3,True,False,26114945,"[1.0, 1.4142135623730951, 2.0]"
images/custom/davids/high/B/custom_davids_high_B_3.jpg,4,True,True,27688632,"[1.0, 1.0, 1.4142135623730951, 1.4142135623730951]"
images/custom/davids/high/B/custom_davids_high_B_4.jpg,2,True,False,30584185,"[2.0, 2.23606797749979]"
images/custom/davids/high/C/custom_davids_high_C_0.jpg,3,True,False,24773023,"[0.0, 1.4142135623730951, 2.8284271247461903]"
images/custom/davids/high/C/custom_davids_high_C_1.jpg,1,True,False,31049028,[1.0]
images/custom/davids/high/C/custom_davids_high_C_2.jpg,3,True,False,26949180,"[0.0, 1.0, 1.0]"
images/custom/davids/high/C/custom_davids_high_C_3.jpg,2,True,False,26085327,"[1.0, 1.0]"
images/custom/davids/high/C/custom_davids_high_C_4.jpg,2,True,False,27062178,"[2.0, 2.23606797749979]"
images/custom/davids/high/D/custom_davids_high_D_0.jpg,2,True,False,28240721,"[1.4142135623730951, 1.4142135623730951]"
images/custom/davids/high/D/custom_davids_high_D_1.jpg,3,True,False,23413400,"[0.0, 1.0, 1.4142135623730951]"
images/custom/davids/high/D/custom_davids_high_D_2.jpg,4,True,True,26788238,"[1.0, 1.4142135623730951, 2.23606797749979, 2.23606797749979]"
images/custom/davids/high/D/custom_davids_high_D_3.jpg,2,True,False,25522802,"[1.0, 1.4142135623730951]"
images/custom/davids/high/D/custom_davids_high_D_4.jpg,1,True,False,24088874,[2.23606797749979]
images/custom/davids/medium/A/custom_davids_medium_A_0.jpg,0,True,False,22364359,[]
images/custom/davids/medium/A/custom_davids_medium_A_1.jpg,1,True,False,26661939,[1.4142135623730951]
images/custom/davids/medium/A/custom_davids_medium_A_2.jpg,2,True,False,24937427,"[1.4142135623730951, 2.23606797749979]"
images/custom/davids/medium/A/custom_davids_medium_A_3.jpg,4,True,True,24735068,"[0.0, 1.0, 1.4142135623730951, 2.0]"
images/custom/davids/medium/A/custom_davids_medium_A_4.jpg,3,True,False,23432526,"[0.0, 1.4142135623730951, 2.23606797749979]"
images/custom/davids/medium/B/custom_davids_medium_B_0.jpg,0,True,False,23387057,[]
images/custom/davids/medium/B/custom_davids_medium_B_1.jpg,2,True,False,24296552,"[1.4142135623730951, 2.23606797749979]"
images/custom/davids/medium/B/custom_davids_medium_B_2.jpg,1,True,False,19929124,[1.0]
images/custom/davids/medium/B/custom_davids_medium_B_3.jpg,2,True,False,26815378,"[1.0, 1.0]"
images/custom/davids/medium/B/custom_davids_medium_B_4.jpg,0,True,False,19472237,[]
images/custom/davids/medium/C/custom_davids_medium_C_0.jpg,1,True,False,20406500,[2.0]
images/custom/davids/medium/C/custom_davids_medium_C_1.jpg,0,True,False,21984558,[]
images/custom/davids/medium/C/custom_davids_medium_C_2.jpg,1,True,False,22499113,[1.0]
images/custom/davids/medium/C/custom_davids_medium_C_3.jpg,1,True,False,24120875,[2.23606797749979]
images/custom/davids/medium/C/custom_davids_medium_C_4.jpg,1,True,False,21202804,[1.4142135623730951]
images/custom/davids/medium/D/custom_davids_medium_D_0.jpg,4,True,True,21334760,"[1.4142135623730951, 1.4142135623730951, 2.23606797749979, 2.23606797749979]"
images/custom/davids/medium/D/custom_davids_medium_D_1.jpg,3,True,False,29706594,"[1.0, 1.4142135623730951, 2.23606797749979]"
images/custom/davids/medium/D/custom_davids_medium_D_2.jpg,2,True,False,23596540,"[1.0, 1.4142135623730951]"
images/custom/davids/medium/D/custom_davids_medium_D_3.jpg,1,True,False,22307156,[1.0]
images/custom/davids/medium/D/custom_davids_medium_D_4.jpg,2,True,False,22258487,"[1.0, 1.0]"
images/custom/davids/short/A/custom_davids_short_A_0.jpg,0,True,False,13681272,[]
images/custom/davids/short/A/custom_davids_short_A_1.jpg,0,True,False,18186247,[]
images/custom/davids/short/A/custom_davids_short_A_2.jpg,0,True,False,15910223,[]
images/custom/davids/short/A/custom_davids_short_A_3.jpg,3,True,False,19007117,"[1.0, 1.4142135623730951, 2.0]"
images/custom/davids/short/A/custom_davids_short_A_4.jpg,0,True,False,13278723,[]
images/custom/davids/short/B/custom_davids_short_B_0.jpg,7,False,False,23768693,"[1.0, 3.0, 286.6810073932349, 304.2909791630373, 318.7789202566569, 334.43235489408016, 365.08766070630213]"
images/custom/davids/short/B/custom_davids_short_B_1.jpg,3,True,False,25394140,"[1.0, 1.0, 2.23606797749979]"
images/custom/davids/short/B/custom_davids_short_B_2.jpg,3,True,False,20281717,"[0.0, 1.0, 1.0]"
images/custom/davids/short/B/custom_davids_short_B_3.jpg,3,True,False,20243605,"[1.0, 1.0, 1.4142135623730951]"
images/custom/davids/short/B/custom_davids_short_B_4.jpg,0,True,False,14564114,[]
images/custom/davids/short/C/custom_davids_short_C_0.jpg,2,True,False,23046381,"[2.0, 2.0]"
images/custom/davids/short/C/custom_davids_short_C_1.jpg,1,True,False,21274818,[0.0]
images/custom/davids/short/C/custom_davids_short_C_2.jpg,6,False,False,23823900,"[1.0, 2.0, 2.23606797749979, 257.8003103178893, 288.334874755032, 315.3696244092002]"
images/custom/davids/short/C/custom_davids_short_C_3.jpg,1,True,False,22483670,[2.23606797749979]
images/custom/davids/short/C/custom_davids_short_C_4.jpg,1,True,False,27818994,[2.23606797749979]
images/custom/davids/short/D/custom_davids_short_D_0.jpg,1,True,False,22662756,[0.0]
images/custom/davids/short/D/custom_davids_short_D_1.jpg,3,True,False,21036069,"[0.0, 1.0, 1.4142135623730951]"
images/custom/davids/short/D/custom_davids_short_D_2.jpg,3,True,False,23942724,"[0.0, 0.0, 1.0]"
images/custom/davids/short/D/custom_davids_short_D_3.jpg,8,False,False,22022586,"[1.0, 1.0, 318.5545479191908, 337.8579583197649, 350.6023388398885, 365.8742953529258, 368.9173349139343, 398.5774705123209]"
images/custom/davids/short/D/custom_davids_short_D_4.jpg,3,True,False,20319406,"[1.0, 1.0, 1.0]"
images/custom/jack_cole/high/A/custom_jack_cole_high_A_0.jpg,0,True,False,15705916,[]
images/custom/jack_cole/high/A/custom_jack_cole_high_A_1.jpg,3,True,False,18743941,"[0.0, 1.0, 2.23606797749979]"
images/custom/jack_cole/high/A/custom_jack_cole_high_A_2.jpg,1,True,False,15914062,[2.23606797749979]
images/custom/jack_cole/high/A/custom_jack_cole_high_A_3.jpg,1,True,False,18434722,[1.0]
images/custom/jack_cole/high/A/custom_jack_cole_high_A_4.jpg,3,True,False,16687624,"[1.0, 2.23606797749979, 2.23606797749979]"
images/custom/jack_cole/high/B/custom_jack_cole_high_B_0.jpg,2,True,False,16818472,"[1.0, 1.4142135623730951]"
images/custom/jack_cole/high/B/custom_jack_cole_high_B_1.jpg,2,True,False,20303073,"[1.4142135623730951, 1.4142135623730951]"
images/custom/jack_cole/high/B/custom_jack_cole_high_B_2.jpg,1,True,False,21178163,[1.4142135623730951]
images/custom/jack_cole/high/B/custom_jack_cole_high_B_3.jpg,3,True,False,19519307,"[1.0, 1.4142135623730951, 2.23606797749979]"
images/custom/jack_cole/high/B/custom_jack_cole_high_B_4.jpg,2,True,False,18064638,"[1.0, 1.0]"
images/custom/jack_cole/high/C/custom_jack_cole_high_C_0.jpg,1,True,False,15424816,[1.4142135623730951]
images/custom/jack_cole/high/C/custom_jack_cole_high_C_1.jpg,1,True,False,16208839,[3.1622776601683795]
images/custom/jack_cole/high/C/custom_jack_cole_high_C_2.jpg,2,True,False,21389314,"[1.0, 2.23606797749979]"
images/custom/jack_cole/high/C/custom_jack_cole_high_C_3.jpg,2,True,False,20862835,"[1.4142135623730951, 2.23606797749979]"
images/custom/jack_cole/high/C/custom_jack_cole_high_C_4.jpg,0,True,False,15891103,[]
images/custom/jack_cole/high/D/custom_jack_cole_high_D_0.jpg,3,True,False,17937982,"[1.0, 2.23606797749979, 2.23606797749979]"
images/custom/jack_cole/high/D/custom_jack_cole_high_D_1.jpg,2,True,False,15908192,"[2.0, 2.23606797749979]"
images/custom/jack_cole/high/D/custom_jack_cole_high_D_2.jpg,3,True,False,17543118,"[1.4142135623730951, 1.4142135623730951, 2.23606797749979]"
images/custom/jack_cole/high/D/custom_jack_cole_high_D_3.jpg,3,True,False,18470563,"[1.4142135623730951, 2.0, 2.23606797749979]"
images/custom/jack_cole/high/D/custom_jack_cole_high_D_4.jpg,0,True,False,14939146,[]
images/custom/jack_cole/medium/A/custom_jack_cole_medium_A_0.jpg,0,True,False,14299898,[]
images/custom/jack_cole/medium/A/custom_jack_cole_medium_A_1.jpg,1,True,False,19759536,[2.8284271247461903]
images/custom/jack_cole/medium/A/custom_jack_cole_medium_A_2.jpg,0,True,False,16212763,[]
images/custom/jack_cole/medium/A/custom_jack_cole_medium_A_3.jpg,1,True,False,18496267,[0.0]
images/custom/jack_cole/medium/A/custom_jack_cole_medium_A_4.jpg,0,True,False,19117470,[]
images/custom/jack_cole/medium/B/custom_jack_cole_medium_B_0.jpg,0,True,False,18251557,[]
images/custom/jack_cole/medium/B/custom_jack_cole_medium_B_1.jpg,0,True,False,14995094,[]
images/custom/jack_cole/medium/B/custom_jack_cole_medium_B_2.jpg,0,True,False,16555819,[]
images/custom/jack_cole/medium/B/custom_jack_cole_medium_B_3.jpg,3,True,False,18903330,"[2.23606797749979, 2.23606797749979, 3.0]"
images/custom/jack_cole/medium/B/custom_jack_cole_medium_B_4.jpg,0,True,False,13080322,[]
images/custom/jack_cole/medium/C/custom_jack_cole_medium_C_0.jpg,0,True,False,14945389,[]
images/custom/jack_cole/medium/C/custom_jack_cole_medium_C_1.jpg,1,True,False,17600868,[2.8284271247461903]
images/custom/jack_cole/medium/C/custom_jack_cole_medium_C_2.jpg,2,True,False,20488381,"[1.0, 1.0]"
images/custom/jack_cole/medium/C/custom_jack_cole_medium_C_3.jpg,2,True,False,19908787,"[2.0, 2.23606797749979]"
images/custom/jack_cole/medium/C/custom_jack_cole_medium_C_4.jpg,1,True,False,16499011,[2.8284271247461903]
images/custom/jack_cole/medium/D/custom_jack_cole_medium_D_0.jpg,0,True,False,19787800,[]
images/custom/jack_cole/medium/D/custom_jack_cole_medium_D_1.jpg,2,True,False,20862852,"[1.0, 1.0]"
images/custom/jack_cole/medium/D/custom_jack_cole_medium_D_2.jpg,0,True,False,13415929,[]
images/custom/jack_cole/medium/D/custom_jack_cole_medium_D_3.jpg,1,True,False,21014807,[1.4142135623730951]
images/custom/jack_cole/medium/D/custom_jack_cole_medium_D_4.jpg,1,True,False,16530261,[2.23606797749979]
images/custom/jack_cole/short/A/custom_jack_cole_short_A_0.jpg,1,True,False,17177985,[2.23606797749979]
images/custom/jack_cole/short/A/custom_jack_cole_short_A_1.jpg,0,True,False,17537098,[]
images/custom/jack_cole/short/A/custom_jack_cole_short_A_2.jpg,1,True,False,14794546,[1.0]
images/custom/jack_cole/short/A/custom_jack_cole_short_A_3.jpg,0,True,False,15583261,[]
images/custom/jack_cole/short/A/custom_jack_cole_short_A_4.jpg,0,True,False,14011840,[]
images/custom/jack_cole/short/B/custom_jack_cole_short_B_0.jpg,0,True,False,14850620,[]
images/custom/jack_cole/short/B/custom_jack_cole_short_B_1.jpg,0,True,False,18167028,[]
images/custom/jack_cole/short/B/custom_jack_cole_short_B_2.jpg,0,True,False,15995788,[]
images/custom/jack_cole/short/B/custom_jack_cole_short_B_3.jpg,0,True,False,15450715,[]
images/custom/jack_cole/short/B/custom_jack_cole_short_B_4.jpg,0,True,False,13615533,[]
images/custom/jack_cole/short/C/custom_jack_cole_short_C_0.jpg,0,True,False,18594751,[]
images/custom/jack_cole/short/C/custom_jack_cole_short_C_1.jpg,0,True,False,17260540,[]
images/custom/jack_cole/short/C/custom_jack_cole_short_C_2.jpg,1,True,False,14731397,[2.0]
images/custom/jack_cole/short/C/custom_jack_cole_short_C_3.jpg,2,True,False,19828363,"[3.1622776601683795, 3.1622776601683795]"
images/custom/jack_cole/short/C/custom_jack_cole_short_C_4.jpg,0,True,False,13302437,[]
images/custom/jack_cole/short/D/custom_jack_cole_short_D_0.jpg,0,True,False,14184202,[]
images/custom/jack_cole/short/D/custom_jack_cole_short_D_1.jpg,0,True,False,15566809,[]
images/custom/jack_cole/short/D/custom_jack_cole_short_D_2.jpg,0,True,False,15374002,[]
images/custom/jack_cole/short/D/custom_jack_cole_short_D_3.jpg,0,True,False,16788967,[]
images/custom/jack_cole/short/D/custom_jack_cole_short_D_4.jpg,0,True,False,14618703,[]
images/custom/john_honey/high/A/custom_john_honey_high_A_0.jpg,4,True,True,18191658,"[0.0, 1.0, 3.0, 3.1622776601683795]"
images/custom/john_honey/high/A/custom_john_honey_high_A_1.jpg,4,True,True,18803670,"[1.4142135623730951, 1.4142135623730951, 1.4142135623730951, 2.23606797749979]"
images/custom/john_honey/high/A/custom_john_honey_high_A_2.jpg,4,True,True,19640033,"[0.0, 1.0, 1.4142135623730951, 1.4142135623730951]"
images/custom/john_honey/high/A/custom_john_honey_high_A_3.jpg,4,True,True,17871321,"[0.0, 1.4142135623730951, 2.23606797749979, 2.8284271247461903]"
images/custom/john_honey/high/A/custom_john_honey_high_A_4.jpg,4,True,True,18904513,"[0.0, 1.0, 1.4142135623730951, 1.4142135623730951]"
images/custom/john_honey/high/B/custom_john_honey_high_B_0.jpg,4,True,True,19624063,"[1.0, 1.0, 2.0, 2.0]"
images/custom/john_honey/high/B/custom_john_honey_high_B_1.jpg,4,True,True,17695556,"[0.0, 1.4142135623730951, 1.4142135623730951, 2.0]"
images/custom/john_honey/high/B/custom_john_honey_high_B_2.jpg,4,True,True,18970595,"[1.0, 2.0, 2.0, 3.1622776601683795]"
images/custom/john_honey/high/B/custom_john_honey_high_B_3.jpg,4,True,True,18834221,"[0.0, 1.4142135623730951, 2.0, 3.0]"
images/custom/john_honey/high/B/custom_john_honey_high_B_4.jpg,4,True,True,17201145,"[1.0, 1.0, 1.0, 1.4142135623730951]"
images/custom/john_honey/high/C/custom_john_honey_high_C_0.jpg,4,True,True,18098485,"[1.0, 1.4142135623730951, 2.0, 2.23606797749979]"
images/custom/john_honey/high/C/custom_john_honey_high_C_1.jpg,4,True,True,17877363,"[1.0, 1.0, 1.0, 2.23606797749979]"
images/custom/john_honey/high/C/custom_john_honey_high_C_2.jpg,4,True,True,20142814,"[0.0, 0.0, 1.0, 1.0]"
images/custom/john_honey/high/C/custom_john_honey_high_C_3.jpg,4,True,True,22027670,"[0.0, 1.0, 1.0, 1.0]"
images/custom/john_honey/high/C/custom_john_honey_high_C_4.jpg,4,True,True,16615807,"[1.0, 1.4142135623730951, 1.4142135623730951, 2.23606797749979]"
images/custom/john_honey/high/D/custom_john_honey_high_D_0.jpg,4,True,True,18293408,"[0.0, 1.0, 1.0, 1.4142135623730951]"
images/custom/john_honey/high/D/custom_john_honey_high_D_1.jpg,4,True,True,22773397,"[1.0, 1.0, 1.0, 2.23606797749979]"
images/custom/john_honey/high/D/custom_john_honey_high_D_2.jpg,4,True,True,21145114,"[0.0, 1.0, 2.0, 2.23606797749979]"
images/custom/john_honey/high/D/custom_john_honey_high_D_3.jpg,4,True,True,18929510,"[1.0, 1.0, 1.4142135623730951, 2.23606797749979]"
images/custom/john_honey/high/D/custom_john_honey_high_D_4.jpg,4,True,True,18360344,"[1.0, 1.0, 2.0, 2.23606797749979]"
images/custom/john_honey/medium/A/custom_john_honey_medium_A_0.jpg,4,True,True,15789501,"[0.0, 1.0, 1.0, 1.4142135623730951]"
images/custom/john_honey/medium/A/custom_john_honey_medium_A_1.jpg,3,True,False,18254913,"[0.0, 1.0, 1.4142135623730951]"
images/custom/john_honey/medium/A/custom_john_honey_medium_A_2.jpg,2,True,False,17184898,"[0.0, 1.4142135623730951]"
images/custom/john_honey/medium/A/custom_john_honey_medium_A_3.jpg,3,True,False,16609310,"[1.0, 1.4142135623730951, 2.0]"
images/custom/john_honey/medium/A/custom_john_honey_medium_A_4.jpg,3,True,False,17290516,"[1.0, 1.0, 1.4142135623730951]"
images/custom/john_honey/medium/B/custom_john_honey_medium_B_0.jpg,3,True,False,18937023,"[1.0, 1.0, 1.0]"
images/custom/john_honey/medium/B/custom_john_honey_medium_B_1.jpg,2,True,False,17771117,"[1.0, 2.23606797749979]"
images/custom/john_honey/medium/B/custom_john_honey_medium_B_2.jpg,3,True,False,16432247,"[0.0, 2.23606797749979, 2.23606797749979]"
images/custom/john_honey/medium/B/custom_john_honey_medium_B_3.jpg,4,True,True,16916093,"[0.0, 1.0, 2.0, 2.8284271247461903]"
images/custom/john_honey/medium/B/custom_john_honey_medium_B_4.jpg,3,True,False,18071999,"[1.0, 1.4142135623730951, 2.23606797749979]"
images/custom/john_honey/medium/C/custom_john_honey_medium_C_0.jpg,3,True,False,20264081,"[1.0, 1.4142135623730951, 2.8284271247461903]"
images/custom/john_honey/medium/C/custom_john_honey_medium_C_1.jpg,3,True,False,17080150,"[1.0, 1.4142135623730951, 1.4142135623730951]"
images/custom/john_honey/medium/C/custom_john_honey_medium_C_2.jpg,3,True,False,15605085,"[1.0, 1.4142135623730951, 2.0]"
images/custom/john_honey/medium/C/custom_john_honey_medium_C_3.jpg,3,True,False,16294547,"[1.4142135623730951, 2.0, 2.23606797749979]"
images/custom/john_honey/medium/C/custom_john_honey_medium_C_4.jpg,3,True,False,17331702,"[1.0, 1.0, 1.4142135623730951]"
images/custom/john_honey/medium/D/custom_john_honey_medium_D_0.jpg,4,True,True,18067753,"[0.0, 1.0, 1.4142135623730951, 2.23606797749979]"
images/custom/john_honey/medium/D/custom_john_honey_medium_D_1.jpg,3,True,False,15935934,"[1.0, 1.4142135623730951, 1.4142135623730951]"
images/custom/john_honey/medium/D/custom_john_honey_medium_D_2.jpg,3,True,False,17632469,"[0.0, 1.4142135623730951, 1.4142135623730951]"
images/custom/john_honey/medium/D/custom_john_honey_medium_D_3.jpg,4,True,True,18533337,"[0.0, 1.0, 1.0, 2.23606797749979]"
images/custom/john_honey/medium/D/custom_john_honey_medium_D_4.jpg,3,True,False,17628519,"[0.0, 1.4142135623730951, 2.0]"
images/custom/john_honey/short/A/custom_john_honey_short_A_0.jpg,3,True,False,17077476,"[0.0, 1.4142135623730951, 2.0]"
images/custom/john_honey/short/A/custom_john_honey_short_A_1.jpg,4,True,True,18077853,"[1.0, 1.4142135623730951, 2.23606797749979, 3.0]"
images/custom/john_honey/short/A/custom_john_honey_short_A_2.jpg,2,True,False,17024737,"[1.4142135623730951, 3.0]"
images/custom/john_honey/short/A/custom_john_honey_short_A_3.jpg,1,True,False,21157353,[1.0]
images/custom/john_honey/short/A/custom_john_honey_short_A_4.jpg,3,True,False,18367934,"[0.0, 1.4142135623730951, 2.23606797749979]"
images/custom/john_honey/short/B/custom_john_honey_short_B_0.jpg,3,True,False,17733365,"[1.0, 1.0, 2.23606797749979]"
images/custom/john_honey/short/B/custom_john_honey_short_B_1.jpg,4,True,True,19240292,"[1.0, 2.0, 2.0, 3.0]"
images/custom/john_honey/short/B/custom_john_honey_short_B_2.jpg,2,True,False,18454649,"[1.0, 1.4142135623730951]"
images/custom/john_honey/short/B/custom_john_honey_short_B_3.jpg,2,True,False,20192989,"[1.0, 1.0]"
images/custom/john_honey/short/B/custom_john_honey_short_B_4.jpg,2,True,False,17198573,"[1.0, 1.4142135623730951]"
images/custom/john_honey/short/C/custom_john_honey_short_C_0.jpg,3,True,False,19511892,"[1.4142135623730951, 1.4142135623730951, 2.0]"
images/custom/john_honey/short/C/custom_john_honey_short_C_1.jpg,3,True,False,19908314,"[0.0, 1.0, 2.23606797749979]"
images/custom/john_honey/short/C/custom_john_honey_short_C_2.jpg,3,True,False,19302238,"[1.0, 1.4142135623730951, 2.23606797749979]"
images/custom/john_honey/short/C/custom_john_honey_short_C_3.jpg,1,True,False,16904864,[2.0]
images/custom/john_honey/short/C/custom_john_honey_short_C_4.jpg,2,True,False,16139264,"[1.4142135623730951, 1.4142135623730951]"
images/custom/john_honey/short/D/custom_john_honey_short_D_0.jpg,2,True,False,21598926,"[1.4142135623730951, 2.8284271247461903]"
images/custom/john_honey/short/D/custom_john_honey_short_D_1.jpg,4,True,True,20557694,"[1.0, 1.0, 1.4142135623730951, 1.4142135623730951]"
images/custom/john_honey/short/D/custom_john_honey_short_D_2.jpg,4,True,True,17375253,"[0.0, 1.4142135623730951, 1.4142135623730951, 2.23606797749979]"
images/custom/john_honey/short/D/custom_john_honey_short_D_3.jpg,4,True,True,18306339,"[0.0, 1.4142135623730951, 1.4142135623730951, 2.0]"
images/custom/john_honey/short/D/custom_john_honey_short_D_4.jpg,4,True,True,20210099,"[0.0, 1.0, 1.0, 2.23606797749979]"
images/custom/michaels/high/A/custom_michaels_high_A_0.jpg,4,True,True,17321693,"[0.0, 1.0, 1.4142135623730951, 2.0]"
images/custom/michaels/high/A/custom_michaels_high_A_1.jpg,4,True,True,21206827,"[1.0, 1.0, 1.0, 1.4142135623730951]"
images/custom/michaels/high/A/custom_michaels_high_A_2.jpg,4,True,True,23272614,"[1.0, 1.0, 1.4142135623730951, 1.4142135623730951]"
images/custom/michaels/high/A/custom_michaels_high_A_3.jpg,3,True,False,18802801,"[0.0, 1.0, 1.0]"
images/custom/michaels/high/A/custom_michaels_high_A_4.jpg,2,True,False,16696256,"[0.0, 2.0]"
images/custom/michaels/high/B/custom_michaels_high_B_0.jpg,4,True,True,24232112,"[0.0, 1.0, 1.4142135623730951, 2.8284271247461903]"
images/custom/michaels/high/B/custom_michaels_high_B_1.jpg,3,True,False,22893354,"[1.0, 1.4142135623730951, 2.0]"
images/custom/michaels/high/B/custom_michaels_high_B_2.jpg,4,True,True,19752991,"[0.0, 1.0, 1.4142135623730951, 1.4142135623730951]"
images/custom/michaels/high/B/custom_michaels_high_B_3.jpg,4,True,True,20924582,"[0.0, 1.0, 1.0, 2.23606797749979]"
images/custom/michaels/high/B/custom_michaels_high_B_4.jpg,4,True,True,18471423,"[0.0, 1.0, 1.0, 1.4142135623730951]"
images/custom/michaels/high/C/custom_michaels_high_C_0.jpg,2,True,False,19535244,"[2.23606797749979, 3.1622776601683795]"
images/custom/michaels/high/C/custom_michaels_high_C_1.jpg,3,True,False,20509672,"[0.0, 1.0, 2.23606797749979]"
images/custom/michaels/high/C/custom_michaels_high_C_2.jpg,3,True,False,20634235,"[0.0, 1.0, 1.0]"
images/custom/michaels/high/C/custom_michaels_high_C_3.jpg,3,True,False,20428209,"[0.0, 1.0, 1.0]"
images/custom/michaels/high/C/custom_michaels_high_C_4.jpg,3,True,False,15713608,"[1.0, 2.23606797749979, 2.23606797749979]"
images/custom/michaels/high/D/custom_michaels_high_D_0.jpg,4,True,True,27050421,"[0.0, 0.0, 1.0, 1.4142135623730951]"
images/custom/michaels/high/D/custom_michaels_high_D_1.jpg,3,True,False,18113719,"[1.0, 1.0, 2.23606797749979]"
images/custom/michaels/high/D/custom_michaels_high_D_2.jpg,4,True,True,20916654,"[1.0, 1.0, 1.0, 2.23606797749979]"
images/custom/michaels/high/D/custom_michaels_high_D_3.jpg,4,True,True,23026312,"[1.0, 1.0, 1.0, 1.4142135623730951]"
images/custom/michaels/high/D/custom_michaels_high_D_4.jpg,4,True,True,21674866,"[1.0, 1.0, 1.4142135623730951, 1.4142135623730951]"
images/custom/michaels/medium/A/custom_michaels_medium_A_0.jpg,2,True,False,20499084,"[2.23606797749979, 2.23606797749979]"
images/custom/michaels/medium/A/custom_michaels_medium_A_1.jpg,2,True,False,22102239,"[0.0, 2.0]"
images/custom/michaels/medium/A/custom_michaels_medium_A_2.jpg,3,True,False,19751067,"[1.0, 1.4142135623730951, 1.4142135623730951]"
images/custom/michaels/medium/A/custom_michaels_medium_A_3.jpg,2,True,False,22006871,"[1.0, 2.23606797749979]"
images/custom/michaels/medium/A/custom_michaels_medium_A_4.jpg,2,True,False,21932601,"[1.0, 2.23606797749979]"
images/custom/michaels/medium/B/custom_michaels_medium_B_0.jpg,2,True,False,20349342,"[1.0, 1.4142135623730951]"
images/custom/michaels/medium/B/custom_michaels_medium_B_1.jpg,3,True,False,25156988,"[0.0, 0.0, 1.4142135623730951]"
images/custom/michaels/medium/B/custom_michaels_medium_B_2.jpg,3,True,False,21291185,"[0.0, 2.23606797749979, 2.23606797749979]"
images/custom/michaels/medium/B/custom_michaels_medium_B_3.jpg,4,True,True,27316536,"[0.0, 1.0, 1.4142135623730951, 2.23606797749979]"
images/custom/michaels/medium/B/custom_michaels_medium_B_4.jpg,0,True,False,17526038,[]
images/custom/michaels/medium/C/custom_michaels_medium_C_0.jpg,2,True,False,20889745,"[1.4142135623730951, 2.0]"
images/custom/michaels/medium/C/custom_michaels_medium_C_1.jpg,3,True,False,24275262,"[1.0, 1.0, 1.4142135623730951]"
images/custom/michaels/medium/C/custom_michaels_medium_C_2.jpg,1,True,False,20307292,[1.4142135623730951]
images/custom/michaels/medium/C/custom_michaels_medium_C_3.jpg,2,True,False,20944529,"[2.0, 2.23606797749979]"
images/custom/michaels/medium/C/custom_michaels_medium_C_4.jpg,2,True,False,18136306,"[0.0, 2.23606797749979]"
images/custom/michaels/medium/D/custom_michaels_medium_D_0.jpg,0,True,False,20040462,[]
images/custom/michaels/medium/D/custom_michaels_medium_D_1.jpg,1,True,False,20832589,[1.4142135623730951]
images/custom/michaels/medium/D/custom_michaels_medium_D_2.jpg,4,True,True,24606677,"[0.0, 0.0, 1.0, 1.4142135623730951]"
images/custom/michaels/medium/D/custom_michaels_medium_D_3.jpg,3,True,False,20959055,"[1.0, 1.4142135623730951, 1.4142135623730951]"
images/custom/michaels/medium/D/custom_michaels_medium_D_4.jpg,0,True,False,15812293,[]
images/custom/michaels/short/A/custom_michaels_short_A_0.jpg,0,True,False,16507818,[]
images/custom/michaels/short/A/custom_michaels_short_A_1.jpg,2,True,False,23633611,"[1.0, 1.0]"
images/custom/michaels/short/A/custom_michaels_short_A_2.jpg,0,True,False,16481215,[]
images/custom/michaels/short/A/custom_michaels_short_A_3.jpg,0,True,False,17900845,[]
images/custom/michaels/short/A/custom_michaels_short_A_4.jpg,0,True,False,15635946,[]
images/custom/michaels/short/B/custom_michaels_short_B_0.jpg,0,True,False,18502834,[]
images/custom/michaels/short/B/custom_michaels_short_B_1.jpg,2,True,False,19210186,"[2.23606797749979, 2.8284271247461903]"
images/custom/michaels/short/B/custom_michaels_short_B_2.jpg,2,True,False,20485588,"[1.4142135623730951, 2.0]"
images/custom/michaels/short/B/custom_michaels_short_B_3.jpg,2,True,False,21314300,"[1.4142135623730951, 2.23606797749979]"
images/custom/michaels/short/B/custom_michaels_short_B_4.jpg,0,True,False,16543625,[]
images/custom/michaels/short/C/custom_michaels_short_C_0.jpg,0,True,False,20013855,[]
images/custom/michaels/short/C/custom_michaels_short_C_1.jpg,3,True,False,17851287,"[1.0, 1.0, 2.23606797749979]"
images/custom/michaels/short/C/custom_michaels_short_C_2.jpg,1,True,False,18765512,[0.0]
images/custom/michaels/short/C/custom_michaels_short_C_3.jpg,2,True,False,18524199,"[1.4142135623730951, 2.23606797749979]"
images/custom/michaels/short/C/custom_michaels_short_C_4.jpg,0,True,False,15061817,[]
images/custom/michaels/short/D/custom_michaels_short_D_0.jpg,0,True,False,18657388,[]
images/custom/michaels/short/D/custom_michaels_short_D_1.jpg,1,True,False,21797320,[1.0]
images/custom/michaels/short/D/custom_michaels_short_D_2.jpg,0,True,False,19978157,[]
images/custom/michaels/short/D/custom_michaels_short_D_3.jpg,0,True,False,16301563,[]
images/custom/michaels/short/D/custom_michaels_short_D_4.jpg,0,True,False,14362794,[]
images/dark/davids/high/A/dark_davids_high_A_0.jpg,2,True,False,20805770,"[1.0, 1.0]"
images/dark/davids/high/A/dark_davids_high_A_1.jpg,3,True,False,22330228,"[1.0, 2.23606797749979, 2.23606797749979]"
images/dark/davids/high/A/dark_davids_high_A_2.jpg,2,True,False,19738649,"[1.0, 1.0]"
images/dark/davids/high/A/dark_davids_high_A_3.jpg,3,True,False,24094324,"[1.0, 2.0, 2.23606797749979]"
images/dark/davids/high/A/dark_davids_high_A_4.jpg,1,True,False,23481742,[1.4142135623730951]
images/dark/davids/high/B/dark_davids_high_B_0.jpg,2,True,False,24530664,"[1.4142135623730951, 2.0]"
images/dark/davids/high/B/dark_davids_high_B_1.jpg,1,True,False,21066308,[1.0]
images/dark/davids/high/B/dark_davids_high_B_2.jpg,2,True,False,24952825,"[1.0, 2.23606797749979]"
images/dark/davids/high/B/dark_davids_high_B_3.jpg,3,True,False,27867141,"[1.0, 2.0, 2.23606797749979]"
images/dark/davids/high/B/dark_davids_high_B_4.jpg,2,True,False,23198095,"[1.4142135623730951, 1.4142135623730951]"
images/dark/davids/high/C/dark_davids_high_C_0.jpg,2,True,False,25012825,"[0.0, 1.0]"
images/dark/davids/high/C/dark_davids_high_C_1.jpg,2,True,False,24448529,"[0.0, 1.4142135623730951]"
images/dark/davids/high/C/dark_davids_high_C_2.jpg,2,True,False,22070820,"[0.0, 1.4142135623730951]"
images/dark/davids/high/C/dark_davids_high_C_3.jpg,2,True,False,19776347,"[1.0, 2.0]"
images/dark/davids/high/C/dark_davids_high_C_4.jpg,2,True,False,22294744,"[1.0, 1.0]"
images/dark/davids/high/D/dark_davids_high_D_0.jpg,1,True,False,21077310,[2.0]
images/dark/davids/high/D/dark_davids_high_D_1.jpg,3,True,False,25892323,"[0.0, 1.0, 1.4142135623730951]"
images/dark/davids/high/D/dark_davids_high_D_2.jpg,2,True,False,20440274,"[1.4142135623730951, 1.4142135623730951]"
images/dark/davids/high/D/dark_davids_high_D_3.jpg,3,True,False,22941743,"[0.0, 1.0, 1.0]"
images/dark/davids/high/D/dark_davids_high_D_4.jpg,2,True,False,24007111,"[1.0, 1.4142135623730951]"
images/dark/davids/medium/A/dark_davids_medium_A_0.jpg,1,True,False,25472681,[0.0]
images/dark/davids/medium/A/dark_davids_medium_A_1.jpg,2,True,False,24748370,"[1.0, 1.0]"
images/dark/davids/medium/A/dark_davids_medium_A_2.jpg,2,True,False,24998042,"[1.0, 1.0]"
images/dark/davids/medium/A/dark_davids_medium_A_3.jpg,2,True,False,27766883,"[1.0, 1.4142135623730951]"
images/dark/davids/medium/A/dark_davids_medium_A_4.jpg,0,True,False,17843961,[]
images/dark/davids/medium/B/dark_davids_medium_B_0.jpg,1,True,False,21749875,[2.0]
images/dark/davids/medium/B/dark_davids_medium_B_1.jpg,1,True,False,25430056,[1.0]
images/dark/davids/medium/B/dark_davids_medium_B_2.jpg,0,True,False,22098293,[]
images/dark/davids/medium/B/dark_davids_medium_B_3.jpg,1,True,False,24469115,[1.4142135623730951]
images/dark/davids/medium/B/dark_davids_medium_B_4.jpg,0,True,False,17405892,[]
images/dark/davids/medium/C/dark_davids_medium_C_0.jpg,0,True,False,24071286,[]
images/dark/davids/medium/C/dark_davids_medium_C_1.jpg,1,True,False,22515105,[0.0]
images/dark/davids/medium/C/dark_davids_medium_C_2.jpg,1,True,False,19263516,[0.0]
images/dark/davids/medium/C/dark_davids_medium_C_3.jpg,1,True,False,19156135,[0.0]
images/dark/davids/medium/C/dark_davids_medium_C_4.jpg,0,True,False,21802689,[]
images/dark/davids/medium/D/dark_davids_medium_D_0.jpg,1,True,False,20949075,[2.23606797749979]
images/dark/davids/medium/D/dark_davids_medium_D_1.jpg,1,True,False,20221236,[1.0]
images/dark/davids/medium/D/dark_davids_medium_D_2.jpg,2,True,False,27465596,"[1.0, 2.0]"
images/dark/davids/medium/D/dark_davids_medium_D_3.jpg,1,True,False,25001938,[1.0]
images/dark/davids/medium/D/dark_davids_medium_D_4.jpg,1,True,False,23137701,[1.4142135623730951]
images/dark/davids/short/A/dark_davids_short_A_0.jpg,2,True,False,26368030,"[1.0, 2.23606797749979]"
images/dark/davids/short/A/dark_davids_short_A_1.jpg,0,True,False,23090376,[]
images/dark/davids/short/A/dark_davids_short_A_2.jpg,2,True,False,24418614,"[2.23606797749979, 3.1622776601683795]"
images/dark/davids/short/A/dark_davids_short_A_3.jpg,5,True,False,32897374,"[1.4142135623730951, 2.0, 3.1622776601683795, 4.0, 435.4595273960601]"
images/dark/davids/short/A/dark_davids_short_A_4.jpg,0,True,False,20360864,[]
images/dark/davids/short/B/dark_davids_short_B_0.jpg,0,True,False,21823897,[]
images/dark/davids/short/B/dark_davids_short_B_1.jpg,2,False,False,23440279,"[1.0, 312.8146416010606]"
images/dark/davids/short/B/dark_davids_short_B_2.jpg,0,True,False,23685608,[]
images/dark/davids/short/B/dark_davids_short_B_3.jpg,0,True,False,19175739,[]
images/dark/davids/short/B/dark_davids_short_B_4.jpg,0,True,False,16638294,[]
images/dark/davids/short/C/dark_davids_short_C_0.jpg,0,True,False,17965741,[]
images/dark/davids/short/C/dark_davids_short_C_1.jpg,0,True,False,21498598,[]
images/dark/davids/short/C/dark_davids_short_C_2.jpg,0,True,False,14390568,[]
images/dark/davids/short/C/dark_davids_short_C_3.jpg,2,True,False,21889870,"[1.0, 2.0]"
images/dark/davids/short/C/dark_davids_short_C_4.jpg,2,True,False,22848257,"[1.0, 1.4142135623730951]"
images/dark/davids/short/D/dark_davids_short_D_0.jpg,0,True,False,17013313,[]
images/dark/davids/short/D/dark_davids_short_D_1.jpg,1,True,False,20890717,[3.605551275463989]
images/dark/davids/short/D/dark_davids_short_D_2.jpg,3,True,False,23251453,"[1.0, 1.0, 2.0]"
images/dark/davids/short/D/dark_davids_short_D_3.jpg,3,False,False,23464715,"[1.4142135623730951, 2.23606797749979, 282.0815484926301]"
images/dark/davids/short/D/dark_davids_short_D_4.jpg,0,True,False,13788088,[]
images/dark/jack_cole/high/A/dark_jack_cole_high_A_0.jpg,2,True,False,19176141,"[0.0, 1.4142135623730951]"
images/dark/jack_cole/high/A/dark_jack_cole_high_A_1.jpg,1,True,False,15513739,[1.0]
images/dark/jack_cole/high/A/dark_jack_cole_high_A_2.jpg,2,True,False,16362361,"[0.0, 1.0]"
images/dark/jack_cole/high/A/dark_jack_cole_high_A_3.jpg,4,True,True,17522200,"[0.0, 0.0, 1.0, 1.0]"
images/dark/jack_cole/high/A/dark_jack_cole_high_A_4.jpg,4,True,True,19854335,"[1.0, 1.4142135623730951, 1.4142135623730951, 2.23606797749979]"
images/dark/jack_cole/high/B/dark_jack_cole_high_B_0.jpg,0,True,False,18315479,[]
images/dark/jack_cole/high/B/dark_jack_cole_high_B_1.jpg,2,True,False,15950484,"[1.0, 2.23606797749979]"
images/dark/jack_cole/high/B/dark_jack_cole_high_B_2.jpg,3,True,False,16798403,"[1.0, 2.0, 2.23606797749979]"
images/dark/jack_cole/high/B/dark_jack_cole_high_B_3.jpg,3,True,False,15893296,"[1.0, 1.0, 3.0]"
images/dark/jack_cole/high/B/dark_jack_cole_high_B_4.jpg,3,True,False,16909423,"[1.0, 1.0, 1.4142135623730951]"
images/dark/jack_cole/high/C/dark_jack_cole_high_C_0.jpg,4,True,True,15053151,"[1.0, 1.4142135623730951, 2.0, 2.23606797749979]"
images/dark/jack_cole/high/C/dark_jack_cole_high_C_1.jpg,0,True,False,18122926,[]
images/dark/jack_cole/high/C/dark_jack_cole_high_C_2.jpg,0,True,False,19028976,[]
images/dark/jack_cole/high/C/dark_jack_cole_high_C_3.jpg,0,True,False,21723099,[]
images/dark/jack_cole/high/C/dark_jack_cole_high_C_4.jpg,0,True,False,20616731,[]
images/dark/jack_cole/high/D/dark_jack_cole_high_D_0.jpg,4,True,True,14759329,"[1.0, 1.4142135623730951, 2.0, 2.23606797749979]"
images/dark/jack_cole/high/D/dark_jack_cole_high_D_1.jpg,3,True,False,15518112,"[1.0, 1.4142135623730951, 2.0]"
images/dark/jack_cole/high/D/dark_jack_cole_high_D_2.jpg,3,True,False,16629615,"[1.0, 1.4142135623730951, 3.0]"
images/dark/jack_cole/high/D/dark_jack_cole_high_D_3.jpg,0,True,False,22504756,[]
images/dark/jack_cole/high/D/dark_jack_cole_high_D_4.jpg,2,True,False,18831917,"[2.0, 2.23606797749979]"
images/dark/jack_cole/medium/A/dark_jack_cole_medium_A_0.jpg,0,True,False,21993496,[]
images/dark/jack_cole/medium/A/dark_jack_cole_medium_A_1.jpg,0,True,False,16391443,[]
images/dark/jack_cole/medium/A/dark_jack_cole_medium_A_2.jpg,1,True,False,17275137,[1.4142135623730951]
images/dark/jack_cole/medium/A/dark_jack_cole_medium_A_3.jpg,3,True,False,16820755,"[0.0, 0.0, 2.23606797749979]"
images/dark/jack_cole/medium/A/dark_jack_cole_medium_A_4.jpg,2,True,False,16974761,"[1.4142135623730951, 2.0]"
images/dark/jack_cole/medium/B/dark_jack_cole_medium_B_0.jpg,2,True,False,16108922,"[1.4142135623730951, 2.23606797749979]"
images/dark/jack_cole/medium/B/dark_jack_cole_medium_B_1.jpg,3,True,False,17419807,"[1.0, 2.0, 2.23606797749979]"
images/dark/jack_cole/medium/B/dark_jack_cole_medium_B_2.jpg,2,True,False,17702159,"[1.0, 2.0]"
images/dark/jack_cole/medium/B/dark_jack_cole_medium_B_3.jpg,2,True,False,16409073,"[2.23606797749979, 2.8284271247461903]"
images/dark/jack_cole/medium/B/dark_jack_cole_medium_B_4.jpg,1,True,False,21542550,[2.0]
images/dark/jack_cole/medium/C/dark_jack_cole_medium_C_0.jpg,0,True,False,14047344,[]
images/dark/jack_cole/medium/C/dark_jack_cole_medium_C_1.jpg,0,True,False,16725676,[]
images/dark/jack_cole/medium/C/dark_jack_cole_medium_C_2.jpg,0,True,False,17019636,[]
images/dark/jack_cole/medium/C/dark_jack_cole_medium_C_3.jpg,1,True,False,19492560,[2.0]
images/dark/jack_cole/medium/C/dark_jack_cole_medium_C_4.jpg,1,True,False,19176485,[1.0]
images/dark/jack_cole/medium/D/dark_jack_cole_medium_D_0.jpg,2,True,False,17437001,"[1.0, 3.1622776601683795]"
images/dark/jack_cole/medium/D/dark_jack_cole_medium_D_1.jpg,0,True,False,18087434,[]
images/dark/jack_cole/medium/D/dark_jack_cole_medium_D_2.jpg,0,True,False,18816296,[]
images/dark/jack_cole/medium/D/dark_jack_cole_medium_D_3.jpg,0,True,False,15263916,[]
images/dark/jack_cole/medium/D/dark_jack_cole_medium_D_4.jpg,1,True,False,16399935,[1.0]
images/dark/jack_cole/short/A/dark_jack_cole_short_A_0.jpg,1,True,False,29145777,[0.0]
images/dark/jack_cole/short/A/dark_jack_cole_short_A_1.jpg,0,True,False,17038933,[]
images/dark/jack_cole/short/A/dark_jack_cole_short_A_2.jpg,0,True,False,13066404,[]
images/dark/jack_cole/short/A/dark_jack_cole_short_A_3.jpg,0,True,False,11868769,[]
images/dark/jack_cole/short/A/dark_jack_cole_short_A_4.jpg,0,True,False,12921874,[]
images/dark/jack_cole/short/B/dark_jack_cole_short_B_0.jpg,0,True,False,22632931,[]
images/dark/jack_cole/short/B/dark_jack_cole_short_B_1.jpg,0,True,False,17491421,[]
images/dark/jack_cole/short/B/dark_jack_cole_short_B_2.jpg,0,True,False,18795560,[]
images/dark/jack_cole/short/B/dark_jack_cole_short_B_3.jpg,4,True,True,18448357,"[1.0, 1.0, 1.0, 1.4142135623730951]"
images/dark/jack_cole/short/B/dark_jack_cole_short_B_4.jpg,0,True,False,17479200,[]
images/dark/jack_cole/short/C/dark_jack_cole_short_C_0.jpg,0,True,False,20134028,[]
images/dark/jack_cole/short/C/dark_jack_cole_short_C_1.jpg,1,True,False,16743570,[4.123105625617661]
images/dark/jack_cole/short/C/dark_jack_cole_short_C_2.jpg,1,True,False,20312024,[1.4142135623730951]
images/dark/jack_cole/short/C/dark_jack_cole_short_C_3.jpg,3,True,False,17479070,"[1.0, 1.0, 2.0]"
images/dark/jack_cole/short/C/dark_jack_cole_short_C_4.jpg,0,True,False,19676982,[]
images/dark/jack_cole/short/D/dark_jack_cole_short_D_0.jpg,0,True,False,25195190,[]
images/dark/jack_cole/short/D/dark_jack_cole_short_D_1.jpg,1,True,False,18202726,[2.8284271247461903]
images/dark/jack_cole/short/D/dark_jack_cole_short_D_2.jpg,2,True,False,22840487,"[1.0, 3.1622776601683795]"
images/dark/jack_cole/short/D/dark_jack_cole_short_D_3.jpg,3,True,False,21420811,"[1.0, 1.0, 2.23606797749979]"
images/dark/jack_cole/short/D/dark_jack_cole_short_D_4.jpg,2,True,False,23243947,"[2.23606797749979, 2.23606797749979]"
images/dark/john_honey/high/A/dark_john_honey_high_A_0.jpg,4,True,True,39160521,"[1.0, 1.0, 1.0, 2.23606797749979]"
images/dark/john_honey/high/A/dark_john_honey_high_A_1.jpg,4,True,True,39361196,"[1.4142135623730951, 1.4142135623730951, 1.4142135623730951, 2.23606797749979]"
images/dark/john_honey/high/A/dark_john_honey_high_A_2.jpg,4,True,True,38327461,"[0.0, 1.0, 2.0, 2.8284271247461903]"
images/dark/john_honey/high/A/dark_john_honey_high_A_3.jpg,4,True,True,33055831,"[1.0, 2.23606797749979, 2.23606797749979, 2.8284271247461903]"
images/dark/john_honey/high/A/dark_john_honey_high_A_4.jpg,4,True,True,40341536,"[0.0, 1.0, 1.0, 2.0]"
images/dark/john_honey/high/B/dark_john_honey_high_B_0.jpg,5,True,False,44793595,"[0.0, 1.0, 1.0, 1.0, 259.50915205441214]"
images/dark/john_honey/high/B/dark_john_honey_high_B_1.jpg,4,True,True,46304127,"[0.0, 1.0, 2.23606797749979, 2.8284271247461903]"
images/dark/john_honey/high/B/dark_john_honey_high_B_2.jpg,4,True,True,53771771,"[1.4142135623730951, 2.0, 2.23606797749979, 2.23606797749979]"
images/dark/john_honey/high/B/dark_john_honey_high_B_3.jpg,5,True,False,37479066,"[1.0, 1.4142135623730951, 2.23606797749979, 3.1622776601683795, 272.44265451650557]"
images/dark/john_honey/high/B/dark_john_honey_high_B_4.jpg,4,True,True,53316816,"[1.4142135623730951, 1.4142135623730951, 2.0, 3.1622776601683795]"
images/dark/john_honey/high/C/dark_john_honey_high_C_0.jpg,4,True,True,66810823,"[0.0, 1.0, 1.0, 1.4142135623730951]"
images/dark/john_honey/high/C/dark_john_honey_high_C_1.jpg,4,True,True,66571287,"[0.0, 1.0, 1.4142135623730951, 2.0]"
images/dark/john_honey/high/C/dark_john_honey_high_C_2.jpg,4,True,True,61594792,"[1.0, 1.4142135623730951, 2.8284271247461903, 3.1622776601683795]"
images/dark/john_honey/high/C/dark_john_honey_high_C_3.jpg,4,True,True,55953693,"[1.0, 1.0, 2.23606797749979, 2.23606797749979]"
images/dark/john_honey/high/C/dark_john_honey_high_C_4.jpg,4,True,True,59097799,"[1.0, 1.0, 1.4142135623730951, 1.4142135623730951]"
images/dark/john_honey/high/D/dark_john_honey_high_D_0.jpg,4,True,True,54039800,"[0.0, 1.0, 1.4142135623730951, 2.0]"
images/dark/john_honey/high/D/dark_john_honey_high_D_1.jpg,4,True,True,57322239,"[0.0, 2.0, 2.23606797749979, 2.8284271247461903]"
images/dark/john_honey/high/D/dark_john_honey_high_D_2.jpg,4,True,True,60378339,"[0.0, 2.23606797749979, 2.23606797749979, 2.23606797749979]"
images/dark/john_honey/high/D/dark_john_honey_high_D_3.jpg,4,True,True,46365869,"[1.0, 2.0, 2.23606797749979, 3.1622776601683795]"
images/dark/john_honey/high/D/dark_john_honey_high_D_4.jpg,4,True,True,56955273,"[1.0, 1.0, 1.0, 2.23606797749979]"
images/dark/john_honey/medium/A/dark_john_honey_medium_A_0.jpg,3,True,False,20925662,"[1.4142135623730951, 2.23606797749979, 2.8284271247461903]"
images/dark/john_honey/medium/A/dark_john_honey_medium_A_1.jpg,4,True,True,23866148,"[1.4142135623730951, 2.0, 2.0, 2.23606797749979]"
images/dark/john_honey/medium/A/dark_john_honey_medium_A_2.jpg,3,True,False,19714304,"[0.0, 1.0, 2.23606797749979]"
images/dark/john_honey/medium/A/dark_john_honey_medium_A_3.jpg,4,True,True,16421176,"[1.0, 1.0, 1.4142135623730951, 3.0]"
images/dark/john_honey/medium/A/dark_john_honey_medium_A_4.jpg,4,True,True,19195789,"[1.0, 1.0, 1.0, 1.4142135623730951]"
images/dark/john_honey/medium/B/dark_john_honey_medium_B_0.jpg,3,True,False,20583971,"[1.0, 2.0, 2.23606797749979]"
images/dark/john_honey/medium/B/dark_john_honey_medium_B_1.jpg,4,True,True,25087787,"[0.0, 1.0, 1.4142135623730951, 2.23606797749979]"
images/dark/john_honey/medium/B/dark_john_honey_medium_B_2.jpg,4,True,True,19603516,"[0.0, 1.0, 1.4142135623730951, 2.0]"
images/dark/john_honey/medium/B/dark_john_honey_medium_B_3.jpg,5,True,False,20572762,"[1.0, 1.0, 2.0, 2.23606797749979, 168.5852899869974]"
images/dark/john_honey/medium/B/dark_john_honey_medium_B_4.jpg,4,True,True,19994257,"[0.0, 0.0, 1.0, 2.0]"
images/dark/john_honey/medium/C/dark_john_honey_medium_C_0.jpg,4,True,True,24487203,"[1.0, 1.0, 1.0, 1.0]"
images/dark/john_honey/medium/C/dark_john_honey_medium_C_1.jpg,4,True,True,22216223,"[1.4142135623730951, 1.4142135623730951, 1.4142135623730951, 2.8284271247461903]"
images/dark/john_honey/medium/C/dark_john_honey_medium_C_2.jpg,4,True,True,20566583,"[1.0, 1.0, 2.23606797749979, 3.0]"
images/dark/john_honey/medium/C/dark_john_honey_medium_C_3.jpg,4,True,True,21036457,"[0.0, 1.0, 1.4142135623730951, 2.23606797749979]"
images/dark/john_honey/medium/C/dark_john_honey_medium_C_4.jpg,4,True,True,22503636,"[0.0, 2.23606797749979, 2.23606797749979, 2.23606797749979]"
images/dark/john_honey/medium/D/dark_john_honey_medium_D_0.jpg,4,True,True,19572967,"[0.0, 1.0, 2.0, 2.23606797749979]"
images/dark/john_honey/medium/D/dark_john_honey_medium_D_1.jpg,4,True,True,20895918,"[0.0, 1.0, 1.0, 1.4142135623730951]"
images/dark/john_honey/medium/D/dark_john_honey_medium_D_2.jpg,4,True,True,21337015,"[0.0, 1.0, 1.4142135623730951, 2.0]"
images/dark/john_honey/medium/D/dark_john_honey_medium_D_3.jpg,4,True,True,21464935,"[1.4142135623730951, 2.0, 2.23606797749979, 2.23606797749979]"
images/dark/john_honey/medium/D/dark_john_honey_medium_D_4.jpg,4,True,True,21571372,"[1.0, 2.0, 2.23606797749979, 2.23606797749979]"
images/dark/john_honey/short/A/dark_john_honey_short_A_0.jpg,4,True,True,17006243,"[1.4142135623730951, 1.4142135623730951, 2.0, 2.23606797749979]"
images/dark/john_honey/short/A/dark_john_honey_short_A_1.jpg,4,True,True,19135715,"[0.0, 1.0, 1.4142135623730951, 3.605551275463989]"
images/dark/john_honey/short/A/dark_john_honey_short_A_2.jpg,4,True,True,18945899,"[0.0, 1.0, 1.0, 1.4142135623730951]"
images/dark/john_honey/short/A/dark_john_honey_short_A_3.jpg,3,True,False,16283500,"[0.0, 2.23606797749979, 3.0]"
images/dark/john_honey/short/A/dark_john_honey_short_A_4.jpg,3,True,False,15945634,"[1.0, 1.4142135623730951, 2.23606797749979]"
images/dark/john_honey/short/B/dark_john_honey_short_B_0.jpg,3,True,False,18478392,"[0.0, 1.0, 1.4142135623730951]"
images/dark/john_honey/short/B/dark_john_honey_short_B_1.jpg,4,True,True,17747821,"[1.4142135623730951, 1.4142135623730951, 2.23606797749979, 2.23606797749979]"
images/dark/john_honey/short/B/dark_john_honey_short_B_2.jpg,3,True,False,16213467,"[1.0, 1.4142135623730951, 2.23606797749979]"
images/dark/john_honey/short/B/dark_john_honey_short_B_3.jpg,3,True,False,18016374,"[1.0, 2.23606797749979, 3.0]"
images/dark/john_honey/short/B/dark_john_honey_short_B_4.jpg,2,True,False,16357037,"[1.0, 1.0]"
images/dark/john_honey/short/C/dark_john_honey_short_C_0.jpg,2,True,False,16802431,"[1.0, 2.23606797749979]"
images/dark/john_honey/short/C/dark_john_honey_short_C_1.jpg,2,True,False,16447630,"[0.0, 1.0]"
images/dark/john_honey/short/C/dark_john_honey_short_C_2.jpg,3,True,False,16048448,"[1.0, 1.4142135623730951, 2.23606797749979]"
images/dark/john_honey/short/C/dark_john_honey_short_C_3.jpg,2,True,False,20093374,"[1.4142135623730951, 2.23606797749979]"
images/dark/john_honey/short/C/dark_john_honey_short_C_4.jpg,3,True,False,19725732,"[1.0, 2.8284271247461903, 4.0]"
images/dark/john_honey/short/D/dark_john_honey_short_D_0.jpg,3,True,False,19576246,"[0.0, 1.0, 2.0]"
images/dark/john_honey/short/D/dark_john_honey_short_D_1.jpg,4,True,True,21288902,"[0.0, 0.0, 1.4142135623730951, 2.23606797749979]"
images/dark/john_honey/short/D/dark_john_honey_short_D_2.jpg,2,True,False,18824545,"[0.0, 2.0]"
images/dark/john_honey/short/D/dark_john_honey_short_D_3.jpg,3,True,False,17186030,"[1.0, 1.0, 2.0]"
images/dark/john_honey/short/D/dark_john_honey_short_D_4.jpg,1,True,False,16408261,[1.0]
images/dark/michaels/high/A/dark_michaels_high_A_0.jpg,3,True,False,18785599,"[1.0, 1.4142135623730951, 3.1622776601683795]"
images/dark/michaels/high/A/dark_michaels_high_A_1.jpg,4,True,True,20776282,"[0.0, 1.4142135623730951, 2.0, 2.23606797749979]"
images/dark/michaels/high/A/dark_michaels_high_A_2.jpg,2,True,False,21831941,"[0.0, 1.0]"
images/dark/michaels/high/A/dark_michaels_high_A_3.jpg,4,True,True,20618175,"[1.0, 1.4142135623730951, 2.0, 2.0]"
images/dark/michaels/high/A/dark_michaels_high_A_4.jpg,2,True,False,18975846,"[1.0, 1.0]"
images/dark/michaels/high/B/dark_michaels_high_B_0.jpg,3,True,False,20700049,"[1.0, 2.23606797749979, 3.1622776601683795]"
images/dark/michaels/high/B/dark_michaels_high_B_1.jpg,2,True,False,25058655,"[1.0, 2.23606797749979]"
images/dark/michaels/high/B/dark_michaels_high_B_2.jpg,2,True,False,20489025,"[2.0, 2.23606797749979]"
images/dark/michaels/high/B/dark_michaels_high_B_3.jpg,3,True,False,21378324,"[1.0, 1.0, 2.23606797749979]"
images/dark/michaels/high/B/dark_michaels_high_B_4.jpg,3,True,False,18324544,"[0.0, 2.0, 2.23606797749979]"
images/dark/michaels/high/C/dark_michaels_high_C_0.jpg,3,True,False,17620021,"[0.0, 1.0, 2.0]"
images/dark/michaels/high/C/dark_michaels_high_C_1.jpg,1,True,False,17973829,[2.23606797749979]
images/dark/michaels/high/C/dark_michaels_high_C_2.jpg,4,True,True,21828506,"[1.0, 1.4142135623730951, 2.0, 2.23606797749979]"
images/dark/michaels/high/C/dark_michaels_high_C_3.jpg,4,True,True,18462384,"[1.0, 1.0, 1.4142135623730951, 2.0]"
images/dark/michaels/high/C/dark_michaels_high_C_4.jpg,2,True,False,16495333,"[0.0, 2.0]"
images/dark/michaels/high/D/dark_michaels_high_D_0.jpg,4,True,True,22447386,"[1.0, 1.0, 1.4142135623730951, 3.1622776601683795]"
images/dark/michaels/high/D/dark_michaels_high_D_1.jpg,4,True,True,22779619,"[1.0, 1.4142135623730951, 2.0, 2.23606797749979]"
images/dark/michaels/high/D/dark_michaels_high_D_2.jpg,4,True,True,26259512,"[0.0, 1.4142135623730951, 2.23606797749979, 3.0]"
images/dark/michaels/high/D/dark_michaels_high_D_3.jpg,4,True,True,20406158,"[2.0, 2.23606797749979, 2.23606797749979, 2.8284271247461903]"
images/dark/michaels/high/D/dark_michaels_high_D_4.jpg,2,True,False,17124334,"[1.0, 1.4142135623730951]"
images/dark/michaels/medium/A/dark_michaels_medium_A_0.jpg,4,True,True,27525130,"[0.0, 0.0, 1.0, 2.23606797749979]"
images/dark/michaels/medium/A/dark_michaels_medium_A_1.jpg,4,True,True,27277567,"[1.4142135623730951, 1.4142135623730951, 2.0, 2.23606797749979]"
images/dark/michaels/medium/A/dark_michaels_medium_A_2.jpg,4,True,True,27893211,"[1.0, 2.0, 3.0, 3.1622776601683795]"
images/dark/michaels/medium/A/dark_michaels_medium_A_3.jpg,4,True,True,25329829,"[0.0, 1.4142135623730951, 2.23606797749979, 2.23606797749979]"
images/dark/michaels/medium/A/dark_michaels_medium_A_4.jpg,1,True,False,18231917,[2.23606797749979]
images/dark/michaels/medium/B/dark_michaels_medium_B_0.jpg,4,True,True,21462399,"[0.0, 1.0, 1.4142135623730951, 2.23606797749979]"
images/dark/michaels/medium/B/dark_michaels_medium_B_1.jpg,4,True,True,16913613,"[0.0, 1.0, 1.0, 2.23606797749979]"
images/dark/michaels/medium/B/dark_michaels_medium_B_2.jpg,4,True,True,21940668,"[1.0, 2.23606797749979, 2.8284271247461903, 2.8284271247461903]"
images/dark/michaels/medium/B/dark_michaels_medium_B_3.jpg,4,True,True,28869341,"[1.0, 1.0, 1.0, 2.23606797749979]"
images/dark/michaels/medium/B/dark_michaels_medium_B_4.jpg,3,True,False,19085390,"[1.0, 1.4142135623730951, 2.0]"
images/dark/michaels/medium/C/dark_michaels_medium_C_0.jpg,2,True,False,26880229,"[0.0, 1.0]"
images/dark/michaels/medium/C/dark_michaels_medium_C_1.jpg,1,True,False,21999621,[0.0]
images/dark/michaels/medium/C/dark_michaels_medium_C_2.jpg,4,True,True,24253109,"[0.0, 1.0, 1.4142135623730951, 2.23606797749979]"
images/dark/michaels/medium/C/dark_michaels_medium_C_3.jpg,4,True,True,23924106,"[1.0, 1.4142135623730951, 1.4142135623730951, 2.0]"
images/dark/michaels/medium/C/dark_michaels_medium_C_4.jpg,4,True,True,18124870,"[1.0, 1.4142135623730951, 2.0, 2.0]"
images/dark/michaels/medium/D/dark_michaels_medium_D_0.jpg,4,True,True,21840278,"[2.0, 2.23606797749979, 2.23606797749979, 2.8284271247461903]"
images/dark/michaels/medium/D/dark_michaels_medium_D_1.jpg,3,True,False,23669585,"[1.0, 1.4142135623730951, 3.1622776601683795]"
images/dark/michaels/medium/D/dark_michaels_medium_D_2.jpg,2,True,False,22410918,"[1.0, 1.0]"
images/dark/michaels/medium/D/dark_michaels_medium_D_3.jpg,2,True,False,21894418,"[1.4142135623730951, 2.0]"
images/dark/michaels/medium/D/dark_michaels_medium_D_4.jpg,2,True,False,19733688,"[0.0, 1.0]"
images/dark/michaels/short/A/dark_michaels_short_A_0.jpg,2,True,False,25283582,"[1.0, 2.8284271247461903]"
images/dark/michaels/short/A/dark_michaels_short_A_1.jpg,2,True,False,18059348,"[1.0, 2.23606797749979]"
images/dark/michaels/short/A/dark_michaels_short_A_2.jpg,0,True,False,20206235,[]
images/dark/michaels/short/A/dark_michaels_short_A_3.jpg,2,True,False,20342752,"[3.1622776601683795, 3.1622776601683795]"
images/dark/michaels/short/A/dark_michaels_short_A_4.jpg,1,True,False,18122597,[2.8284271247461903]
images/dark/michaels/short/B/dark_michaels_short_B_0.jpg,3,True,False,25846751,"[2.23606797749979, 3.1622776601683795, 4.242640687119285]"
images/dark/michaels/short/B/dark_michaels_short_B_1.jpg,1,True,False,25138515,[1.4142135623730951]
images/dark/michaels/short/B/dark_michaels_short_B_2.jpg,3,True,False,24262259,"[1.4142135623730951, 1.4142135623730951, 1.4142135623730951]"
images/dark/michaels/short/B/dark_michaels_short_B_3.jpg,2,True,False,23650885,"[1.4142135623730951, 3.1622776601683795]"
images/dark/michaels/short/B/dark_michaels_short_B_4.jpg,2,True,False,20436907,"[0.0, 2.0]"
images/dark/michaels/short/C/dark_michaels_short_C_0.jpg,1,True,False,19652915,[3.0]
images/dark/michaels/short/C/dark_michaels_short_C_1.jpg,0,True,False,16099532,[]
images/dark/michaels/short/C/dark_michaels_short_C_2.jpg,1,True,False,19340611,[2.0]
images/dark/michaels/short/C/dark_michaels_short_C_3.jpg,3,True,False,20939850,"[0.0, 1.0, 1.4142135623730951]"
images/dark/michaels/short/C/dark_michaels_short_C_4.jpg,1,True,False,19003788,[1.0]
images/dark/michaels/short/D/dark_michaels_short_D_0.jpg,0,True,False,14968904,[]
images/dark/michaels/short/D/dark_michaels_short_D_1.jpg,3,True,False,26600642,"[1.4142135623730951, 2.23606797749979, 3.1622776601683795]"
images/dark/michaels/short/D/dark_michaels_short_D_2.jpg,3,True,False,26027702,"[1.0, 1.4142135623730951, 2.0]"
images/dark/michaels/short/D/dark_michaels_short_D_3.jpg,2,True,False,25576325,"[2.23606797749979, 3.1622776601683795]"
images/dark/michaels/short/D/dark_michaels_short_D_4.jpg,1,True,False,18307051,[1.4142135623730951]
