,palette,loc,height,set,blobCount,closeEnough,count4,closeCount4,time,compareArr,points,path
0,custom,davids,high,A,1,True,False,False,57657829,['1.0'],[1.0],custom_davids_high_A_0.jpg
1,custom,davids,high,A,3,True,False,False,42419351,"['1.0', ' 1.0', ' 2.23606797749979']","[1.0, 1.0, 2.23606797749979]",custom_davids_high_A_1.jpg
2,custom,davids,high,A,1,True,False,False,51081760,['1.0'],[1.0],custom_davids_high_A_2.jpg
3,custom,davids,high,A,1,True,False,False,58368733,['2.0'],[2.0],custom_davids_high_A_3.jpg
4,custom,davids,high,A,1,True,False,False,50201811,['1.0'],[1.0],custom_davids_high_A_4.jpg
5,custom,davids,high,B,1,True,False,False,42431223,['1.4142135623730951'],[1.4142135623730951],custom_davids_high_B_0.jpg
6,custom,davids,high,B,0,False,False,False,56737900,[''],[],custom_davids_high_B_1.jpg
7,custom,davids,high,B,1,True,False,False,48311368,['0.0'],[0.0],custom_davids_high_B_2.jpg
8,custom,davids,high,B,1,True,False,False,50456642,['1.4142135623730951'],[1.4142135623730951],custom_davids_high_B_3.jpg
9,custom,davids,high,B,0,False,False,False,43595249,[''],[],custom_davids_high_B_4.jpg
10,custom,davids,high,C,0,False,False,False,39997968,[''],[],custom_davids_high_C_0.jpg
11,custom,davids,high,C,0,False,False,False,54729276,[''],[],custom_davids_high_C_1.jpg
12,custom,davids,high,C,0,False,False,False,51289855,[''],[],custom_davids_high_C_2.jpg
13,custom,davids,high,C,2,True,False,False,39799187,"['1.0', ' 1.0']","[1.0, 1.0]",custom_davids_high_C_3.jpg
14,custom,davids,high,C,1,True,False,False,37823563,['2.0'],[2.0],custom_davids_high_C_4.jpg
15,custom,davids,high,D,4,True,True,True,38321351,"['1.4142135623730951', ' 1.4142135623730951', ' 1.4142135623730951', ' 2.23606797749979']","[1.4142135623730951, 1.4142135623730951, 1.4142135623730951, 2.23606797749979]",custom_davids_high_D_0.jpg
16,custom,davids,high,D,2,True,False,False,51158440,"['1.0', ' 1.4142135623730951']","[1.0, 1.4142135623730951]",custom_davids_high_D_1.jpg
17,custom,davids,high,D,1,True,False,False,51928923,['1.4142135623730951'],[1.4142135623730951],custom_davids_high_D_2.jpg
18,custom,davids,high,D,3,True,False,False,47589537,"['0.0', ' 1.0', ' 1.0']","[0.0, 1.0, 1.0]",custom_davids_high_D_3.jpg
19,custom,davids,high,D,0,False,False,False,47441938,[''],[],custom_davids_high_D_4.jpg
20,custom,davids,medium,A,0,False,False,False,37752164,[''],[],custom_davids_medium_A_0.jpg
21,custom,davids,medium,A,0,False,False,False,37653254,[''],[],custom_davids_medium_A_1.jpg
22,custom,davids,medium,A,2,True,False,False,32161199,"['1.4142135623730951', ' 1.4142135623730951']","[1.4142135623730951, 1.4142135623730951]",custom_davids_medium_A_2.jpg
23,custom,davids,medium,A,0,False,False,False,40080501,[''],[],custom_davids_medium_A_3.jpg
24,custom,davids,medium,A,0,False,False,False,35676989,[''],[],custom_davids_medium_A_4.jpg
25,custom,davids,medium,B,2,True,False,False,41242361,"['0.0', ' 0.0']","[0.0, 0.0]",custom_davids_medium_B_0.jpg
26,custom,davids,medium,B,0,False,False,False,54043121,[''],[],custom_davids_medium_B_1.jpg
27,custom,davids,medium,B,1,True,False,False,48670795,['1.0'],[1.0],custom_davids_medium_B_2.jpg
28,custom,davids,medium,B,1,True,False,False,43583177,['0.0'],[0.0],custom_davids_medium_B_3.jpg
29,custom,davids,medium,B,0,False,False,False,37440349,[''],[],custom_davids_medium_B_4.jpg
30,custom,davids,medium,C,0,False,False,False,45517813,[''],[],custom_davids_medium_C_0.jpg
31,custom,davids,medium,C,0,False,False,False,31417901,[''],[],custom_davids_medium_C_1.jpg
32,custom,davids,medium,C,2,True,False,False,35900595,"['0.0', ' 1.0']","[0.0, 1.0]",custom_davids_medium_C_2.jpg
33,custom,davids,medium,C,1,True,False,False,47354580,['1.4142135623730951'],[1.4142135623730951],custom_davids_medium_C_3.jpg
34,custom,davids,medium,C,0,False,False,False,31080363,[''],[],custom_davids_medium_C_4.jpg
35,custom,davids,medium,D,1,True,False,False,34937339,['1.4142135623730951'],[1.4142135623730951],custom_davids_medium_D_0.jpg
36,custom,davids,medium,D,2,True,False,False,37448740,"['1.0', ' 2.23606797749979']","[1.0, 2.23606797749979]",custom_davids_medium_D_1.jpg
37,custom,davids,medium,D,3,True,False,False,31552716,"['0.0', ' 1.0', ' 3.0']","[0.0, 1.0, 3.0]",custom_davids_medium_D_2.jpg
38,custom,davids,medium,D,3,True,False,False,50415941,"['1.0', ' 1.0', ' 2.23606797749979']","[1.0, 1.0, 2.23606797749979]",custom_davids_medium_D_3.jpg
39,custom,davids,medium,D,1,True,False,False,37713128,['1.0'],[1.0],custom_davids_medium_D_4.jpg
40,custom,davids,short,A,1,True,False,False,37760324,['1.0'],[1.0],custom_davids_short_A_0.jpg
41,custom,davids,short,A,0,False,False,False,33687258,[''],[],custom_davids_short_A_1.jpg
42,custom,davids,short,A,1,True,False,False,36129696,['3.1622776601683795'],[3.1622776601683795],custom_davids_short_A_2.jpg
43,custom,davids,short,A,0,False,False,False,37445041,[''],[],custom_davids_short_A_3.jpg
44,custom,davids,short,A,1,True,False,False,31858272,['2.8284271247461903'],[2.8284271247461903],custom_davids_short_A_4.jpg
45,custom,davids,short,B,2,False,False,False,45014960,"['1.4142135623730951', ' 334.43235489408016']","[1.4142135623730951, 334.43235489408016]",custom_davids_short_B_0.jpg
46,custom,davids,short,B,1,True,False,False,48292904,['0.0'],[0.0],custom_davids_short_B_1.jpg
47,custom,davids,short,B,2,True,False,False,47620520,"['1.0', ' 2.23606797749979']","[1.0, 2.23606797749979]",custom_davids_short_B_2.jpg
48,custom,davids,short,B,2,True,False,False,32902944,"['1.0', ' 2.0']","[1.0, 2.0]",custom_davids_short_B_3.jpg
49,custom,davids,short,B,2,True,False,False,28182423,"['1.0', ' 2.0']","[1.0, 2.0]",custom_davids_short_B_4.jpg
50,custom,davids,short,C,1,True,False,False,32856648,['1.0'],[1.0],custom_davids_short_C_0.jpg
51,custom,davids,short,C,1,True,False,False,49967969,['2.0'],[2.0],custom_davids_short_C_1.jpg
52,custom,davids,short,C,0,False,False,False,30291144,[''],[],custom_davids_short_C_2.jpg
53,custom,davids,short,C,1,True,False,False,43432875,['1.4142135623730951'],[1.4142135623730951],custom_davids_short_C_3.jpg
54,custom,davids,short,C,1,True,False,False,35111082,['0.0'],[0.0],custom_davids_short_C_4.jpg
55,custom,davids,short,D,0,False,False,False,50996471,[''],[],custom_davids_short_D_0.jpg
56,custom,davids,short,D,0,False,False,False,43992353,[''],[],custom_davids_short_D_1.jpg
57,custom,davids,short,D,0,False,False,False,57046740,[''],[],custom_davids_short_D_2.jpg
58,custom,davids,short,D,2,False,False,False,53109507,"['0.0', ' 351.0056979594491']","[0.0, 351.0056979594491]",custom_davids_short_D_3.jpg
59,custom,davids,short,D,1,True,False,False,25902607,['1.0'],[1.0],custom_davids_short_D_4.jpg
60,custom,jack_cole,high,A,0,False,False,False,27806458,[''],[],custom_jack_cole_high_A_0.jpg
61,custom,jack_cole,high,A,1,True,False,False,33458346,['1.0'],[1.0],custom_jack_cole_high_A_1.jpg
62,custom,jack_cole,high,A,1,True,False,False,28353943,['2.23606797749979'],[2.23606797749979],custom_jack_cole_high_A_2.jpg
63,custom,jack_cole,high,A,2,True,False,False,28049884,"['1.0', ' 1.0']","[1.0, 1.0]",custom_jack_cole_high_A_3.jpg
64,custom,jack_cole,high,A,0,False,False,False,32257661,[''],[],custom_jack_cole_high_A_4.jpg
65,custom,jack_cole,high,B,2,True,False,False,27486866,"['1.0', ' 1.0']","[1.0, 1.0]",custom_jack_cole_high_B_0.jpg
66,custom,jack_cole,high,B,2,True,False,False,34284918,"['1.4142135623730951', ' 1.4142135623730951']","[1.4142135623730951, 1.4142135623730951]",custom_jack_cole_high_B_1.jpg
67,custom,jack_cole,high,B,1,True,False,False,36676409,['1.0'],[1.0],custom_jack_cole_high_B_2.jpg
68,custom,jack_cole,high,B,3,True,False,False,44295824,"['0.0', ' 1.0', ' 1.4142135623730951']","[0.0, 1.0, 1.4142135623730951]",custom_jack_cole_high_B_3.jpg
69,custom,jack_cole,high,B,4,True,True,True,24762448,"['0.0', ' 1.0', ' 1.0', ' 1.0']","[0.0, 1.0, 1.0, 1.0]",custom_jack_cole_high_B_4.jpg
70,custom,jack_cole,high,C,1,True,False,False,28535014,['3.0'],[3.0],custom_jack_cole_high_C_0.jpg
71,custom,jack_cole,high,C,0,False,False,False,25254776,[''],[],custom_jack_cole_high_C_1.jpg
72,custom,jack_cole,high,C,0,False,False,False,41261084,[''],[],custom_jack_cole_high_C_2.jpg
73,custom,jack_cole,high,C,0,False,False,False,31053445,[''],[],custom_jack_cole_high_C_3.jpg
74,custom,jack_cole,high,C,1,True,False,False,24447945,['1.4142135623730951'],[1.4142135623730951],custom_jack_cole_high_C_4.jpg
75,custom,jack_cole,high,D,2,True,False,False,28475371,"['1.4142135623730951', ' 2.23606797749979']","[1.4142135623730951, 2.23606797749979]",custom_jack_cole_high_D_0.jpg
76,custom,jack_cole,high,D,1,True,False,False,25458161,['1.0'],[1.0],custom_jack_cole_high_D_1.jpg
77,custom,jack_cole,high,D,0,False,False,False,31739558,[''],[],custom_jack_cole_high_D_2.jpg
78,custom,jack_cole,high,D,1,True,False,False,37516063,['1.0'],[1.0],custom_jack_cole_high_D_3.jpg
79,custom,jack_cole,high,D,0,False,False,False,25701941,[''],[],custom_jack_cole_high_D_4.jpg
80,custom,jack_cole,medium,A,1,True,False,False,25068706,['1.0'],[1.0],custom_jack_cole_medium_A_0.jpg
81,custom,jack_cole,medium,A,2,True,False,False,26014936,"['1.0', ' 3.0']","[1.0, 3.0]",custom_jack_cole_medium_A_1.jpg
82,custom,jack_cole,medium,A,2,True,False,False,24187695,"['1.0', ' 1.0']","[1.0, 1.0]",custom_jack_cole_medium_A_2.jpg
83,custom,jack_cole,medium,A,1,True,False,False,41053922,['0.0'],[0.0],custom_jack_cole_medium_A_3.jpg
84,custom,jack_cole,medium,A,2,True,False,False,26931316,"['1.0', ' 2.0']","[1.0, 2.0]",custom_jack_cole_medium_A_4.jpg
85,custom,jack_cole,medium,B,1,True,False,False,26496672,['1.0'],[1.0],custom_jack_cole_medium_B_0.jpg
86,custom,jack_cole,medium,B,0,False,False,False,28514425,[''],[],custom_jack_cole_medium_B_1.jpg
87,custom,jack_cole,medium,B,1,True,False,False,26221865,['2.23606797749979'],[2.23606797749979],custom_jack_cole_medium_B_2.jpg
88,custom,jack_cole,medium,B,2,True,False,False,31664063,"['2.0', ' 3.0']","[2.0, 3.0]",custom_jack_cole_medium_B_3.jpg
89,custom,jack_cole,medium,B,1,True,False,False,30883268,['2.23606797749979'],[2.23606797749979],custom_jack_cole_medium_B_4.jpg
90,custom,jack_cole,medium,C,0,False,False,False,25464453,[''],[],custom_jack_cole_medium_C_0.jpg
91,custom,jack_cole,medium,C,0,False,False,False,30885793,[''],[],custom_jack_cole_medium_C_1.jpg
92,custom,jack_cole,medium,C,1,True,False,False,42359101,['2.0'],[2.0],custom_jack_cole_medium_C_2.jpg
93,custom,jack_cole,medium,C,0,False,False,False,38929282,[''],[],custom_jack_cole_medium_C_3.jpg
94,custom,jack_cole,medium,C,1,True,False,False,27095421,['2.23606797749979'],[2.23606797749979],custom_jack_cole_medium_C_4.jpg
95,custom,jack_cole,medium,D,2,True,False,False,27610206,"['2.0', ' 2.0']","[2.0, 2.0]",custom_jack_cole_medium_D_0.jpg
96,custom,jack_cole,medium,D,0,False,False,False,39131127,[''],[],custom_jack_cole_medium_D_1.jpg
97,custom,jack_cole,medium,D,0,False,False,False,32275565,[''],[],custom_jack_cole_medium_D_2.jpg
98,custom,jack_cole,medium,D,1,True,False,False,40860249,['1.4142135623730951'],[1.4142135623730951],custom_jack_cole_medium_D_3.jpg
99,custom,jack_cole,medium,D,0,False,False,False,26416359,[''],[],custom_jack_cole_medium_D_4.jpg
100,custom,jack_cole,short,A,0,False,False,False,27439744,[''],[],custom_jack_cole_short_A_0.jpg
101,custom,jack_cole,short,A,1,True,False,False,27703386,['3.0'],[3.0],custom_jack_cole_short_A_1.jpg
102,custom,jack_cole,short,A,2,True,False,False,29799685,"['1.0', ' 1.4142135623730951']","[1.0, 1.4142135623730951]",custom_jack_cole_short_A_2.jpg
103,custom,jack_cole,short,A,2,True,False,False,35878175,"['2.8284271247461903', ' 3.1622776601683795']","[2.8284271247461903, 3.1622776601683795]",custom_jack_cole_short_A_3.jpg
104,custom,jack_cole,short,A,1,True,False,False,26260247,['3.605551275463989'],[3.605551275463989],custom_jack_cole_short_A_4.jpg
105,custom,jack_cole,short,B,1,True,False,False,29731033,['2.0'],[2.0],custom_jack_cole_short_B_0.jpg
106,custom,jack_cole,short,B,1,True,False,False,32474510,['2.0'],[2.0],custom_jack_cole_short_B_1.jpg
107,custom,jack_cole,short,B,1,True,False,False,36228501,['1.0'],[1.0],custom_jack_cole_short_B_2.jpg
108,custom,jack_cole,short,B,1,True,False,False,29059856,['2.0'],[2.0],custom_jack_cole_short_B_3.jpg
109,custom,jack_cole,short,B,2,True,False,False,25798021,"['0.0', ' 1.4142135623730951']","[0.0, 1.4142135623730951]",custom_jack_cole_short_B_4.jpg
110,custom,jack_cole,short,C,1,True,False,False,29049614,['1.0'],[1.0],custom_jack_cole_short_C_0.jpg
111,custom,jack_cole,short,C,1,True,False,False,28560321,['3.0'],[3.0],custom_jack_cole_short_C_1.jpg
112,custom,jack_cole,short,C,1,True,False,False,28888908,['1.0'],[1.0],custom_jack_cole_short_C_2.jpg
113,custom,jack_cole,short,C,1,True,False,False,27632581,['2.23606797749979'],[2.23606797749979],custom_jack_cole_short_C_3.jpg
114,custom,jack_cole,short,C,0,False,False,False,26207419,[''],[],custom_jack_cole_short_C_4.jpg
115,custom,jack_cole,short,D,2,True,False,False,29426695,"['0.0', ' 2.23606797749979']","[0.0, 2.23606797749979]",custom_jack_cole_short_D_0.jpg
116,custom,jack_cole,short,D,0,False,False,False,23264592,[''],[],custom_jack_cole_short_D_1.jpg
117,custom,jack_cole,short,D,2,True,False,False,30628879,"['1.0', ' 1.0']","[1.0, 1.0]",custom_jack_cole_short_D_2.jpg
118,custom,jack_cole,short,D,2,True,False,False,32265139,"['2.23606797749979', ' 2.23606797749979']","[2.23606797749979, 2.23606797749979]",custom_jack_cole_short_D_3.jpg
119,custom,jack_cole,short,D,0,False,False,False,24616428,[''],[],custom_jack_cole_short_D_4.jpg
120,custom,john_honey,high,A,1,True,False,False,38426172,['1.0'],[1.0],custom_john_honey_high_A_0.jpg
121,custom,john_honey,high,A,0,False,False,False,43901863,[''],[],custom_john_honey_high_A_1.jpg
122,custom,john_honey,high,A,1,True,False,False,42981183,['1.4142135623730951'],[1.4142135623730951],custom_john_honey_high_A_2.jpg
123,custom,john_honey,high,A,1,True,False,False,49048902,['2.23606797749979'],[2.23606797749979],custom_john_honey_high_A_3.jpg
124,custom,john_honey,high,A,1,True,False,False,41338126,['1.4142135623730951'],[1.4142135623730951],custom_john_honey_high_A_4.jpg
125,custom,john_honey,high,B,2,True,False,False,43860841,"['1.0', ' 2.0']","[1.0, 2.0]",custom_john_honey_high_B_0.jpg
126,custom,john_honey,high,B,1,True,False,False,45952861,['1.4142135623730951'],[1.4142135623730951],custom_john_honey_high_B_1.jpg
127,custom,john_honey,high,B,0,False,False,False,42089673,[''],[],custom_john_honey_high_B_2.jpg
128,custom,john_honey,high,B,1,True,False,False,42666306,['2.0'],[2.0],custom_john_honey_high_B_3.jpg
129,custom,john_honey,high,B,1,True,False,False,44028890,['1.4142135623730951'],[1.4142135623730951],custom_john_honey_high_B_4.jpg
130,custom,john_honey,high,C,2,True,False,False,40984940,"['1.0', ' 1.4142135623730951']","[1.0, 1.4142135623730951]",custom_john_honey_high_C_0.jpg
131,custom,john_honey,high,C,0,False,False,False,41089566,[''],[],custom_john_honey_high_C_1.jpg
132,custom,john_honey,high,C,0,False,False,False,47882792,[''],[],custom_john_honey_high_C_2.jpg
133,custom,john_honey,high,C,0,False,False,False,42097199,[''],[],custom_john_honey_high_C_3.jpg
134,custom,john_honey,high,C,1,True,False,False,38219044,['1.4142135623730951'],[1.4142135623730951],custom_john_honey_high_C_4.jpg
135,custom,john_honey,high,D,0,False,False,False,44849497,[''],[],custom_john_honey_high_D_0.jpg
136,custom,john_honey,high,D,1,True,False,False,40883531,['2.23606797749979'],[2.23606797749979],custom_john_honey_high_D_1.jpg
137,custom,john_honey,high,D,1,True,False,False,41405000,['0.0'],[0.0],custom_john_honey_high_D_2.jpg
138,custom,john_honey,high,D,0,False,False,False,44413104,[''],[],custom_john_honey_high_D_3.jpg
139,custom,john_honey,high,D,2,True,False,False,44807981,"['1.0', ' 1.0']","[1.0, 1.0]",custom_john_honey_high_D_4.jpg
140,custom,john_honey,medium,A,0,False,False,False,43007292,[''],[],custom_john_honey_medium_A_0.jpg
141,custom,john_honey,medium,A,2,True,False,False,48823293,"['1.0', ' 1.4142135623730951']","[1.0, 1.4142135623730951]",custom_john_honey_medium_A_1.jpg
142,custom,john_honey,medium,A,1,True,False,False,46805759,['1.0'],[1.0],custom_john_honey_medium_A_2.jpg
143,custom,john_honey,medium,A,1,True,False,False,42426332,['2.0'],[2.0],custom_john_honey_medium_A_3.jpg
144,custom,john_honey,medium,A,1,True,False,False,49995136,['1.4142135623730951'],[1.4142135623730951],custom_john_honey_medium_A_4.jpg
145,custom,john_honey,medium,B,0,False,False,False,47073816,[''],[],custom_john_honey_medium_B_0.jpg
146,custom,john_honey,medium,B,0,False,False,False,52697117,[''],[],custom_john_honey_medium_B_1.jpg
147,custom,john_honey,medium,B,1,True,False,False,47727335,['0.0'],[0.0],custom_john_honey_medium_B_2.jpg
148,custom,john_honey,medium,B,1,True,False,False,45558993,['2.0'],[2.0],custom_john_honey_medium_B_3.jpg
149,custom,john_honey,medium,B,2,True,False,False,51501456,"['1.0', ' 2.23606797749979']","[1.0, 2.23606797749979]",custom_john_honey_medium_B_4.jpg
150,custom,john_honey,medium,C,1,True,False,False,48931255,['1.4142135623730951'],[1.4142135623730951],custom_john_honey_medium_C_0.jpg
151,custom,john_honey,medium,C,0,False,False,False,46001783,[''],[],custom_john_honey_medium_C_1.jpg
152,custom,john_honey,medium,C,0,False,False,False,50621357,[''],[],custom_john_honey_medium_C_2.jpg
153,custom,john_honey,medium,C,0,False,False,False,46783564,[''],[],custom_john_honey_medium_C_3.jpg
154,custom,john_honey,medium,C,0,False,False,False,44766314,[''],[],custom_john_honey_medium_C_4.jpg
155,custom,john_honey,medium,D,0,False,False,False,46464447,[''],[],custom_john_honey_medium_D_0.jpg
156,custom,john_honey,medium,D,1,True,False,False,44067699,['0.0'],[0.0],custom_john_honey_medium_D_1.jpg
157,custom,john_honey,medium,D,0,False,False,False,47920302,[''],[],custom_john_honey_medium_D_2.jpg
158,custom,john_honey,medium,D,2,True,False,False,50930523,"['1.0', ' 1.0']","[1.0, 1.0]",custom_john_honey_medium_D_3.jpg
159,custom,john_honey,medium,D,2,True,False,False,48117557,"['1.0', ' 1.4142135623730951']","[1.0, 1.4142135623730951]",custom_john_honey_medium_D_4.jpg
160,custom,john_honey,short,A,1,True,False,False,43839023,['1.4142135623730951'],[1.4142135623730951],custom_john_honey_short_A_0.jpg
161,custom,john_honey,short,A,2,True,False,False,54596294,"['1.4142135623730951', ' 2.23606797749979']","[1.4142135623730951, 2.23606797749979]",custom_john_honey_short_A_1.jpg
162,custom,john_honey,short,A,0,False,False,False,48481931,[''],[],custom_john_honey_short_A_2.jpg
163,custom,john_honey,short,A,2,True,False,False,46017000,"['1.0', ' 2.0']","[1.0, 2.0]",custom_john_honey_short_A_3.jpg
164,custom,john_honey,short,A,2,True,False,False,42222650,"['2.23606797749979', ' 2.23606797749979']","[2.23606797749979, 2.23606797749979]",custom_john_honey_short_A_4.jpg
165,custom,john_honey,short,B,2,True,False,False,46592729,"['2.23606797749979', ' 2.23606797749979']","[2.23606797749979, 2.23606797749979]",custom_john_honey_short_B_0.jpg
166,custom,john_honey,short,B,1,True,False,False,44587978,['2.0'],[2.0],custom_john_honey_short_B_1.jpg
167,custom,john_honey,short,B,2,True,False,False,46140480,"['1.0', ' 1.4142135623730951']","[1.0, 1.4142135623730951]",custom_john_honey_short_B_2.jpg
168,custom,john_honey,short,B,2,True,False,False,46391472,"['1.0', ' 1.0']","[1.0, 1.0]",custom_john_honey_short_B_3.jpg
169,custom,john_honey,short,B,0,False,False,False,48567736,[''],[],custom_john_honey_short_B_4.jpg
170,custom,john_honey,short,C,0,False,False,False,48881098,[''],[],custom_john_honey_short_C_0.jpg
171,custom,john_honey,short,C,0,False,False,False,48484697,[''],[],custom_john_honey_short_C_1.jpg
172,custom,john_honey,short,C,0,False,False,False,46893201,[''],[],custom_john_honey_short_C_2.jpg
173,custom,john_honey,short,C,0,False,False,False,45748945,[''],[],custom_john_honey_short_C_3.jpg
174,custom,john_honey,short,C,0,False,False,False,46839202,[''],[],custom_john_honey_short_C_4.jpg
175,custom,john_honey,short,D,0,False,False,False,50190824,[''],[],custom_john_honey_short_D_0.jpg
176,custom,john_honey,short,D,0,False,False,False,49296063,[''],[],custom_john_honey_short_D_1.jpg
177,custom,john_honey,short,D,1,True,False,False,47938449,['2.0'],[2.0],custom_john_honey_short_D_2.jpg
178,custom,john_honey,short,D,3,True,False,False,48442951,"['0.0', ' 1.4142135623730951', ' 2.0']","[0.0, 1.4142135623730951, 2.0]",custom_john_honey_short_D_3.jpg
179,custom,john_honey,short,D,2,True,False,False,42099269,"['1.0', ' 1.4142135623730951']","[1.0, 1.4142135623730951]",custom_john_honey_short_D_4.jpg
180,custom,michaels,high,A,1,True,False,False,39587732,['2.23606797749979'],[2.23606797749979],custom_michaels_high_A_0.jpg
181,custom,michaels,high,A,0,False,False,False,29234949,[''],[],custom_michaels_high_A_1.jpg
182,custom,michaels,high,A,0,False,False,False,31143491,[''],[],custom_michaels_high_A_2.jpg
183,custom,michaels,high,A,3,True,False,False,55297671,"['0.0', ' 1.0', ' 1.0']","[0.0, 1.0, 1.0]",custom_michaels_high_A_3.jpg
184,custom,michaels,high,A,2,True,False,False,32972332,"['0.0', ' 1.4142135623730951']","[0.0, 1.4142135623730951]",custom_michaels_high_A_4.jpg
185,custom,michaels,high,B,2,True,False,False,55220184,"['1.0', ' 2.8284271247461903']","[1.0, 2.8284271247461903]",custom_michaels_high_B_0.jpg
186,custom,michaels,high,B,1,True,False,False,31684255,['1.0'],[1.0],custom_michaels_high_B_1.jpg
187,custom,michaels,high,B,3,True,False,False,29526578,"['1.0', ' 1.0', ' 1.4142135623730951']","[1.0, 1.0, 1.4142135623730951]",custom_michaels_high_B_2.jpg
188,custom,michaels,high,B,1,True,False,False,31633990,['1.0'],[1.0],custom_michaels_high_B_3.jpg
189,custom,michaels,high,B,2,True,False,False,48343600,"['0.0', ' 1.4142135623730951']","[0.0, 1.4142135623730951]",custom_michaels_high_B_4.jpg
190,custom,michaels,high,C,1,True,False,False,47132257,['2.23606797749979'],[2.23606797749979],custom_michaels_high_C_0.jpg
191,custom,michaels,high,C,1,True,False,False,45185526,['0.0'],[0.0],custom_michaels_high_C_1.jpg
192,custom,michaels,high,C,0,False,False,False,34085849,[''],[],custom_michaels_high_C_2.jpg
193,custom,michaels,high,C,0,False,False,False,34061186,[''],[],custom_michaels_high_C_3.jpg
194,custom,michaels,high,C,1,True,False,False,36201342,['1.0'],[1.0],custom_michaels_high_C_4.jpg
195,custom,michaels,high,D,1,True,False,False,31291073,['1.0'],[1.0],custom_michaels_high_D_0.jpg
196,custom,michaels,high,D,3,True,False,False,46478143,"['1.0', ' 1.0', ' 1.4142135623730951']","[1.0, 1.0, 1.4142135623730951]",custom_michaels_high_D_1.jpg
197,custom,michaels,high,D,2,True,False,False,36675709,"['1.0', ' 1.0']","[1.0, 1.0]",custom_michaels_high_D_2.jpg
198,custom,michaels,high,D,1,True,False,False,32716535,['1.0'],[1.0],custom_michaels_high_D_3.jpg
199,custom,michaels,high,D,0,False,False,False,28762312,[''],[],custom_michaels_high_D_4.jpg
200,custom,michaels,medium,A,1,True,False,False,36771690,['2.0'],[2.0],custom_michaels_medium_A_0.jpg
201,custom,michaels,medium,A,0,False,False,False,43328162,[''],[],custom_michaels_medium_A_1.jpg
202,custom,michaels,medium,A,0,False,False,False,26153516,[''],[],custom_michaels_medium_A_2.jpg
203,custom,michaels,medium,A,1,True,False,False,42702615,['2.23606797749979'],[2.23606797749979],custom_michaels_medium_A_3.jpg
204,custom,michaels,medium,A,2,True,False,False,34917213,"['1.0', ' 1.0']","[1.0, 1.0]",custom_michaels_medium_A_4.jpg
205,custom,michaels,medium,B,2,True,False,False,36631850,"['1.0', ' 1.0']","[1.0, 1.0]",custom_michaels_medium_B_0.jpg
206,custom,michaels,medium,B,1,True,False,False,43573687,['0.0'],[0.0],custom_michaels_medium_B_1.jpg
207,custom,michaels,medium,B,1,True,False,False,34266277,['2.23606797749979'],[2.23606797749979],custom_michaels_medium_B_2.jpg
208,custom,michaels,medium,B,0,False,False,False,35832809,[''],[],custom_michaels_medium_B_3.jpg
209,custom,michaels,medium,B,0,False,False,False,30702229,[''],[],custom_michaels_medium_B_4.jpg
210,custom,michaels,medium,C,0,False,False,False,32613083,[''],[],custom_michaels_medium_C_0.jpg
211,custom,michaels,medium,C,1,True,False,False,39698085,['1.0'],[1.0],custom_michaels_medium_C_1.jpg
212,custom,michaels,medium,C,0,False,False,False,39880848,[''],[],custom_michaels_medium_C_2.jpg
213,custom,michaels,medium,C,1,True,False,False,32950900,['1.4142135623730951'],[1.4142135623730951],custom_michaels_medium_C_3.jpg
214,custom,michaels,medium,C,0,False,False,False,27440651,[''],[],custom_michaels_medium_C_4.jpg
215,custom,michaels,medium,D,1,True,False,False,36345936,['1.0'],[1.0],custom_michaels_medium_D_0.jpg
216,custom,michaels,medium,D,1,True,False,False,37591653,['0.0'],[0.0],custom_michaels_medium_D_1.jpg
217,custom,michaels,medium,D,0,False,False,False,38955283,[''],[],custom_michaels_medium_D_2.jpg
218,custom,michaels,medium,D,2,True,False,False,36765407,"['1.0', ' 1.4142135623730951']","[1.0, 1.4142135623730951]",custom_michaels_medium_D_3.jpg
219,custom,michaels,medium,D,0,False,False,False,33011826,[''],[],custom_michaels_medium_D_4.jpg
220,custom,michaels,short,A,1,True,False,False,34545123,['1.0'],[1.0],custom_michaels_short_A_0.jpg
221,custom,michaels,short,A,3,True,False,False,40185643,"['1.0', ' 1.4142135623730951', ' 1.4142135623730951']","[1.0, 1.4142135623730951, 1.4142135623730951]",custom_michaels_short_A_1.jpg
222,custom,michaels,short,A,2,True,False,False,37283728,"['0.0', ' 1.4142135623730951']","[0.0, 1.4142135623730951]",custom_michaels_short_A_2.jpg
223,custom,michaels,short,A,1,True,False,False,33166639,['2.23606797749979'],[2.23606797749979],custom_michaels_short_A_3.jpg
224,custom,michaels,short,A,0,False,False,False,33804195,[''],[],custom_michaels_short_A_4.jpg
225,custom,michaels,short,B,0,False,False,False,32335399,[''],[],custom_michaels_short_B_0.jpg
226,custom,michaels,short,B,1,True,False,False,33484222,['1.0'],[1.0],custom_michaels_short_B_1.jpg
227,custom,michaels,short,B,0,False,False,False,46245337,[''],[],custom_michaels_short_B_2.jpg
228,custom,michaels,short,B,0,False,False,False,41535031,[''],[],custom_michaels_short_B_3.jpg
229,custom,michaels,short,B,0,False,False,False,35953019,[''],[],custom_michaels_short_B_4.jpg
230,custom,michaels,short,C,1,True,False,False,30742155,['1.0'],[1.0],custom_michaels_short_C_0.jpg
231,custom,michaels,short,C,1,True,False,False,33254458,['1.0'],[1.0],custom_michaels_short_C_1.jpg
232,custom,michaels,short,C,0,False,False,False,40775490,[''],[],custom_michaels_short_C_2.jpg
233,custom,michaels,short,C,1,True,False,False,33382398,['1.4142135623730951'],[1.4142135623730951],custom_michaels_short_C_3.jpg
234,custom,michaels,short,C,1,True,False,False,33014490,['1.4142135623730951'],[1.4142135623730951],custom_michaels_short_C_4.jpg
235,custom,michaels,short,D,1,True,False,False,31940363,['2.0'],[2.0],custom_michaels_short_D_0.jpg
236,custom,michaels,short,D,2,True,False,False,33485100,"['1.0', ' 1.4142135623730951']","[1.0, 1.4142135623730951]",custom_michaels_short_D_1.jpg
237,custom,michaels,short,D,0,False,False,False,33683424,[''],[],custom_michaels_short_D_2.jpg
238,custom,michaels,short,D,1,True,False,False,40221968,['1.4142135623730951'],[1.4142135623730951],custom_michaels_short_D_3.jpg
239,custom,michaels,short,D,1,True,False,False,35234619,['2.0'],[2.0],custom_michaels_short_D_4.jpg
240,dark,davids,high,A,0,False,False,False,35203905,[''],[],dark_davids_high_A_0.jpg
241,dark,davids,high,A,1,True,False,False,39409446,['2.23606797749979'],[2.23606797749979],dark_davids_high_A_1.jpg
242,dark,davids,high,A,2,True,False,False,35157311,"['0.0', ' 1.0']","[0.0, 1.0]",dark_davids_high_A_2.jpg
243,dark,davids,high,A,2,True,False,False,35227374,"['2.23606797749979', ' 2.23606797749979']","[2.23606797749979, 2.23606797749979]",dark_davids_high_A_3.jpg
244,dark,davids,high,A,1,True,False,False,37136488,['1.0'],[1.0],dark_davids_high_A_4.jpg
245,dark,davids,high,B,0,False,False,False,38590600,[''],[],dark_davids_high_B_0.jpg
246,dark,davids,high,B,0,False,False,False,35024423,[''],[],dark_davids_high_B_1.jpg
247,dark,davids,high,B,2,True,False,False,36626706,"['1.0', ' 2.23606797749979']","[1.0, 2.23606797749979]",dark_davids_high_B_2.jpg
248,dark,davids,high,B,0,False,False,False,34153398,[''],[],dark_davids_high_B_3.jpg
249,dark,davids,high,B,1,True,False,False,26997151,['1.0'],[1.0],dark_davids_high_B_4.jpg
250,dark,davids,high,C,0,False,False,False,34481226,[''],[],dark_davids_high_C_0.jpg
251,dark,davids,high,C,2,True,False,False,40917197,"['0.0', ' 0.0']","[0.0, 0.0]",dark_davids_high_C_1.jpg
252,dark,davids,high,C,1,True,False,False,37355507,['1.4142135623730951'],[1.4142135623730951],dark_davids_high_C_2.jpg
253,dark,davids,high,C,1,True,False,False,45247649,['1.0'],[1.0],dark_davids_high_C_3.jpg
254,dark,davids,high,C,0,False,False,False,43082111,[''],[],dark_davids_high_C_4.jpg
255,dark,davids,high,D,1,True,False,False,34954329,['0.0'],[0.0],dark_davids_high_D_0.jpg
256,dark,davids,high,D,0,False,False,False,41230668,[''],[],dark_davids_high_D_1.jpg
257,dark,davids,high,D,1,True,False,False,50046112,['1.4142135623730951'],[1.4142135623730951],dark_davids_high_D_2.jpg
258,dark,davids,high,D,1,True,False,False,38072690,['1.0'],[1.0],dark_davids_high_D_3.jpg
259,dark,davids,high,D,1,True,False,False,29779399,['1.4142135623730951'],[1.4142135623730951],dark_davids_high_D_4.jpg
260,dark,davids,medium,A,0,False,False,False,36498427,[''],[],dark_davids_medium_A_0.jpg
261,dark,davids,medium,A,0,False,False,False,42247609,[''],[],dark_davids_medium_A_1.jpg
262,dark,davids,medium,A,2,True,False,False,50415593,"['0.0', ' 1.0']","[0.0, 1.0]",dark_davids_medium_A_2.jpg
263,dark,davids,medium,A,2,True,False,False,51252641,"['1.4142135623730951', ' 2.23606797749979']","[1.4142135623730951, 2.23606797749979]",dark_davids_medium_A_3.jpg
264,dark,davids,medium,A,1,True,False,False,28700754,['1.0'],[1.0],dark_davids_medium_A_4.jpg
265,dark,davids,medium,B,1,True,False,False,29263934,['1.0'],[1.0],dark_davids_medium_B_0.jpg
266,dark,davids,medium,B,2,True,False,False,44055029,"['1.0', ' 1.4142135623730951']","[1.0, 1.4142135623730951]",dark_davids_medium_B_1.jpg
267,dark,davids,medium,B,4,False,True,False,42641257,"['1.4142135623730951', ' 1.4142135623730951', ' 2.0', ' 539.971295533383']","[1.4142135623730951, 1.4142135623730951, 2.0, 539.971295533383]",dark_davids_medium_B_2.jpg
268,dark,davids,medium,B,3,False,False,False,28827790,"['1.4142135623730951', ' 2.23606797749979', ' 539.7378993548627']","[1.4142135623730951, 2.23606797749979, 539.7378993548627]",dark_davids_medium_B_3.jpg
269,dark,davids,medium,B,2,True,False,False,34033028,"['1.0', ' 2.23606797749979']","[1.0, 2.23606797749979]",dark_davids_medium_B_4.jpg
270,dark,davids,medium,C,1,True,False,False,34731322,['0.0'],[0.0],dark_davids_medium_C_0.jpg
271,dark,davids,medium,C,0,False,False,False,33958630,[''],[],dark_davids_medium_C_1.jpg
272,dark,davids,medium,C,2,True,False,False,32966120,"['1.0', ' 2.23606797749979']","[1.0, 2.23606797749979]",dark_davids_medium_C_2.jpg
273,dark,davids,medium,C,0,False,False,False,33900526,[''],[],dark_davids_medium_C_3.jpg
274,dark,davids,medium,C,0,False,False,False,27852193,[''],[],dark_davids_medium_C_4.jpg
275,dark,davids,medium,D,0,False,False,False,29237235,[''],[],dark_davids_medium_D_0.jpg
276,dark,davids,medium,D,2,False,False,False,36511453,"['1.0', ' 586.8466579950848']","[1.0, 586.8466579950848]",dark_davids_medium_D_1.jpg
277,dark,davids,medium,D,1,True,False,False,38131009,['3.1622776601683795'],[3.1622776601683795],dark_davids_medium_D_2.jpg
278,dark,davids,medium,D,1,True,False,False,44407476,['1.0'],[1.0],dark_davids_medium_D_3.jpg
279,dark,davids,medium,D,0,False,False,False,31092059,[''],[],dark_davids_medium_D_4.jpg
280,dark,davids,short,A,0,False,False,False,28268433,[''],[],dark_davids_short_A_0.jpg
281,dark,davids,short,A,1,True,False,False,37169045,['1.4142135623730951'],[1.4142135623730951],dark_davids_short_A_1.jpg
282,dark,davids,short,A,1,True,False,False,36497184,['3.1622776601683795'],[3.1622776601683795],dark_davids_short_A_2.jpg
283,dark,davids,short,A,0,False,False,False,47630964,[''],[],dark_davids_short_A_3.jpg
284,dark,davids,short,A,1,True,False,False,28703300,['1.4142135623730951'],[1.4142135623730951],dark_davids_short_A_4.jpg
285,dark,davids,short,B,1,True,False,False,37603862,['2.0'],[2.0],dark_davids_short_B_0.jpg
286,dark,davids,short,B,3,False,False,False,36504711,"['1.0', ' 1.4142135623730951', ' 256.8443108188305']","[1.0, 1.4142135623730951, 256.8443108188305]",dark_davids_short_B_1.jpg
287,dark,davids,short,B,2,True,False,False,36944412,"['1.0', ' 1.4142135623730951']","[1.0, 1.4142135623730951]",dark_davids_short_B_2.jpg
288,dark,davids,short,B,3,True,False,False,35788184,"['1.0', ' 1.4142135623730951', ' 3.0']","[1.0, 1.4142135623730951, 3.0]",dark_davids_short_B_3.jpg
289,dark,davids,short,B,0,False,False,False,34126109,[''],[],dark_davids_short_B_4.jpg
290,dark,davids,short,C,1,True,False,False,33843275,['1.4142135623730951'],[1.4142135623730951],dark_davids_short_C_0.jpg
291,dark,davids,short,C,1,True,False,False,33675086,['2.23606797749979'],[2.23606797749979],dark_davids_short_C_1.jpg
292,dark,davids,short,C,1,True,False,False,40826762,['3.1622776601683795'],[3.1622776601683795],dark_davids_short_C_2.jpg
293,dark,davids,short,C,0,False,False,False,58572367,[''],[],dark_davids_short_C_3.jpg
294,dark,davids,short,C,1,True,False,False,30484936,['2.23606797749979'],[2.23606797749979],dark_davids_short_C_4.jpg
295,dark,davids,short,D,1,False,False,False,36044301,['214.66718426438635'],[214.66718426438635],dark_davids_short_D_0.jpg
296,dark,davids,short,D,0,False,False,False,34632991,[''],[],dark_davids_short_D_1.jpg
297,dark,davids,short,D,0,False,False,False,28463328,[''],[],dark_davids_short_D_2.jpg
298,dark,davids,short,D,0,False,False,False,38803907,[''],[],dark_davids_short_D_3.jpg
299,dark,davids,short,D,1,True,False,False,31430704,['3.0'],[3.0],dark_davids_short_D_4.jpg
300,dark,jack_cole,high,A,0,False,False,False,29727120,[''],[],dark_jack_cole_high_A_0.jpg
301,dark,jack_cole,high,A,1,True,False,False,32942883,['2.23606797749979'],[2.23606797749979],dark_jack_cole_high_A_1.jpg
302,dark,jack_cole,high,A,1,True,False,False,26952035,['3.1622776601683795'],[3.1622776601683795],dark_jack_cole_high_A_2.jpg
303,dark,jack_cole,high,A,0,False,False,False,27331126,[''],[],dark_jack_cole_high_A_3.jpg
304,dark,jack_cole,high,A,1,True,False,False,31657488,['1.4142135623730951'],[1.4142135623730951],dark_jack_cole_high_A_4.jpg
305,dark,jack_cole,high,B,1,True,False,False,36001902,['1.0'],[1.0],dark_jack_cole_high_B_0.jpg
306,dark,jack_cole,high,B,1,True,False,False,30317802,['1.0'],[1.0],dark_jack_cole_high_B_1.jpg
307,dark,jack_cole,high,B,2,True,False,False,32480966,"['2.0', ' 2.23606797749979']","[2.0, 2.23606797749979]",dark_jack_cole_high_B_2.jpg
308,dark,jack_cole,high,B,2,True,False,False,32493308,"['1.0', ' 3.0']","[1.0, 3.0]",dark_jack_cole_high_B_3.jpg
309,dark,jack_cole,high,B,1,True,False,False,27885859,['1.4142135623730951'],[1.4142135623730951],dark_jack_cole_high_B_4.jpg
310,dark,jack_cole,high,C,0,False,False,False,35449671,[''],[],dark_jack_cole_high_C_0.jpg
311,dark,jack_cole,high,C,0,False,False,False,42031447,[''],[],dark_jack_cole_high_C_1.jpg
312,dark,jack_cole,high,C,0,False,False,False,31943242,[''],[],dark_jack_cole_high_C_2.jpg
313,dark,jack_cole,high,C,0,False,False,False,30514203,[''],[],dark_jack_cole_high_C_3.jpg
314,dark,jack_cole,high,C,2,True,False,False,33861929,"['1.4142135623730951', ' 2.23606797749979']","[1.4142135623730951, 2.23606797749979]",dark_jack_cole_high_C_4.jpg
315,dark,jack_cole,high,D,0,False,False,False,24726638,[''],[],dark_jack_cole_high_D_0.jpg
316,dark,jack_cole,high,D,0,False,False,False,26451740,[''],[],dark_jack_cole_high_D_1.jpg
317,dark,jack_cole,high,D,0,False,False,False,32857229,[''],[],dark_jack_cole_high_D_2.jpg
318,dark,jack_cole,high,D,0,False,False,False,28727545,[''],[],dark_jack_cole_high_D_3.jpg
319,dark,jack_cole,high,D,1,True,False,False,24048277,['1.4142135623730951'],[1.4142135623730951],dark_jack_cole_high_D_4.jpg
320,dark,jack_cole,medium,A,1,True,False,False,28042046,['2.23606797749979'],[2.23606797749979],dark_jack_cole_medium_A_0.jpg
321,dark,jack_cole,medium,A,1,True,False,False,32974084,['1.4142135623730951'],[1.4142135623730951],dark_jack_cole_medium_A_1.jpg
322,dark,jack_cole,medium,A,1,True,False,False,29518429,['1.0'],[1.0],dark_jack_cole_medium_A_2.jpg
323,dark,jack_cole,medium,A,0,False,False,False,32174349,[''],[],dark_jack_cole_medium_A_3.jpg
324,dark,jack_cole,medium,A,3,True,False,False,23541490,"['0.0', ' 1.0', ' 1.4142135623730951']","[0.0, 1.0, 1.4142135623730951]",dark_jack_cole_medium_A_4.jpg
325,dark,jack_cole,medium,B,1,True,False,False,25039383,['1.4142135623730951'],[1.4142135623730951],dark_jack_cole_medium_B_0.jpg
326,dark,jack_cole,medium,B,1,True,False,False,29466093,['2.23606797749979'],[2.23606797749979],dark_jack_cole_medium_B_1.jpg
327,dark,jack_cole,medium,B,1,True,False,False,27790594,['1.0'],[1.0],dark_jack_cole_medium_B_2.jpg
328,dark,jack_cole,medium,B,2,True,False,False,30855646,"['0.0', ' 2.8284271247461903']","[0.0, 2.8284271247461903]",dark_jack_cole_medium_B_3.jpg
329,dark,jack_cole,medium,B,1,True,False,False,34717335,['2.0'],[2.0],dark_jack_cole_medium_B_4.jpg
330,dark,jack_cole,medium,C,2,True,False,False,43346545,"['1.0', ' 1.4142135623730951']","[1.0, 1.4142135623730951]",dark_jack_cole_medium_C_0.jpg
331,dark,jack_cole,medium,C,0,False,False,False,29209276,[''],[],dark_jack_cole_medium_C_1.jpg
332,dark,jack_cole,medium,C,2,True,False,False,25120360,"['1.0', ' 3.1622776601683795']","[1.0, 3.1622776601683795]",dark_jack_cole_medium_C_2.jpg
333,dark,jack_cole,medium,C,1,True,False,False,28688122,['2.0'],[2.0],dark_jack_cole_medium_C_3.jpg
334,dark,jack_cole,medium,C,0,False,False,False,40250711,[''],[],dark_jack_cole_medium_C_4.jpg
335,dark,jack_cole,medium,D,0,False,False,False,25928692,[''],[],dark_jack_cole_medium_D_0.jpg
336,dark,jack_cole,medium,D,1,True,False,False,36767559,['0.0'],[0.0],dark_jack_cole_medium_D_1.jpg
337,dark,jack_cole,medium,D,0,False,False,False,38222626,[''],[],dark_jack_cole_medium_D_2.jpg
338,dark,jack_cole,medium,D,0,False,False,False,29787123,[''],[],dark_jack_cole_medium_D_3.jpg
339,dark,jack_cole,medium,D,0,False,False,False,25325664,[''],[],dark_jack_cole_medium_D_4.jpg
340,dark,jack_cole,short,A,1,True,False,False,27691180,['1.4142135623730951'],[1.4142135623730951],dark_jack_cole_short_A_0.jpg
341,dark,jack_cole,short,A,0,False,False,False,29531182,[''],[],dark_jack_cole_short_A_1.jpg
342,dark,jack_cole,short,A,2,True,False,False,23831600,"['1.4142135623730951', ' 3.605551275463989']","[1.4142135623730951, 3.605551275463989]",dark_jack_cole_short_A_2.jpg
343,dark,jack_cole,short,A,2,True,False,False,28883706,"['2.23606797749979', ' 2.23606797749979']","[2.23606797749979, 2.23606797749979]",dark_jack_cole_short_A_3.jpg
344,dark,jack_cole,short,A,0,False,False,False,25609277,[''],[],dark_jack_cole_short_A_4.jpg
345,dark,jack_cole,short,B,0,False,False,False,35271980,[''],[],dark_jack_cole_short_B_0.jpg
346,dark,jack_cole,short,B,1,True,False,False,31792772,['2.23606797749979'],[2.23606797749979],dark_jack_cole_short_B_1.jpg
347,dark,jack_cole,short,B,1,True,False,False,31314575,['1.4142135623730951'],[1.4142135623730951],dark_jack_cole_short_B_2.jpg
348,dark,jack_cole,short,B,0,False,False,False,28520437,[''],[],dark_jack_cole_short_B_3.jpg
349,dark,jack_cole,short,B,1,True,False,False,28819384,['1.0'],[1.0],dark_jack_cole_short_B_4.jpg
350,dark,jack_cole,short,C,1,True,False,False,32241100,['2.23606797749979'],[2.23606797749979],dark_jack_cole_short_C_0.jpg
351,dark,jack_cole,short,C,0,False,False,False,25310023,[''],[],dark_jack_cole_short_C_1.jpg
352,dark,jack_cole,short,C,1,True,False,False,33145351,['1.0'],[1.0],dark_jack_cole_short_C_2.jpg
353,dark,jack_cole,short,C,2,True,False,False,31450287,"['1.0', ' 1.0']","[1.0, 1.0]",dark_jack_cole_short_C_3.jpg
354,dark,jack_cole,short,C,1,True,False,False,27248778,['4.123105625617661'],[4.123105625617661],dark_jack_cole_short_C_4.jpg
355,dark,jack_cole,short,D,0,False,False,False,30105721,[''],[],dark_jack_cole_short_D_0.jpg
356,dark,jack_cole,short,D,0,False,False,False,34156333,[''],[],dark_jack_cole_short_D_1.jpg
357,dark,jack_cole,short,D,1,True,False,False,36122436,['1.0'],[1.0],dark_jack_cole_short_D_2.jpg
358,dark,jack_cole,short,D,1,True,False,False,34402965,['1.0'],[1.0],dark_jack_cole_short_D_3.jpg
359,dark,jack_cole,short,D,0,False,False,False,22892570,[''],[],dark_jack_cole_short_D_4.jpg
360,dark,john_honey,high,A,2,True,False,False,44209567,"['1.0', ' 2.23606797749979']","[1.0, 2.23606797749979]",dark_john_honey_high_A_0.jpg
361,dark,john_honey,high,A,0,False,False,False,38852602,[''],[],dark_john_honey_high_A_1.jpg
362,dark,john_honey,high,A,1,True,False,False,44582831,['2.0'],[2.0],dark_john_honey_high_A_2.jpg
363,dark,john_honey,high,A,2,True,False,False,44232481,"['2.23606797749979', ' 2.8284271247461903']","[2.23606797749979, 2.8284271247461903]",dark_john_honey_high_A_3.jpg
364,dark,john_honey,high,A,0,False,False,False,44404262,[''],[],dark_john_honey_high_A_4.jpg
365,dark,john_honey,high,B,3,True,False,False,39356694,"['0.0', ' 1.0', ' 1.0']","[0.0, 1.0, 1.0]",dark_john_honey_high_B_0.jpg
366,dark,john_honey,high,B,1,True,False,False,47068286,['0.0'],[0.0],dark_john_honey_high_B_1.jpg
367,dark,john_honey,high,B,1,True,False,False,44589698,['2.23606797749979'],[2.23606797749979],dark_john_honey_high_B_2.jpg
368,dark,john_honey,high,B,2,True,False,False,50033527,"['0.0', ' 2.23606797749979']","[0.0, 2.23606797749979]",dark_john_honey_high_B_3.jpg
369,dark,john_honey,high,B,1,True,False,False,36886189,['1.4142135623730951'],[1.4142135623730951],dark_john_honey_high_B_4.jpg
370,dark,john_honey,high,C,0,False,False,False,39765999,[''],[],dark_john_honey_high_C_0.jpg
371,dark,john_honey,high,C,0,False,False,False,43791623,[''],[],dark_john_honey_high_C_1.jpg
372,dark,john_honey,high,C,0,False,False,False,45671590,[''],[],dark_john_honey_high_C_2.jpg
373,dark,john_honey,high,C,0,False,False,False,42131809,[''],[],dark_john_honey_high_C_3.jpg
374,dark,john_honey,high,C,0,False,False,False,38407406,[''],[],dark_john_honey_high_C_4.jpg
375,dark,john_honey,high,D,0,False,False,False,40604182,[''],[],dark_john_honey_high_D_0.jpg
376,dark,john_honey,high,D,0,False,False,False,45995838,[''],[],dark_john_honey_high_D_1.jpg
377,dark,john_honey,high,D,1,True,False,False,42119965,['2.23606797749979'],[2.23606797749979],dark_john_honey_high_D_2.jpg
378,dark,john_honey,high,D,0,False,False,False,41853228,[''],[],dark_john_honey_high_D_3.jpg
379,dark,john_honey,high,D,0,False,False,False,42991092,[''],[],dark_john_honey_high_D_4.jpg
380,dark,john_honey,medium,A,0,False,False,False,42696614,[''],[],dark_john_honey_medium_A_0.jpg
381,dark,john_honey,medium,A,1,True,False,False,42686450,['2.23606797749979'],[2.23606797749979],dark_john_honey_medium_A_1.jpg
382,dark,john_honey,medium,A,2,True,False,False,45172920,"['0.0', ' 1.0']","[0.0, 1.0]",dark_john_honey_medium_A_2.jpg
383,dark,john_honey,medium,A,1,True,False,False,43068235,['1.4142135623730951'],[1.4142135623730951],dark_john_honey_medium_A_3.jpg
384,dark,john_honey,medium,A,0,False,False,False,41058812,[''],[],dark_john_honey_medium_A_4.jpg
385,dark,john_honey,medium,B,1,True,False,False,46860590,['2.0'],[2.0],dark_john_honey_medium_B_0.jpg
386,dark,john_honey,medium,B,0,False,False,False,41374805,[''],[],dark_john_honey_medium_B_1.jpg
387,dark,john_honey,medium,B,0,False,False,False,40624075,[''],[],dark_john_honey_medium_B_2.jpg
388,dark,john_honey,medium,B,1,True,False,False,50167544,['2.0'],[2.0],dark_john_honey_medium_B_3.jpg
389,dark,john_honey,medium,B,1,True,False,False,47134787,['2.0'],[2.0],dark_john_honey_medium_B_4.jpg
390,dark,john_honey,medium,C,1,True,False,False,40062082,['1.0'],[1.0],dark_john_honey_medium_C_0.jpg
391,dark,john_honey,medium,C,1,True,False,False,50503458,['1.4142135623730951'],[1.4142135623730951],dark_john_honey_medium_C_1.jpg
392,dark,john_honey,medium,C,0,False,False,False,43906795,[''],[],dark_john_honey_medium_C_2.jpg
393,dark,john_honey,medium,C,1,True,False,False,47993834,['1.0'],[1.0],dark_john_honey_medium_C_3.jpg
394,dark,john_honey,medium,C,1,True,False,False,39969427,['2.23606797749979'],[2.23606797749979],dark_john_honey_medium_C_4.jpg
395,dark,john_honey,medium,D,0,False,False,False,43746732,[''],[],dark_john_honey_medium_D_0.jpg
396,dark,john_honey,medium,D,1,True,False,False,46231100,['1.4142135623730951'],[1.4142135623730951],dark_john_honey_medium_D_1.jpg
397,dark,john_honey,medium,D,0,False,False,False,42992886,[''],[],dark_john_honey_medium_D_2.jpg
398,dark,john_honey,medium,D,0,False,False,False,45850022,[''],[],dark_john_honey_medium_D_3.jpg
399,dark,john_honey,medium,D,0,False,False,False,40658199,[''],[],dark_john_honey_medium_D_4.jpg
400,dark,john_honey,short,A,0,False,False,False,44425114,[''],[],dark_john_honey_short_A_0.jpg
401,dark,john_honey,short,A,1,True,False,False,43763904,['3.605551275463989'],[3.605551275463989],dark_john_honey_short_A_1.jpg
402,dark,john_honey,short,A,0,False,False,False,45593805,[''],[],dark_john_honey_short_A_2.jpg
403,dark,john_honey,short,A,0,False,False,False,43917882,[''],[],dark_john_honey_short_A_3.jpg
404,dark,john_honey,short,A,2,True,False,False,42073250,"['1.4142135623730951', ' 2.23606797749979']","[1.4142135623730951, 2.23606797749979]",dark_john_honey_short_A_4.jpg
405,dark,john_honey,short,B,0,False,False,False,44116806,[''],[],dark_john_honey_short_B_0.jpg
406,dark,john_honey,short,B,1,True,False,False,45887147,['1.4142135623730951'],[1.4142135623730951],dark_john_honey_short_B_1.jpg
407,dark,john_honey,short,B,0,False,False,False,46104035,[''],[],dark_john_honey_short_B_2.jpg
408,dark,john_honey,short,B,0,False,False,False,42771207,[''],[],dark_john_honey_short_B_3.jpg
409,dark,john_honey,short,B,2,True,False,False,40427414,"['1.0', ' 1.0']","[1.0, 1.0]",dark_john_honey_short_B_4.jpg
410,dark,john_honey,short,C,1,True,False,False,45772439,['1.0'],[1.0],dark_john_honey_short_C_0.jpg
411,dark,john_honey,short,C,2,True,False,False,41088228,"['1.0', ' 1.0']","[1.0, 1.0]",dark_john_honey_short_C_1.jpg
412,dark,john_honey,short,C,0,False,False,False,37463504,[''],[],dark_john_honey_short_C_2.jpg
413,dark,john_honey,short,C,1,True,False,False,44893358,['2.23606797749979'],[2.23606797749979],dark_john_honey_short_C_3.jpg
414,dark,john_honey,short,C,0,False,False,False,45118742,[''],[],dark_john_honey_short_C_4.jpg
415,dark,john_honey,short,D,0,False,False,False,45225353,[''],[],dark_john_honey_short_D_0.jpg
416,dark,john_honey,short,D,0,False,False,False,49544362,[''],[],dark_john_honey_short_D_1.jpg
417,dark,john_honey,short,D,0,False,False,False,45513893,[''],[],dark_john_honey_short_D_2.jpg
418,dark,john_honey,short,D,1,True,False,False,43396855,['2.0'],[2.0],dark_john_honey_short_D_3.jpg
419,dark,john_honey,short,D,0,False,False,False,48455966,[''],[],dark_john_honey_short_D_4.jpg
420,dark,michaels,high,A,0,False,False,False,42682946,[''],[],dark_michaels_high_A_0.jpg
421,dark,michaels,high,A,2,True,False,False,34363245,"['0.0', ' 2.0']","[0.0, 2.0]",dark_michaels_high_A_1.jpg
422,dark,michaels,high,A,2,True,False,False,41140655,"['0.0', ' 1.0']","[0.0, 1.0]",dark_michaels_high_A_2.jpg
423,dark,michaels,high,A,2,True,False,False,36687494,"['1.0', ' 1.4142135623730951']","[1.0, 1.4142135623730951]",dark_michaels_high_A_3.jpg
424,dark,michaels,high,A,1,True,False,False,37701713,['1.4142135623730951'],[1.4142135623730951],dark_michaels_high_A_4.jpg
425,dark,michaels,high,B,1,True,False,False,29437787,['3.1622776601683795'],[3.1622776601683795],dark_michaels_high_B_0.jpg
426,dark,michaels,high,B,2,True,False,False,34894157,"['0.0', ' 2.23606797749979']","[0.0, 2.23606797749979]",dark_michaels_high_B_1.jpg
427,dark,michaels,high,B,1,True,False,False,38911888,['2.0'],[2.0],dark_michaels_high_B_2.jpg
428,dark,michaels,high,B,2,True,False,False,37476821,"['1.0', ' 3.1622776601683795']","[1.0, 3.1622776601683795]",dark_michaels_high_B_3.jpg
429,dark,michaels,high,B,0,False,False,False,29234859,[''],[],dark_michaels_high_B_4.jpg
430,dark,michaels,high,C,0,False,False,False,35621607,[''],[],dark_michaels_high_C_0.jpg
431,dark,michaels,high,C,0,False,False,False,41788378,[''],[],dark_michaels_high_C_1.jpg
432,dark,michaels,high,C,1,True,False,False,33885553,['1.0'],[1.0],dark_michaels_high_C_2.jpg
433,dark,michaels,high,C,1,True,False,False,38464570,['1.4142135623730951'],[1.4142135623730951],dark_michaels_high_C_3.jpg
434,dark,michaels,high,C,2,True,False,False,33342752,"['2.0', ' 2.0']","[2.0, 2.0]",dark_michaels_high_C_4.jpg
435,dark,michaels,high,D,1,True,False,False,38074256,['3.1622776601683795'],[3.1622776601683795],dark_michaels_high_D_0.jpg
436,dark,michaels,high,D,0,False,False,False,36295770,[''],[],dark_michaels_high_D_1.jpg
437,dark,michaels,high,D,0,False,False,False,41155661,[''],[],dark_michaels_high_D_2.jpg
438,dark,michaels,high,D,1,True,False,False,39246939,['2.23606797749979'],[2.23606797749979],dark_michaels_high_D_3.jpg
439,dark,michaels,high,D,0,False,False,False,34246905,[''],[],dark_michaels_high_D_4.jpg
440,dark,michaels,medium,A,0,False,False,False,39290926,[''],[],dark_michaels_medium_A_0.jpg
441,dark,michaels,medium,A,0,False,False,False,40178649,[''],[],dark_michaels_medium_A_1.jpg
442,dark,michaels,medium,A,0,False,False,False,33198621,[''],[],dark_michaels_medium_A_2.jpg
443,dark,michaels,medium,A,0,False,False,False,37029905,[''],[],dark_michaels_medium_A_3.jpg
444,dark,michaels,medium,A,0,False,False,False,33650555,[''],[],dark_michaels_medium_A_4.jpg
445,dark,michaels,medium,B,0,False,False,False,38525109,[''],[],dark_michaels_medium_B_0.jpg
446,dark,michaels,medium,B,1,True,False,False,34969576,['0.0'],[0.0],dark_michaels_medium_B_1.jpg
447,dark,michaels,medium,B,2,True,False,False,41032554,"['2.8284271247461903', ' 2.8284271247461903']","[2.8284271247461903, 2.8284271247461903]",dark_michaels_medium_B_2.jpg
448,dark,michaels,medium,B,0,False,False,False,37824042,[''],[],dark_michaels_medium_B_3.jpg
449,dark,michaels,medium,B,1,True,False,False,42109669,['1.4142135623730951'],[1.4142135623730951],dark_michaels_medium_B_4.jpg
450,dark,michaels,medium,C,0,False,False,False,33421446,[''],[],dark_michaels_medium_C_0.jpg
451,dark,michaels,medium,C,0,False,False,False,44798492,[''],[],dark_michaels_medium_C_1.jpg
452,dark,michaels,medium,C,1,True,False,False,41504952,['1.4142135623730951'],[1.4142135623730951],dark_michaels_medium_C_2.jpg
453,dark,michaels,medium,C,0,False,False,False,36588314,[''],[],dark_michaels_medium_C_3.jpg
454,dark,michaels,medium,C,0,False,False,False,40444448,[''],[],dark_michaels_medium_C_4.jpg
455,dark,michaels,medium,D,1,True,False,False,37835646,['2.0'],[2.0],dark_michaels_medium_D_0.jpg
456,dark,michaels,medium,D,0,False,False,False,41070816,[''],[],dark_michaels_medium_D_1.jpg
457,dark,michaels,medium,D,0,False,False,False,39363199,[''],[],dark_michaels_medium_D_2.jpg
458,dark,michaels,medium,D,0,False,False,False,45262491,[''],[],dark_michaels_medium_D_3.jpg
459,dark,michaels,medium,D,0,False,False,False,35229512,[''],[],dark_michaels_medium_D_4.jpg
460,dark,michaels,short,A,0,False,False,False,30457950,[''],[],dark_michaels_short_A_0.jpg
461,dark,michaels,short,A,0,False,False,False,41800561,[''],[],dark_michaels_short_A_1.jpg
462,dark,michaels,short,A,0,False,False,False,44493123,[''],[],dark_michaels_short_A_2.jpg
463,dark,michaels,short,A,0,False,False,False,44712006,[''],[],dark_michaels_short_A_3.jpg
464,dark,michaels,short,A,0,False,False,False,35267690,[''],[],dark_michaels_short_A_4.jpg
465,dark,michaels,short,B,1,True,False,False,35825622,['3.1622776601683795'],[3.1622776601683795],dark_michaels_short_B_0.jpg
466,dark,michaels,short,B,0,False,False,False,40484565,[''],[],dark_michaels_short_B_1.jpg
467,dark,michaels,short,B,1,True,False,False,43820217,['1.4142135623730951'],[1.4142135623730951],dark_michaels_short_B_2.jpg
468,dark,michaels,short,B,2,True,False,False,46963670,"['0.0', ' 1.4142135623730951']","[0.0, 1.4142135623730951]",dark_michaels_short_B_3.jpg
469,dark,michaels,short,B,2,True,False,False,32675678,"['1.4142135623730951', ' 2.0']","[1.4142135623730951, 2.0]",dark_michaels_short_B_4.jpg
470,dark,michaels,short,C,0,False,False,False,31017628,[''],[],dark_michaels_short_C_0.jpg
471,dark,michaels,short,C,0,False,False,False,42346573,[''],[],dark_michaels_short_C_1.jpg
472,dark,michaels,short,C,0,False,False,False,53347234,[''],[],dark_michaels_short_C_2.jpg
473,dark,michaels,short,C,0,False,False,False,35958367,[''],[],dark_michaels_short_C_3.jpg
474,dark,michaels,short,C,0,False,False,False,31939567,[''],[],dark_michaels_short_C_4.jpg
475,dark,michaels,short,D,0,False,False,False,35066801,[''],[],dark_michaels_short_D_0.jpg
476,dark,michaels,short,D,1,True,False,False,44433275,['3.1622776601683795'],[3.1622776601683795],dark_michaels_short_D_1.jpg
477,dark,michaels,short,D,0,False,False,False,42320327,[''],[],dark_michaels_short_D_2.jpg
478,dark,michaels,short,D,0,False,False,False,40625637,[''],[],dark_michaels_short_D_3.jpg
479,dark,michaels,short,D,0,False,False,False,34731836,[''],[],dark_michaels_short_D_4.jpg
