,palette,loc,height,set,blobCount,closeEnough,count4,closeCount4,time,compareArr,points,path
0,custom,davids,high,A,6,True,False,False,111929414,"['0.0', ' 1.0', ' 1.0', ' 1.0']","[0.0, 1.0, 1.0, 1.0, 551.5015865797668, 885.641010793877]",custom_davids_high_A_0.jpg
1,custom,davids,high,A,6,True,False,False,102266325,"['1.0', ' 1.0', ' 1.0', ' 2.23606797749979']","[1.0, 1.0, 1.0, 2.23606797749979, 227.79376637651873, 906.5208216031224]",custom_davids_high_A_1.jpg
2,custom,davids,high,A,6,True,False,False,99293399,"['0.0', ' 1.0', ' 1.0', ' 1.4142135623730951']","[0.0, 1.0, 1.0, 1.4142135623730951, 496.84705896281605, 762.1679604916491]",custom_davids_high_A_2.jpg
3,custom,davids,high,A,4,True,True,True,106072727,"['1.0', ' 1.4142135623730951', ' 2.0', ' 2.23606797749979']","[1.0, 1.4142135623730951, 2.0, 2.23606797749979]",custom_davids_high_A_3.jpg
4,custom,davids,high,A,4,True,True,True,99853927,"['1.0', ' 1.0', ' 1.4142135623730951', ' 2.0']","[1.0, 1.0, 1.4142135623730951, 2.0]",custom_davids_high_A_4.jpg
5,custom,davids,high,B,4,True,True,True,100765251,"['1.0', ' 1.0', ' 2.23606797749979', ' 3.1622776601683795']","[1.0, 1.0, 2.23606797749979, 3.1622776601683795]",custom_davids_high_B_0.jpg
6,custom,davids,high,B,3,False,False,False,101190170,"['0.0', ' 1.0', ' 7.211102550927978']","[0.0, 1.0, 7.211102550927978]",custom_davids_high_B_1.jpg
7,custom,davids,high,B,4,True,True,True,97952021,"['0.0', ' 1.0', ' 1.4142135623730951', ' 2.0']","[0.0, 1.0, 1.4142135623730951, 2.0]",custom_davids_high_B_2.jpg
8,custom,davids,high,B,4,True,True,True,101274466,"['1.0', ' 1.4142135623730951', ' 1.4142135623730951', ' 2.0']","[1.0, 1.4142135623730951, 1.4142135623730951, 2.0]",custom_davids_high_B_3.jpg
9,custom,davids,high,B,4,False,True,False,88982634,"['1.0', ' 2.0', ' 6.0', ' 9.848857801796104']","[1.0, 2.0, 6.0, 9.848857801796104]",custom_davids_high_B_4.jpg
10,custom,davids,high,C,2,True,False,False,91333432,"['1.4142135623730951', ' 2.23606797749979']","[1.4142135623730951, 2.23606797749979]",custom_davids_high_C_0.jpg
11,custom,davids,high,C,2,True,False,False,95099508,"['0.0', ' 3.1622776601683795']","[0.0, 3.1622776601683795]",custom_davids_high_C_1.jpg
12,custom,davids,high,C,2,True,False,False,103329840,"['0.0', ' 1.0']","[0.0, 1.0]",custom_davids_high_C_2.jpg
13,custom,davids,high,C,2,True,False,False,92703021,"['1.0', ' 2.0']","[1.0, 2.0]",custom_davids_high_C_3.jpg
14,custom,davids,high,C,3,False,False,False,85791891,"['1.4142135623730951', ' 2.0', ' 816.5353635942537']","[1.4142135623730951, 2.0, 816.5353635942537]",custom_davids_high_C_4.jpg
15,custom,davids,high,D,5,True,False,False,93775641,"['1.4142135623730951', ' 1.4142135623730951', ' 1.4142135623730951', ' 2.23606797749979']","[1.4142135623730951, 1.4142135623730951, 1.4142135623730951, 2.23606797749979, 196.468827043885]",custom_davids_high_D_0.jpg
16,custom,davids,high,D,4,True,True,True,100520758,"['0.0', ' 1.0', ' 1.0', ' 1.4142135623730951']","[0.0, 1.0, 1.0, 1.4142135623730951]",custom_davids_high_D_1.jpg
17,custom,davids,high,D,7,True,False,False,105625307,"['1.0', ' 1.4142135623730951', ' 2.23606797749979', ' 2.23606797749979']","[1.0, 1.4142135623730951, 2.23606797749979, 2.23606797749979, 438.8576078866584, 449.2849875079291, 473.6686605634787]",custom_davids_high_D_2.jpg
18,custom,davids,high,D,4,True,True,True,102850372,"['0.0', ' 1.0', ' 1.0', ' 1.4142135623730951']","[0.0, 1.0, 1.0, 1.4142135623730951]",custom_davids_high_D_3.jpg
19,custom,davids,high,D,4,True,True,True,89986920,"['1.0', ' 1.0', ' 2.0', ' 2.23606797749979']","[1.0, 1.0, 2.0, 2.23606797749979]",custom_davids_high_D_4.jpg
20,custom,davids,medium,A,5,True,False,False,92372183,"['1.0', ' 1.0', ' 1.0', ' 1.0']","[1.0, 1.0, 1.0, 1.0, 216.9469981354893]",custom_davids_medium_A_0.jpg
21,custom,davids,medium,A,5,True,False,False,95041958,"['1.0', ' 2.0', ' 2.0', ' 2.23606797749979']","[1.0, 2.0, 2.0, 2.23606797749979, 221.84003245582164]",custom_davids_medium_A_1.jpg
22,custom,davids,medium,A,3,True,False,False,97483008,"['1.4142135623730951', ' 1.4142135623730951', ' 2.23606797749979']","[1.4142135623730951, 1.4142135623730951, 2.23606797749979]",custom_davids_medium_A_2.jpg
23,custom,davids,medium,A,2,True,False,False,99046357,"['1.4142135623730951', ' 1.4142135623730951']","[1.4142135623730951, 1.4142135623730951]",custom_davids_medium_A_3.jpg
24,custom,davids,medium,A,1,True,False,False,96758888,['2.0'],[2.0],custom_davids_medium_A_4.jpg
25,custom,davids,medium,B,4,True,True,True,98794036,"['0.0', ' 0.0', ' 1.4142135623730951', ' 2.23606797749979']","[0.0, 0.0, 1.4142135623730951, 2.23606797749979]",custom_davids_medium_B_0.jpg
26,custom,davids,medium,B,4,True,True,True,108359276,"['0.0', ' 0.0', ' 1.4142135623730951', ' 2.23606797749979']","[0.0, 0.0, 1.4142135623730951, 2.23606797749979]",custom_davids_medium_B_1.jpg
27,custom,davids,medium,B,6,True,False,False,104891338,"['0.0', ' 1.0', ' 1.0', ' 1.0']","[0.0, 1.0, 1.0, 1.0, 512.5504853182757, 627.5420304648925]",custom_davids_medium_B_2.jpg
28,custom,davids,medium,B,4,True,True,True,110365607,"['0.0', ' 0.0', ' 1.4142135623730951', ' 1.4142135623730951']","[0.0, 0.0, 1.4142135623730951, 1.4142135623730951]",custom_davids_medium_B_3.jpg
29,custom,davids,medium,B,4,True,True,True,91322308,"['1.0', ' 1.0', ' 1.0', ' 1.0']","[1.0, 1.0, 1.0, 1.0]",custom_davids_medium_B_4.jpg
30,custom,davids,medium,C,3,False,False,False,96475885,"['1.0', ' 1.4142135623730951', ' 565.7923647416957']","[1.0, 1.4142135623730951, 565.7923647416957]",custom_davids_medium_C_0.jpg
31,custom,davids,medium,C,2,True,False,False,96153693,"['1.0', ' 2.23606797749979']","[1.0, 2.23606797749979]",custom_davids_medium_C_1.jpg
32,custom,davids,medium,C,2,True,False,False,96199066,"['0.0', ' 1.0']","[0.0, 1.0]",custom_davids_medium_C_2.jpg
33,custom,davids,medium,C,1,True,False,False,96063911,['2.23606797749979'],[2.23606797749979],custom_davids_medium_C_3.jpg
34,custom,davids,medium,C,1,True,False,False,89253971,['1.4142135623730951'],[1.4142135623730951],custom_davids_medium_C_4.jpg
35,custom,davids,medium,D,3,False,False,False,95968603,"['1.4142135623730951', ' 2.23606797749979', ' 211.14213222377006']","[1.4142135623730951, 2.23606797749979, 211.14213222377006]",custom_davids_medium_D_0.jpg
36,custom,davids,medium,D,4,False,True,False,97569596,"['1.0', ' 2.23606797749979', ' 2.23606797749979', ' 211.1539722572133']","[1.0, 2.23606797749979, 2.23606797749979, 211.1539722572133]",custom_davids_medium_D_1.jpg
37,custom,davids,medium,D,4,True,True,True,97592970,"['0.0', ' 1.0', ' 1.4142135623730951', ' 3.0']","[0.0, 1.0, 1.4142135623730951, 3.0]",custom_davids_medium_D_2.jpg
38,custom,davids,medium,D,4,True,True,True,100962893,"['1.0', ' 1.0', ' 1.0', ' 2.23606797749979']","[1.0, 1.0, 1.0, 2.23606797749979]",custom_davids_medium_D_3.jpg
39,custom,davids,medium,D,4,True,True,True,97532042,"['0.0', ' 1.0', ' 1.0', ' 2.0']","[0.0, 1.0, 1.0, 2.0]",custom_davids_medium_D_4.jpg
40,custom,davids,short,A,4,True,True,True,99254876,"['1.0', ' 1.0', ' 2.23606797749979', ' 2.23606797749979']","[1.0, 1.0, 2.23606797749979, 2.23606797749979]",custom_davids_short_A_0.jpg
41,custom,davids,short,A,5,True,False,False,96460752,"['1.0', ' 1.0', ' 2.0', ' 2.23606797749979']","[1.0, 1.0, 2.0, 2.23606797749979, 281.18677067031444]",custom_davids_short_A_1.jpg
42,custom,davids,short,A,4,False,True,False,96010282,"['1.0', ' 1.0', ' 3.1622776601683795', ' 7.211102550927978']","[1.0, 1.0, 3.1622776601683795, 7.211102550927978]",custom_davids_short_A_2.jpg
43,custom,davids,short,A,1,True,False,False,95092914,['0.0'],[0.0],custom_davids_short_A_3.jpg
44,custom,davids,short,A,4,False,True,False,93189014,"['1.0', ' 2.8284271247461903', ' 8.94427190999916', ' 10.198039027185569']","[1.0, 2.8284271247461903, 8.94427190999916, 10.198039027185569]",custom_davids_short_A_4.jpg
45,custom,davids,short,B,4,True,True,True,101193361,"['1.0', ' 1.4142135623730951', ' 1.4142135623730951', ' 3.0']","[1.0, 1.4142135623730951, 1.4142135623730951, 3.0]",custom_davids_short_B_0.jpg
46,custom,davids,short,B,3,True,False,False,105189917,"['0.0', ' 1.0', ' 2.23606797749979']","[0.0, 1.0, 2.23606797749979]",custom_davids_short_B_1.jpg
47,custom,davids,short,B,3,False,False,False,101595423,"['1.0', ' 2.23606797749979', ' 11.045361017187261']","[1.0, 2.23606797749979, 11.045361017187261]",custom_davids_short_B_2.jpg
48,custom,davids,short,B,4,False,True,False,98166253,"['1.0', ' 2.0', ' 13.038404810405298', ' 179.4017837146554']","[1.0, 2.0, 13.038404810405298, 179.4017837146554]",custom_davids_short_B_3.jpg
49,custom,davids,short,B,3,True,False,False,92190998,"['0.0', ' 1.0', ' 2.0']","[0.0, 1.0, 2.0]",custom_davids_short_B_4.jpg
50,custom,davids,short,C,1,True,False,False,97404737,['1.0'],[1.0],custom_davids_short_C_0.jpg
51,custom,davids,short,C,3,False,False,False,96346470,"['1.4142135623730951', ' 2.0', ' 167.6305461424021']","[1.4142135623730951, 2.0, 167.6305461424021]",custom_davids_short_C_1.jpg
52,custom,davids,short,C,2,False,False,False,92711278,"['1.0', ' 287.3412605248331']","[1.0, 287.3412605248331]",custom_davids_short_C_2.jpg
53,custom,davids,short,C,2,True,False,False,96986934,"['0.0', ' 1.4142135623730951']","[0.0, 1.4142135623730951]",custom_davids_short_C_3.jpg
54,custom,davids,short,C,2,True,False,False,92858519,"['0.0', ' 2.0']","[0.0, 2.0]",custom_davids_short_C_4.jpg
55,custom,davids,short,D,3,True,False,False,94015499,"['0.0', ' 1.0', ' 1.4142135623730951']","[0.0, 1.0, 1.4142135623730951]",custom_davids_short_D_0.jpg
56,custom,davids,short,D,3,True,False,False,106949273,"['0.0', ' 1.0', ' 2.23606797749979']","[0.0, 1.0, 2.23606797749979]",custom_davids_short_D_1.jpg
57,custom,davids,short,D,5,True,False,False,95020566,"['0.0', ' 0.0', ' 1.0', ' 4.123105625617661']","[0.0, 0.0, 1.0, 4.123105625617661, 238.447059113758]",custom_davids_short_D_2.jpg
58,custom,davids,short,D,5,False,False,False,100590852,"['0.0', ' 1.0', ' 2.0', ' 218.87439320304236']","[0.0, 1.0, 2.0, 218.87439320304236, 293.027302482209]",custom_davids_short_D_3.jpg
59,custom,davids,short,D,3,False,False,False,89951084,"['1.0', ' 1.0', ' 6.0']","[1.0, 1.0, 6.0]",custom_davids_short_D_4.jpg
60,custom,jack_cole,high,A,4,True,True,True,84787290,"['0.0', ' 1.0', ' 1.4142135623730951', ' 2.23606797749979']","[0.0, 1.0, 1.4142135623730951, 2.23606797749979]",custom_jack_cole_high_A_0.jpg
61,custom,jack_cole,high,A,4,True,True,True,83109709,"['0.0', ' 1.0', ' 1.0', ' 2.23606797749979']","[0.0, 1.0, 1.0, 2.23606797749979]",custom_jack_cole_high_A_1.jpg
62,custom,jack_cole,high,A,4,True,True,True,84866797,"['1.4142135623730951', ' 1.4142135623730951', ' 2.0', ' 2.23606797749979']","[1.4142135623730951, 1.4142135623730951, 2.0, 2.23606797749979]",custom_jack_cole_high_A_2.jpg
63,custom,jack_cole,high,A,4,True,True,True,81314594,"['1.0', ' 1.0', ' 1.0', ' 1.4142135623730951']","[1.0, 1.0, 1.0, 1.4142135623730951]",custom_jack_cole_high_A_3.jpg
64,custom,jack_cole,high,A,4,True,True,True,77041118,"['0.0', ' 1.4142135623730951', ' 2.23606797749979', ' 2.23606797749979']","[0.0, 1.4142135623730951, 2.23606797749979, 2.23606797749979]",custom_jack_cole_high_A_4.jpg
65,custom,jack_cole,high,B,4,True,True,True,85686261,"['1.0', ' 1.0', ' 1.0', ' 1.4142135623730951']","[1.0, 1.0, 1.0, 1.4142135623730951]",custom_jack_cole_high_B_0.jpg
66,custom,jack_cole,high,B,4,True,True,True,83438461,"['1.0', ' 1.4142135623730951', ' 1.4142135623730951', ' 1.4142135623730951']","[1.0, 1.4142135623730951, 1.4142135623730951, 1.4142135623730951]",custom_jack_cole_high_B_1.jpg
67,custom,jack_cole,high,B,4,True,True,True,89892143,"['1.0', ' 1.4142135623730951', ' 2.23606797749979', ' 2.23606797749979']","[1.0, 1.4142135623730951, 2.23606797749979, 2.23606797749979]",custom_jack_cole_high_B_2.jpg
68,custom,jack_cole,high,B,4,True,True,True,90554981,"['0.0', ' 1.0', ' 1.0', ' 1.4142135623730951']","[0.0, 1.0, 1.0, 1.4142135623730951]",custom_jack_cole_high_B_3.jpg
69,custom,jack_cole,high,B,4,True,True,True,75264619,"['0.0', ' 1.0', ' 1.0', ' 1.0']","[0.0, 1.0, 1.0, 1.0]",custom_jack_cole_high_B_4.jpg
70,custom,jack_cole,high,C,3,False,False,False,81102312,"['1.4142135623730951', ' 3.0', ' 203.22647465327935']","[1.4142135623730951, 3.0, 203.22647465327935]",custom_jack_cole_high_C_0.jpg
71,custom,jack_cole,high,C,3,False,False,False,86183422,"['1.0', ' 1.0', ' 203.03940504246953']","[1.0, 1.0, 203.03940504246953]",custom_jack_cole_high_C_1.jpg
72,custom,jack_cole,high,C,4,False,True,False,87750204,"['0.0', ' 1.0', ' 311.62316987027776', ' 732.002732235338']","[0.0, 1.0, 311.62316987027776, 732.002732235338]",custom_jack_cole_high_C_2.jpg
73,custom,jack_cole,high,C,3,False,False,False,84524954,"['1.0', ' 2.23606797749979', ' 295.10845463998487']","[1.0, 2.23606797749979, 295.10845463998487]",custom_jack_cole_high_C_3.jpg
74,custom,jack_cole,high,C,1,True,False,False,84794484,['1.0'],[1.0],custom_jack_cole_high_C_4.jpg
75,custom,jack_cole,high,D,5,True,False,False,84403876,"['1.4142135623730951', ' 2.0', ' 2.23606797749979', ' 2.23606797749979']","[1.4142135623730951, 2.0, 2.23606797749979, 2.23606797749979, 224.32119828495925]",custom_jack_cole_high_D_0.jpg
76,custom,jack_cole,high,D,5,False,False,False,84871676,"['1.0', ' 1.0', ' 1.4142135623730951', ' 9.055385138137417']","[1.0, 1.0, 1.4142135623730951, 9.055385138137417, 171.49344010777787]",custom_jack_cole_high_D_1.jpg
77,custom,jack_cole,high,D,5,False,False,False,84588385,"['1.0', ' 1.4142135623730951', ' 3.605551275463989', ' 10.0']","[1.0, 1.4142135623730951, 3.605551275463989, 10.0, 197.77006851391846]",custom_jack_cole_high_D_2.jpg
78,custom,jack_cole,high,D,5,False,False,False,89613954,"['1.0', ' 1.0', ' 1.4142135623730951', ' 8.54400374531753']","[1.0, 1.0, 1.4142135623730951, 8.54400374531753, 204.3624231604235]",custom_jack_cole_high_D_3.jpg
79,custom,jack_cole,high,D,4,True,True,True,80272179,"['1.0', ' 1.0', ' 1.4142135623730951', ' 2.0']","[1.0, 1.0, 1.4142135623730951, 2.0]",custom_jack_cole_high_D_4.jpg
80,custom,jack_cole,medium,A,4,True,True,True,87062712,"['1.0', ' 1.4142135623730951', ' 1.4142135623730951', ' 2.0']","[1.0, 1.4142135623730951, 1.4142135623730951, 2.0]",custom_jack_cole_medium_A_0.jpg
81,custom,jack_cole,medium,A,5,True,False,False,91374748,"['1.0', ' 1.4142135623730951', ' 2.23606797749979', ' 3.0']","[1.0, 1.4142135623730951, 2.23606797749979, 3.0, 191.60375779195982]",custom_jack_cole_medium_A_1.jpg
82,custom,jack_cole,medium,A,5,True,False,False,88794013,"['1.0', ' 1.0', ' 1.0', ' 1.4142135623730951']","[1.0, 1.0, 1.0, 1.4142135623730951, 492.6662156064692]",custom_jack_cole_medium_A_2.jpg
83,custom,jack_cole,medium,A,5,True,False,False,88634583,"['0.0', ' 0.0', ' 1.4142135623730951', ' 2.23606797749979']","[0.0, 0.0, 1.4142135623730951, 2.23606797749979, 211.3575170179665]",custom_jack_cole_medium_A_3.jpg
84,custom,jack_cole,medium,A,4,True,True,True,87210502,"['1.0', ' 1.4142135623730951', ' 1.4142135623730951', ' 2.0']","[1.0, 1.4142135623730951, 1.4142135623730951, 2.0]",custom_jack_cole_medium_A_4.jpg
85,custom,jack_cole,medium,B,5,True,False,False,92666224,"['1.0', ' 1.0', ' 1.4142135623730951', ' 1.4142135623730951']","[1.0, 1.0, 1.4142135623730951, 1.4142135623730951, 231.46490014686893]",custom_jack_cole_medium_B_0.jpg
86,custom,jack_cole,medium,B,4,True,True,True,88749806,"['0.0', ' 1.0', ' 2.23606797749979', ' 2.23606797749979']","[0.0, 1.0, 2.23606797749979, 2.23606797749979]",custom_jack_cole_medium_B_1.jpg
87,custom,jack_cole,medium,B,4,True,True,True,89124964,"['1.0', ' 2.0', ' 2.0', ' 2.23606797749979']","[1.0, 2.0, 2.0, 2.23606797749979]",custom_jack_cole_medium_B_2.jpg
88,custom,jack_cole,medium,B,4,True,True,True,87575413,"['1.4142135623730951', ' 2.0', ' 2.23606797749979', ' 3.0']","[1.4142135623730951, 2.0, 2.23606797749979, 3.0]",custom_jack_cole_medium_B_3.jpg
89,custom,jack_cole,medium,B,4,False,True,False,85078631,"['0.0', ' 1.0', ' 3.1622776601683795', ' 5.0']","[0.0, 1.0, 3.1622776601683795, 5.0]",custom_jack_cole_medium_B_4.jpg
90,custom,jack_cole,medium,C,1,True,False,False,89633956,['1.4142135623730951'],[1.4142135623730951],custom_jack_cole_medium_C_0.jpg
91,custom,jack_cole,medium,C,3,False,False,False,87186284,"['0.0', ' 4.0', ' 177.88198334851114']","[0.0, 4.0, 177.88198334851114]",custom_jack_cole_medium_C_1.jpg
92,custom,jack_cole,medium,C,3,False,False,False,94860345,"['2.0', ' 4.123105625617661', ' 286.50479926172267']","[2.0, 4.123105625617661, 286.50479926172267]",custom_jack_cole_medium_C_2.jpg
93,custom,jack_cole,medium,C,3,False,False,False,95713117,"['2.23606797749979', ' 3.1622776601683795', ' 609.3808333054134']","[2.23606797749979, 3.1622776601683795, 609.3808333054134]",custom_jack_cole_medium_C_3.jpg
94,custom,jack_cole,medium,C,2,True,False,False,89776269,"['2.23606797749979', ' 2.8284271247461903']","[2.23606797749979, 2.8284271247461903]",custom_jack_cole_medium_C_4.jpg
95,custom,jack_cole,medium,D,4,True,True,True,88154543,"['2.0', ' 2.0', ' 2.23606797749979', ' 3.0']","[2.0, 2.0, 2.23606797749979, 3.0]",custom_jack_cole_medium_D_0.jpg
96,custom,jack_cole,medium,D,4,True,True,True,91093860,"['0.0', ' 1.0', ' 1.4142135623730951', ' 2.0']","[0.0, 1.0, 1.4142135623730951, 2.0]",custom_jack_cole_medium_D_1.jpg
97,custom,jack_cole,medium,D,4,True,True,True,86977251,"['1.0', ' 1.0', ' 1.4142135623730951', ' 2.0']","[1.0, 1.0, 1.4142135623730951, 2.0]",custom_jack_cole_medium_D_2.jpg
98,custom,jack_cole,medium,D,6,True,False,False,91237202,"['1.0', ' 1.4142135623730951', ' 1.4142135623730951', ' 2.23606797749979']","[1.0, 1.4142135623730951, 1.4142135623730951, 2.23606797749979, 157.16551784663199, 251.9206224190469]",custom_jack_cole_medium_D_3.jpg
99,custom,jack_cole,medium,D,4,True,True,True,83706347,"['1.0', ' 1.4142135623730951', ' 2.23606797749979', ' 4.47213595499958']","[1.0, 1.4142135623730951, 2.23606797749979, 4.47213595499958]",custom_jack_cole_medium_D_4.jpg
100,custom,jack_cole,short,A,6,True,False,False,91175996,"['1.0', ' 2.23606797749979', ' 3.1622776601683795', ' 3.605551275463989']","[1.0, 2.23606797749979, 3.1622776601683795, 3.605551275463989, 294.838939083697, 425.60662588827256]",custom_jack_cole_short_A_0.jpg
101,custom,jack_cole,short,A,5,True,False,False,86683562,"['1.4142135623730951', ' 2.23606797749979', ' 3.0', ' 3.0']","[1.4142135623730951, 2.23606797749979, 3.0, 3.0, 561.3448138176748]",custom_jack_cole_short_A_1.jpg
102,custom,jack_cole,short,A,6,True,False,False,95244985,"['1.0', ' 1.0', ' 1.0', ' 1.4142135623730951']","[1.0, 1.0, 1.0, 1.4142135623730951, 230.3584163862914, 504.9683158377365]",custom_jack_cole_short_A_2.jpg
103,custom,jack_cole,short,A,5,True,False,False,91946192,"['1.4142135623730951', ' 1.4142135623730951', ' 3.1622776601683795', ' 3.605551275463989']","[1.4142135623730951, 1.4142135623730951, 3.1622776601683795, 3.605551275463989, 373.1621631409058]",custom_jack_cole_short_A_3.jpg
104,custom,jack_cole,short,A,4,True,True,True,84467687,"['1.4142135623730951', ' 2.23606797749979', ' 2.23606797749979', ' 4.242640687119285']","[1.4142135623730951, 2.23606797749979, 2.23606797749979, 4.242640687119285]",custom_jack_cole_short_A_4.jpg
105,custom,jack_cole,short,B,6,True,False,False,88690155,"['0.0', ' 1.0', ' 1.4142135623730951', ' 2.0']","[0.0, 1.0, 1.4142135623730951, 2.0, 326.33878102364724, 335.4519339637201]",custom_jack_cole_short_B_0.jpg
106,custom,jack_cole,short,B,7,True,False,False,92362618,"['1.0', ' 1.0', ' 1.0', ' 2.0']","[1.0, 1.0, 1.0, 2.0, 167.72000476985446, 225.85836269662454, 523.2150609453057]",custom_jack_cole_short_B_1.jpg
107,custom,jack_cole,short,B,5,True,False,False,96457952,"['1.0', ' 1.0', ' 1.4142135623730951', ' 2.0']","[1.0, 1.0, 1.4142135623730951, 2.0, 228.4841351166422]",custom_jack_cole_short_B_2.jpg
108,custom,jack_cole,short,B,4,True,True,True,97272208,"['0.0', ' 1.4142135623730951', ' 2.0', ' 2.0']","[0.0, 1.4142135623730951, 2.0, 2.0]",custom_jack_cole_short_B_3.jpg
109,custom,jack_cole,short,B,4,True,True,True,81967982,"['0.0', ' 1.4142135623730951', ' 2.23606797749979', ' 2.8284271247461903']","[0.0, 1.4142135623730951, 2.23606797749979, 2.8284271247461903]",custom_jack_cole_short_B_4.jpg
110,custom,jack_cole,short,C,2,True,False,False,92301786,"['1.0', ' 2.23606797749979']","[1.0, 2.23606797749979]",custom_jack_cole_short_C_0.jpg
111,custom,jack_cole,short,C,4,False,True,False,95150460,"['2.23606797749979', ' 3.0', ' 239.9416595758227', ' 300.24823063591896']","[2.23606797749979, 3.0, 239.9416595758227, 300.24823063591896]",custom_jack_cole_short_C_1.jpg
112,custom,jack_cole,short,C,4,False,True,False,95914454,"['1.0', ' 2.0', ' 274.0164228654918', ' 438.9453268916301']","[1.0, 2.0, 274.0164228654918, 438.9453268916301]",custom_jack_cole_short_C_2.jpg
113,custom,jack_cole,short,C,4,False,True,False,90888359,"['2.23606797749979', ' 2.23606797749979', ' 438.32065887886233', ' 486.9917863783742']","[2.23606797749979, 2.23606797749979, 438.32065887886233, 486.9917863783742]",custom_jack_cole_short_C_3.jpg
114,custom,jack_cole,short,C,2,True,False,False,88289615,"['2.8284271247461903', ' 4.0']","[2.8284271247461903, 4.0]",custom_jack_cole_short_C_4.jpg
115,custom,jack_cole,short,D,6,True,False,False,89219095,"['0.0', ' 1.4142135623730951', ' 2.0', ' 2.23606797749979']","[0.0, 1.4142135623730951, 2.0, 2.23606797749979, 332.91590529741893, 357.73314076277586]",custom_jack_cole_short_D_0.jpg
116,custom,jack_cole,short,D,6,True,False,False,93415183,"['0.0', ' 1.4142135623730951', ' 2.23606797749979', ' 3.1622776601683795']","[0.0, 1.4142135623730951, 2.23606797749979, 3.1622776601683795, 189.44656238633627, 232.31228981696168]",custom_jack_cole_short_D_1.jpg
117,custom,jack_cole,short,D,5,True,False,False,91292908,"['1.0', ' 1.0', ' 1.4142135623730951', ' 1.4142135623730951']","[1.0, 1.0, 1.4142135623730951, 1.4142135623730951, 333.44414824674914]",custom_jack_cole_short_D_2.jpg
118,custom,jack_cole,short,D,4,True,True,True,88651004,"['0.0', ' 2.23606797749979', ' 2.23606797749979', ' 3.1622776601683795']","[0.0, 2.23606797749979, 2.23606797749979, 3.1622776601683795]",custom_jack_cole_short_D_3.jpg
119,custom,jack_cole,short,D,4,True,True,True,88496831,"['2.0', ' 2.23606797749979', ' 2.8284271247461903', ' 2.8284271247461903']","[2.0, 2.23606797749979, 2.8284271247461903, 2.8284271247461903]",custom_jack_cole_short_D_4.jpg
120,custom,john_honey,high,A,4,True,True,True,104176115,"['1.0', ' 1.0', ' 3.1622776601683795', ' 3.1622776601683795']","[1.0, 1.0, 3.1622776601683795, 3.1622776601683795]",custom_john_honey_high_A_0.jpg
121,custom,john_honey,high,A,2,False,False,False,102861881,"['1.4142135623730951', ' 5.0']","[1.4142135623730951, 5.0]",custom_john_honey_high_A_1.jpg
122,custom,john_honey,high,A,4,True,True,True,100599506,"['0.0', ' 1.0', ' 1.4142135623730951', ' 1.4142135623730951']","[0.0, 1.0, 1.4142135623730951, 1.4142135623730951]",custom_john_honey_high_A_2.jpg
123,custom,john_honey,high,A,4,True,True,True,103275286,"['0.0', ' 1.0', ' 2.23606797749979', ' 2.8284271247461903']","[0.0, 1.0, 2.23606797749979, 2.8284271247461903]",custom_john_honey_high_A_3.jpg
124,custom,john_honey,high,A,4,True,True,True,104793964,"['1.0', ' 1.0', ' 1.4142135623730951', ' 1.4142135623730951']","[1.0, 1.0, 1.4142135623730951, 1.4142135623730951]",custom_john_honey_high_A_4.jpg
125,custom,john_honey,high,B,3,True,False,False,100765140,"['1.0', ' 1.0', ' 2.0']","[1.0, 1.0, 2.0]",custom_john_honey_high_B_0.jpg
126,custom,john_honey,high,B,3,True,False,False,97701576,"['1.0', ' 1.0', ' 1.4142135623730951']","[1.0, 1.0, 1.4142135623730951]",custom_john_honey_high_B_1.jpg
127,custom,john_honey,high,B,3,False,False,False,98075738,"['1.0', ' 2.0', ' 5.0']","[1.0, 2.0, 5.0]",custom_john_honey_high_B_2.jpg
128,custom,john_honey,high,B,3,True,False,False,102818299,"['1.4142135623730951', ' 2.0', ' 3.0']","[1.4142135623730951, 2.0, 3.0]",custom_john_honey_high_B_3.jpg
129,custom,john_honey,high,B,3,True,False,False,92147577,"['1.0', ' 1.0', ' 1.4142135623730951']","[1.0, 1.0, 1.4142135623730951]",custom_john_honey_high_B_4.jpg
130,custom,john_honey,high,C,2,True,False,False,103059031,"['1.0', ' 1.0']","[1.0, 1.0]",custom_john_honey_high_C_0.jpg
131,custom,john_honey,high,C,2,False,False,False,99945322,"['2.23606797749979', ' 5.830951894845301']","[2.23606797749979, 5.830951894845301]",custom_john_honey_high_C_1.jpg
132,custom,john_honey,high,C,2,True,False,False,103739521,"['0.0', ' 1.0']","[0.0, 1.0]",custom_john_honey_high_C_2.jpg
133,custom,john_honey,high,C,1,True,False,False,98816935,['1.0'],[1.0],custom_john_honey_high_C_3.jpg
134,custom,john_honey,high,C,2,True,False,False,95831366,"['1.0', ' 1.4142135623730951']","[1.0, 1.4142135623730951]",custom_john_honey_high_C_4.jpg
135,custom,john_honey,high,D,4,True,True,True,104280300,"['1.0', ' 1.0', ' 1.4142135623730951', ' 2.23606797749979']","[1.0, 1.0, 1.4142135623730951, 2.23606797749979]",custom_john_honey_high_D_0.jpg
136,custom,john_honey,high,D,4,True,True,True,98961888,"['1.0', ' 1.0', ' 1.4142135623730951', ' 2.23606797749979']","[1.0, 1.0, 1.4142135623730951, 2.23606797749979]",custom_john_honey_high_D_1.jpg
137,custom,john_honey,high,D,4,True,True,True,104506877,"['0.0', ' 1.4142135623730951', ' 2.0', ' 2.0']","[0.0, 1.4142135623730951, 2.0, 2.0]",custom_john_honey_high_D_2.jpg
138,custom,john_honey,high,D,4,True,True,True,104755092,"['0.0', ' 1.0', ' 1.4142135623730951', ' 1.4142135623730951']","[0.0, 1.0, 1.4142135623730951, 1.4142135623730951]",custom_john_honey_high_D_3.jpg
139,custom,john_honey,high,D,4,True,True,True,97789539,"['1.0', ' 1.0', ' 2.0', ' 2.23606797749979']","[1.0, 1.0, 2.0, 2.23606797749979]",custom_john_honey_high_D_4.jpg
140,custom,john_honey,medium,A,4,True,True,True,99846508,"['0.0', ' 1.0', ' 1.0', ' 1.0']","[0.0, 1.0, 1.0, 1.0]",custom_john_honey_medium_A_0.jpg
141,custom,john_honey,medium,A,4,True,True,True,108766653,"['0.0', ' 1.0', ' 1.0', ' 1.4142135623730951']","[0.0, 1.0, 1.0, 1.4142135623730951]",custom_john_honey_medium_A_1.jpg
142,custom,john_honey,medium,A,4,True,True,True,105736843,"['0.0', ' 0.0', ' 1.0', ' 1.4142135623730951']","[0.0, 0.0, 1.0, 1.4142135623730951]",custom_john_honey_medium_A_2.jpg
143,custom,john_honey,medium,A,5,True,False,False,110182626,"['1.0', ' 1.4142135623730951', ' 1.4142135623730951', ' 2.0']","[1.0, 1.4142135623730951, 1.4142135623730951, 2.0, 396.92064698123227]",custom_john_honey_medium_A_3.jpg
144,custom,john_honey,medium,A,4,True,True,True,107264046,"['1.0', ' 1.0', ' 1.4142135623730951', ' 1.4142135623730951']","[1.0, 1.0, 1.4142135623730951, 1.4142135623730951]",custom_john_honey_medium_A_4.jpg
145,custom,john_honey,medium,B,5,True,False,False,110884618,"['1.0', ' 1.0', ' 1.0', ' 4.0']","[1.0, 1.0, 1.0, 4.0, 367.03405836516043]",custom_john_honey_medium_B_0.jpg
146,custom,john_honey,medium,B,4,True,True,True,101903903,"['1.0', ' 1.0', ' 2.23606797749979', ' 4.123105625617661']","[1.0, 1.0, 2.23606797749979, 4.123105625617661]",custom_john_honey_medium_B_1.jpg
147,custom,john_honey,medium,B,4,True,True,True,106369329,"['0.0', ' 1.4142135623730951', ' 2.23606797749979', ' 3.605551275463989']","[0.0, 1.4142135623730951, 2.23606797749979, 3.605551275463989]",custom_john_honey_medium_B_2.jpg
148,custom,john_honey,medium,B,4,True,True,True,105704833,"['1.0', ' 1.0', ' 2.0', ' 2.8284271247461903']","[1.0, 1.0, 2.0, 2.8284271247461903]",custom_john_honey_medium_B_3.jpg
149,custom,john_honey,medium,B,4,True,True,True,105379003,"['1.0', ' 1.4142135623730951', ' 2.23606797749979', ' 3.1622776601683795']","[1.0, 1.4142135623730951, 2.23606797749979, 3.1622776601683795]",custom_john_honey_medium_B_4.jpg
150,custom,john_honey,medium,C,2,True,False,False,103402073,"['1.0', ' 1.4142135623730951']","[1.0, 1.4142135623730951]",custom_john_honey_medium_C_0.jpg
151,custom,john_honey,medium,C,2,True,False,False,103921891,"['1.0', ' 1.4142135623730951']","[1.0, 1.4142135623730951]",custom_john_honey_medium_C_1.jpg
152,custom,john_honey,medium,C,2,True,False,False,102236569,"['1.0', ' 1.4142135623730951']","[1.0, 1.4142135623730951]",custom_john_honey_medium_C_2.jpg
153,custom,john_honey,medium,C,2,True,False,False,105895472,"['1.0', ' 1.4142135623730951']","[1.0, 1.4142135623730951]",custom_john_honey_medium_C_3.jpg
154,custom,john_honey,medium,C,2,True,False,False,101529619,"['1.0', ' 1.0']","[1.0, 1.0]",custom_john_honey_medium_C_4.jpg
155,custom,john_honey,medium,D,4,True,True,True,100864900,"['0.0', ' 1.0', ' 1.4142135623730951', ' 2.23606797749979']","[0.0, 1.0, 1.4142135623730951, 2.23606797749979]",custom_john_honey_medium_D_0.jpg
156,custom,john_honey,medium,D,4,True,True,True,115380929,"['0.0', ' 1.0', ' 1.4142135623730951', ' 1.4142135623730951']","[0.0, 1.0, 1.4142135623730951, 1.4142135623730951]",custom_john_honey_medium_D_1.jpg
157,custom,john_honey,medium,D,4,True,True,True,104503581,"['0.0', ' 1.4142135623730951', ' 1.4142135623730951', ' 1.4142135623730951']","[0.0, 1.4142135623730951, 1.4142135623730951, 1.4142135623730951]",custom_john_honey_medium_D_2.jpg
158,custom,john_honey,medium,D,4,True,True,True,108564937,"['1.0', ' 1.0', ' 1.0', ' 2.23606797749979']","[1.0, 1.0, 1.0, 2.23606797749979]",custom_john_honey_medium_D_3.jpg
159,custom,john_honey,medium,D,4,True,True,True,100104061,"['1.0', ' 1.4142135623730951', ' 1.4142135623730951', ' 2.23606797749979']","[1.0, 1.4142135623730951, 1.4142135623730951, 2.23606797749979]",custom_john_honey_medium_D_4.jpg
160,custom,john_honey,short,A,5,True,False,False,104829228,"['0.0', ' 1.0', ' 1.4142135623730951', ' 2.0']","[0.0, 1.0, 1.4142135623730951, 2.0, 592.669385070631]",custom_john_honey_short_A_0.jpg
161,custom,john_honey,short,A,5,True,False,False,110485822,"['1.4142135623730951', ' 2.23606797749979', ' 2.23606797749979', ' 3.0']","[1.4142135623730951, 2.23606797749979, 2.23606797749979, 3.0, 344.28040896920055]",custom_john_honey_short_A_1.jpg
162,custom,john_honey,short,A,5,True,False,False,114472241,"['1.0', ' 1.0', ' 1.4142135623730951', ' 2.0']","[1.0, 1.0, 1.4142135623730951, 2.0, 511.2973694436536]",custom_john_honey_short_A_2.jpg
163,custom,john_honey,short,A,4,True,True,True,109143980,"['1.0', ' 1.4142135623730951', ' 2.0', ' 2.0']","[1.0, 1.4142135623730951, 2.0, 2.0]",custom_john_honey_short_A_3.jpg
164,custom,john_honey,short,A,4,True,True,True,106427177,"['0.0', ' 1.4142135623730951', ' 2.23606797749979', ' 2.23606797749979']","[0.0, 1.4142135623730951, 2.23606797749979, 2.23606797749979]",custom_john_honey_short_A_4.jpg
165,custom,john_honey,short,B,5,True,False,False,113533935,"['1.0', ' 1.0', ' 2.23606797749979', ' 2.23606797749979']","[1.0, 1.0, 2.23606797749979, 2.23606797749979, 546.2600113499066]",custom_john_honey_short_B_0.jpg
166,custom,john_honey,short,B,4,True,True,True,107770731,"['1.0', ' 2.0', ' 2.23606797749979', ' 3.0']","[1.0, 2.0, 2.23606797749979, 3.0]",custom_john_honey_short_B_1.jpg
167,custom,john_honey,short,B,4,True,True,True,104790906,"['0.0', ' 1.0', ' 1.4142135623730951', ' 1.4142135623730951']","[0.0, 1.0, 1.4142135623730951, 1.4142135623730951]",custom_john_honey_short_B_2.jpg
168,custom,john_honey,short,B,4,True,True,True,102052805,"['1.0', ' 1.0', ' 1.0', ' 3.0']","[1.0, 1.0, 1.0, 3.0]",custom_john_honey_short_B_3.jpg
169,custom,john_honey,short,B,4,True,True,True,101349747,"['1.0', ' 1.0', ' 1.0', ' 3.0']","[1.0, 1.0, 1.0, 3.0]",custom_john_honey_short_B_4.jpg
170,custom,john_honey,short,C,3,False,False,False,110639845,"['1.4142135623730951', ' 2.8284271247461903', ' 506.0039525537325']","[1.4142135623730951, 2.8284271247461903, 506.0039525537325]",custom_john_honey_short_C_0.jpg
171,custom,john_honey,short,C,2,True,False,False,111898492,"['1.0', ' 2.23606797749979']","[1.0, 2.23606797749979]",custom_john_honey_short_C_1.jpg
172,custom,john_honey,short,C,3,False,False,False,105068167,"['1.0', ' 4.123105625617661', ' 358.75479090877656']","[1.0, 4.123105625617661, 358.75479090877656]",custom_john_honey_short_C_2.jpg
173,custom,john_honey,short,C,2,True,False,False,103892568,"['1.0', ' 2.0']","[1.0, 2.0]",custom_john_honey_short_C_3.jpg
174,custom,john_honey,short,C,2,True,False,False,98352073,"['1.4142135623730951', ' 1.4142135623730951']","[1.4142135623730951, 1.4142135623730951]",custom_john_honey_short_C_4.jpg
175,custom,john_honey,short,D,4,True,True,True,110412694,"['0.0', ' 1.0', ' 1.4142135623730951', ' 2.23606797749979']","[0.0, 1.0, 1.4142135623730951, 2.23606797749979]",custom_john_honey_short_D_0.jpg
176,custom,john_honey,short,D,5,True,False,False,114785436,"['1.0', ' 1.0', ' 1.4142135623730951', ' 1.4142135623730951']","[1.0, 1.0, 1.4142135623730951, 1.4142135623730951, 427.8469352467071]",custom_john_honey_short_D_1.jpg
177,custom,john_honey,short,D,4,True,True,True,112626580,"['0.0', ' 1.4142135623730951', ' 1.4142135623730951', ' 2.23606797749979']","[0.0, 1.4142135623730951, 1.4142135623730951, 2.23606797749979]",custom_john_honey_short_D_2.jpg
178,custom,john_honey,short,D,4,True,True,True,110160034,"['0.0', ' 1.4142135623730951', ' 1.4142135623730951', ' 2.0']","[0.0, 1.4142135623730951, 1.4142135623730951, 2.0]",custom_john_honey_short_D_3.jpg
179,custom,john_honey,short,D,4,True,True,True,102332325,"['0.0', ' 1.0', ' 1.0', ' 1.4142135623730951']","[0.0, 1.0, 1.0, 1.4142135623730951]",custom_john_honey_short_D_4.jpg
180,custom,michaels,high,A,2,True,False,False,89472527,"['0.0', ' 0.0']","[0.0, 0.0]",custom_michaels_high_A_0.jpg
181,custom,michaels,high,A,2,True,False,False,84420445,"['1.0', ' 1.0']","[1.0, 1.0]",custom_michaels_high_A_1.jpg
182,custom,michaels,high,A,4,True,True,True,88367489,"['1.0', ' 1.0', ' 1.4142135623730951', ' 1.4142135623730951']","[1.0, 1.0, 1.4142135623730951, 1.4142135623730951]",custom_michaels_high_A_2.jpg
183,custom,michaels,high,A,5,True,False,False,89572691,"['0.0', ' 1.0', ' 1.0', ' 1.0']","[0.0, 1.0, 1.0, 1.0, 166.85922210054798]",custom_michaels_high_A_3.jpg
184,custom,michaels,high,A,4,True,True,True,86632748,"['0.0', ' 1.4142135623730951', ' 1.4142135623730951', ' 2.0']","[0.0, 1.4142135623730951, 1.4142135623730951, 2.0]",custom_michaels_high_A_4.jpg
185,custom,michaels,high,B,7,True,False,False,94171333,"['0.0', ' 1.0', ' 2.8284271247461903', ' 3.605551275463989']","[0.0, 1.0, 2.8284271247461903, 3.605551275463989, 114.54256850621083, 943.7059923514314, 954.1388787802329]",custom_michaels_high_B_0.jpg
186,custom,michaels,high,B,5,True,False,False,91582450,"['1.0', ' 1.0', ' 1.4142135623730951', ' 2.0']","[1.0, 1.0, 1.4142135623730951, 2.0, 107.33592129385204]",custom_michaels_high_B_1.jpg
187,custom,michaels,high,B,4,True,True,True,89673950,"['1.0', ' 1.4142135623730951', ' 1.4142135623730951', ' 2.23606797749979']","[1.0, 1.4142135623730951, 1.4142135623730951, 2.23606797749979]",custom_michaels_high_B_2.jpg
188,custom,michaels,high,B,4,False,True,False,88163281,"['1.0', ' 3.1622776601683795', ' 4.123105625617661', ' 354.0903839417275']","[1.0, 3.1622776601683795, 4.123105625617661, 354.0903839417275]",custom_michaels_high_B_3.jpg
189,custom,michaels,high,B,5,True,False,False,93925456,"['0.0', ' 1.0', ' 1.4142135623730951', ' 2.0']","[0.0, 1.0, 1.4142135623730951, 2.0, 892.3866874847473]",custom_michaels_high_B_4.jpg
190,custom,michaels,high,C,4,False,True,False,94525903,"['1.4142135623730951', ' 2.23606797749979', ' 245.7356303021603', ' 795.9095425989061']","[1.4142135623730951, 2.23606797749979, 245.7356303021603, 795.9095425989061]",custom_michaels_high_C_0.jpg
191,custom,michaels,high,C,3,False,False,False,90865721,"['0.0', ' 1.0', ' 183.69812192834198']","[0.0, 1.0, 183.69812192834198]",custom_michaels_high_C_1.jpg
192,custom,michaels,high,C,2,True,False,False,87210381,"['1.0', ' 1.0']","[1.0, 1.0]",custom_michaels_high_C_2.jpg
193,custom,michaels,high,C,2,True,False,False,85646987,"['1.0', ' 1.4142135623730951']","[1.0, 1.4142135623730951]",custom_michaels_high_C_3.jpg
194,custom,michaels,high,C,2,True,False,False,86986039,"['1.0', ' 2.23606797749979']","[1.0, 2.23606797749979]",custom_michaels_high_C_4.jpg
195,custom,michaels,high,D,5,True,False,False,85927265,"['0.0', ' 0.0', ' 0.0', ' 1.4142135623730951']","[0.0, 0.0, 0.0, 1.4142135623730951, 175.31685600648902]",custom_michaels_high_D_0.jpg
196,custom,michaels,high,D,4,True,True,True,95657358,"['1.0', ' 1.0', ' 1.4142135623730951', ' 2.23606797749979']","[1.0, 1.0, 1.4142135623730951, 2.23606797749979]",custom_michaels_high_D_1.jpg
197,custom,michaels,high,D,4,False,True,False,85873044,"['1.0', ' 1.0', ' 1.0', ' 5.0']","[1.0, 1.0, 1.0, 5.0]",custom_michaels_high_D_2.jpg
198,custom,michaels,high,D,3,True,False,False,87051763,"['1.0', ' 2.23606797749979', ' 3.1622776601683795']","[1.0, 2.23606797749979, 3.1622776601683795]",custom_michaels_high_D_3.jpg
199,custom,michaels,high,D,3,False,False,False,85372264,"['1.0', ' 1.4142135623730951', ' 5.0']","[1.0, 1.4142135623730951, 5.0]",custom_michaels_high_D_4.jpg
200,custom,michaels,medium,A,4,True,True,True,92927054,"['0.0', ' 1.4142135623730951', ' 2.0', ' 2.23606797749979']","[0.0, 1.4142135623730951, 2.0, 2.23606797749979]",custom_michaels_medium_A_0.jpg
201,custom,michaels,medium,A,4,False,True,False,97764001,"['0.0', ' 1.0', ' 117.01709276853532', ' 227.86399452304877']","[0.0, 1.0, 117.01709276853532, 227.86399452304877]",custom_michaels_medium_A_1.jpg
202,custom,michaels,medium,A,4,True,True,True,86453482,"['1.0', ' 1.4142135623730951', ' 1.4142135623730951', ' 3.0']","[1.0, 1.4142135623730951, 1.4142135623730951, 3.0]",custom_michaels_medium_A_2.jpg
203,custom,michaels,medium,A,4,True,True,True,95084777,"['1.0', ' 1.0', ' 2.0', ' 2.23606797749979']","[1.0, 1.0, 2.0, 2.23606797749979]",custom_michaels_medium_A_3.jpg
204,custom,michaels,medium,A,3,True,False,False,95306362,"['0.0', ' 1.0', ' 1.4142135623730951']","[0.0, 1.0, 1.4142135623730951]",custom_michaels_medium_A_4.jpg
205,custom,michaels,medium,B,4,True,True,True,90968784,"['1.0', ' 1.0', ' 1.0', ' 1.4142135623730951']","[1.0, 1.0, 1.0, 1.4142135623730951]",custom_michaels_medium_B_0.jpg
206,custom,michaels,medium,B,4,False,True,False,90742153,"['0.0', ' 1.4142135623730951', ' 2.8284271247461903', ' 11.180339887498949']","[0.0, 1.4142135623730951, 2.8284271247461903, 11.180339887498949]",custom_michaels_medium_B_1.jpg
207,custom,michaels,medium,B,5,True,False,False,92662957,"['0.0', ' 1.4142135623730951', ' 2.23606797749979', ' 2.23606797749979']","[0.0, 1.4142135623730951, 2.23606797749979, 2.23606797749979, 238.72997298202839]",custom_michaels_medium_B_2.jpg
208,custom,michaels,medium,B,5,True,False,False,97246315,"['0.0', ' 1.0', ' 1.4142135623730951', ' 2.23606797749979']","[0.0, 1.0, 1.4142135623730951, 2.23606797749979, 227.89910048089263]",custom_michaels_medium_B_3.jpg
209,custom,michaels,medium,B,4,True,True,True,91481376,"['1.0', ' 1.0', ' 1.4142135623730951', ' 2.0']","[1.0, 1.0, 1.4142135623730951, 2.0]",custom_michaels_medium_B_4.jpg
210,custom,michaels,medium,C,1,True,False,False,96183618,['1.0'],[1.0],custom_michaels_medium_C_0.jpg
211,custom,michaels,medium,C,2,True,False,False,97315868,"['1.0', ' 2.23606797749979']","[1.0, 2.23606797749979]",custom_michaels_medium_C_1.jpg
212,custom,michaels,medium,C,3,False,False,False,95292864,"['2.23606797749979', ' 4.123105625617661', ' 139.5313584826006']","[2.23606797749979, 4.123105625617661, 139.5313584826006]",custom_michaels_medium_C_2.jpg
213,custom,michaels,medium,C,2,False,False,False,101645605,"['1.4142135623730951', ' 5.0990195135927845']","[1.4142135623730951, 5.0990195135927845]",custom_michaels_medium_C_3.jpg
214,custom,michaels,medium,C,2,True,False,False,90322735,"['0.0', ' 1.4142135623730951']","[0.0, 1.4142135623730951]",custom_michaels_medium_C_4.jpg
215,custom,michaels,medium,D,4,False,True,False,90970544,"['1.0', ' 1.0', ' 1.0', ' 7.615773105863909']","[1.0, 1.0, 1.0, 7.615773105863909]",custom_michaels_medium_D_0.jpg
216,custom,michaels,medium,D,4,True,True,True,89365463,"['0.0', ' 0.0', ' 1.4142135623730951', ' 2.23606797749979']","[0.0, 0.0, 1.4142135623730951, 2.23606797749979]",custom_michaels_medium_D_1.jpg
217,custom,michaels,medium,D,4,True,True,True,94176911,"['0.0', ' 0.0', ' 1.0', ' 1.4142135623730951']","[0.0, 0.0, 1.0, 1.4142135623730951]",custom_michaels_medium_D_2.jpg
218,custom,michaels,medium,D,4,True,True,True,94474643,"['1.0', ' 1.0', ' 1.4142135623730951', ' 1.4142135623730951']","[1.0, 1.0, 1.4142135623730951, 1.4142135623730951]",custom_michaels_medium_D_3.jpg
219,custom,michaels,medium,D,4,True,True,True,89643400,"['0.0', ' 1.0', ' 1.4142135623730951', ' 2.23606797749979']","[0.0, 1.0, 1.4142135623730951, 2.23606797749979]",custom_michaels_medium_D_4.jpg
220,custom,michaels,short,A,4,True,True,True,93113261,"['1.0', ' 1.0', ' 1.0', ' 2.23606797749979']","[1.0, 1.0, 1.0, 2.23606797749979]",custom_michaels_short_A_0.jpg
221,custom,michaels,short,A,4,True,True,True,96632082,"['0.0', ' 1.0', ' 1.4142135623730951', ' 1.4142135623730951']","[0.0, 1.0, 1.4142135623730951, 1.4142135623730951]",custom_michaels_short_A_1.jpg
222,custom,michaels,short,A,4,True,True,True,94266180,"['0.0', ' 1.4142135623730951', ' 1.4142135623730951', ' 2.0']","[0.0, 1.4142135623730951, 1.4142135623730951, 2.0]",custom_michaels_short_A_2.jpg
223,custom,michaels,short,A,5,True,False,False,95109501,"['1.0', ' 2.23606797749979', ' 2.23606797749979', ' 2.23606797749979']","[1.0, 2.23606797749979, 2.23606797749979, 2.23606797749979, 148.60013458944107]",custom_michaels_short_A_3.jpg
224,custom,michaels,short,A,4,True,True,True,88638440,"['1.0', ' 1.4142135623730951', ' 2.23606797749979', ' 2.23606797749979']","[1.0, 1.4142135623730951, 2.23606797749979, 2.23606797749979]",custom_michaels_short_A_4.jpg
225,custom,michaels,short,B,3,False,False,False,93825577,"['1.0', ' 1.4142135623730951', ' 6.0']","[1.0, 1.4142135623730951, 6.0]",custom_michaels_short_B_0.jpg
226,custom,michaels,short,B,4,True,True,True,90249408,"['1.0', ' 1.0', ' 2.23606797749979', ' 2.8284271247461903']","[1.0, 1.0, 2.23606797749979, 2.8284271247461903]",custom_michaels_short_B_1.jpg
227,custom,michaels,short,B,4,True,True,True,100136241,"['0.0', ' 1.4142135623730951', ' 1.4142135623730951', ' 2.0']","[0.0, 1.4142135623730951, 1.4142135623730951, 2.0]",custom_michaels_short_B_2.jpg
228,custom,michaels,short,B,3,True,False,False,95071893,"['1.4142135623730951', ' 2.0', ' 4.123105625617661']","[1.4142135623730951, 2.0, 4.123105625617661]",custom_michaels_short_B_3.jpg
229,custom,michaels,short,B,3,True,False,False,90587652,"['1.4142135623730951', ' 2.0', ' 2.8284271247461903']","[1.4142135623730951, 2.0, 2.8284271247461903]",custom_michaels_short_B_4.jpg
230,custom,michaels,short,C,2,True,False,False,95256048,"['0.0', ' 1.4142135623730951']","[0.0, 1.4142135623730951]",custom_michaels_short_C_0.jpg
231,custom,michaels,short,C,2,True,False,False,96113194,"['1.0', ' 1.0']","[1.0, 1.0]",custom_michaels_short_C_1.jpg
232,custom,michaels,short,C,2,True,False,False,93243415,"['1.0', ' 1.0']","[1.0, 1.0]",custom_michaels_short_C_2.jpg
233,custom,michaels,short,C,1,True,False,False,101090621,['1.4142135623730951'],[1.4142135623730951],custom_michaels_short_C_3.jpg
234,custom,michaels,short,C,3,False,False,False,90638158,"['1.0', ' 1.4142135623730951', ' 793.0983545563564']","[1.0, 1.4142135623730951, 793.0983545563564]",custom_michaels_short_C_4.jpg
235,custom,michaels,short,D,4,False,True,False,98609895,"['1.4142135623730951', ' 2.0', ' 2.0', ' 9.486832980505138']","[1.4142135623730951, 2.0, 2.0, 9.486832980505138]",custom_michaels_short_D_0.jpg
236,custom,michaels,short,D,4,True,True,True,94314203,"['1.0', ' 1.4142135623730951', ' 1.4142135623730951', ' 3.605551275463989']","[1.0, 1.4142135623730951, 1.4142135623730951, 3.605551275463989]",custom_michaels_short_D_1.jpg
237,custom,michaels,short,D,4,True,True,True,92534855,"['0.0', ' 2.0', ' 2.23606797749979', ' 2.23606797749979']","[0.0, 2.0, 2.23606797749979, 2.23606797749979]",custom_michaels_short_D_2.jpg
238,custom,michaels,short,D,4,True,True,True,93347546,"['1.4142135623730951', ' 1.4142135623730951', ' 1.4142135623730951', ' 3.0']","[1.4142135623730951, 1.4142135623730951, 1.4142135623730951, 3.0]",custom_michaels_short_D_3.jpg
239,custom,michaels,short,D,4,True,True,True,94959475,"['0.0', ' 1.0', ' 2.0', ' 3.0']","[0.0, 1.0, 2.0, 3.0]",custom_michaels_short_D_4.jpg
240,dark,davids,high,A,2,True,False,False,93734127,"['1.0', ' 1.0']","[1.0, 1.0]",dark_davids_high_A_0.jpg
241,dark,davids,high,A,1,True,False,False,94588075,['2.23606797749979'],[2.23606797749979],dark_davids_high_A_1.jpg
242,dark,davids,high,A,4,False,True,False,89680501,"['0.0', ' 1.0', ' 1.0', ' 151.90786681406595']","[0.0, 1.0, 1.0, 151.90786681406595]",dark_davids_high_A_2.jpg
243,dark,davids,high,A,4,False,True,False,92508981,"['1.4142135623730951', ' 2.23606797749979', ' 2.23606797749979', ' 210.61813787041228']","[1.4142135623730951, 2.23606797749979, 2.23606797749979, 210.61813787041228]",dark_davids_high_A_3.jpg
244,dark,davids,high,A,4,False,True,False,86290974,"['1.0', ' 1.0', ' 1.4142135623730951', ' 819.1825193447429']","[1.0, 1.0, 1.4142135623730951, 819.1825193447429]",dark_davids_high_A_4.jpg
245,dark,davids,high,B,4,True,True,True,91322360,"['1.0', ' 1.0', ' 1.0', ' 1.0']","[1.0, 1.0, 1.0, 1.0]",dark_davids_high_B_0.jpg
246,dark,davids,high,B,4,True,True,True,95511853,"['1.0', ' 2.0', ' 2.0', ' 2.23606797749979']","[1.0, 2.0, 2.0, 2.23606797749979]",dark_davids_high_B_1.jpg
247,dark,davids,high,B,4,True,True,True,94497536,"['1.0', ' 1.0', ' 1.0', ' 2.23606797749979']","[1.0, 1.0, 1.0, 2.23606797749979]",dark_davids_high_B_2.jpg
248,dark,davids,high,B,5,True,False,False,95396743,"['1.0', ' 1.4142135623730951', ' 2.0', ' 2.23606797749979']","[1.0, 1.4142135623730951, 2.0, 2.23606797749979, 318.3111685128249]",dark_davids_high_B_3.jpg
249,dark,davids,high,B,4,True,True,True,89182632,"['1.0', ' 1.4142135623730951', ' 1.4142135623730951', ' 1.4142135623730951']","[1.0, 1.4142135623730951, 1.4142135623730951, 1.4142135623730951]",dark_davids_high_B_4.jpg
250,dark,davids,high,C,3,True,False,False,91234941,"['0.0', ' 1.4142135623730951', ' 2.23606797749979']","[0.0, 1.4142135623730951, 2.23606797749979]",dark_davids_high_C_0.jpg
251,dark,davids,high,C,3,True,False,False,101451178,"['0.0', ' 1.0', ' 1.4142135623730951']","[0.0, 1.0, 1.4142135623730951]",dark_davids_high_C_1.jpg
252,dark,davids,high,C,3,True,False,False,98925580,"['0.0', ' 1.0', ' 1.4142135623730951']","[0.0, 1.0, 1.4142135623730951]",dark_davids_high_C_2.jpg
253,dark,davids,high,C,3,True,False,False,94810548,"['1.0', ' 1.0', ' 2.0']","[1.0, 1.0, 2.0]",dark_davids_high_C_3.jpg
254,dark,davids,high,C,3,True,False,False,89753870,"['1.0', ' 1.0', ' 2.0']","[1.0, 1.0, 2.0]",dark_davids_high_C_4.jpg
255,dark,davids,high,D,1,True,False,False,93926957,['0.0'],[0.0],dark_davids_high_D_0.jpg
256,dark,davids,high,D,1,True,False,False,95385961,['0.0'],[0.0],dark_davids_high_D_1.jpg
257,dark,davids,high,D,1,True,False,False,99938712,['1.4142135623730951'],[1.4142135623730951],dark_davids_high_D_2.jpg
258,dark,davids,high,D,2,False,False,False,93341395,"['1.0', ' 235.64804263986576']","[1.0, 235.64804263986576]",dark_davids_high_D_3.jpg
259,dark,davids,high,D,1,True,False,False,93930295,['1.4142135623730951'],[1.4142135623730951],dark_davids_high_D_4.jpg
260,dark,davids,medium,A,3,True,False,False,95120761,"['1.0', ' 1.4142135623730951', ' 2.23606797749979']","[1.0, 1.4142135623730951, 2.23606797749979]",dark_davids_medium_A_0.jpg
261,dark,davids,medium,A,3,True,False,False,100384631,"['1.0', ' 1.0', ' 1.4142135623730951']","[1.0, 1.0, 1.4142135623730951]",dark_davids_medium_A_1.jpg
262,dark,davids,medium,A,3,True,False,False,108957471,"['1.0', ' 1.0', ' 2.0']","[1.0, 1.0, 2.0]",dark_davids_medium_A_2.jpg
263,dark,davids,medium,A,4,False,True,False,106444470,"['1.0', ' 2.23606797749979', ' 2.23606797749979', ' 397.7235220602372']","[1.0, 2.23606797749979, 2.23606797749979, 397.7235220602372]",dark_davids_medium_A_3.jpg
264,dark,davids,medium,A,3,True,False,False,87854514,"['1.4142135623730951', ' 1.4142135623730951', ' 2.23606797749979']","[1.4142135623730951, 1.4142135623730951, 2.23606797749979]",dark_davids_medium_A_4.jpg
265,dark,davids,medium,B,6,True,False,False,92081436,"['1.0', ' 1.0', ' 1.4142135623730951', ' 2.0']","[1.0, 1.0, 1.4142135623730951, 2.0, 614.6494936140434, 671.1519947076072]",dark_davids_medium_B_0.jpg
266,dark,davids,medium,B,6,True,False,False,100765911,"['1.0', ' 1.0', ' 2.0', ' 2.23606797749979']","[1.0, 1.0, 2.0, 2.23606797749979, 474.911570716065, 543.3415132308593]",dark_davids_medium_B_1.jpg
267,dark,davids,medium,B,7,True,False,False,92452773,"['1.4142135623730951', ' 1.4142135623730951', ' 2.0', ' 2.23606797749979']","[1.4142135623730951, 1.4142135623730951, 2.0, 2.23606797749979, 470.8046303935423, 539.3922505932023, 647.6241193778997]",dark_davids_medium_B_2.jpg
268,dark,davids,medium,B,6,True,False,False,93989335,"['1.4142135623730951', ' 1.4142135623730951', ' 1.4142135623730951', ' 2.23606797749979']","[1.4142135623730951, 1.4142135623730951, 1.4142135623730951, 2.23606797749979, 470.73665674132496, 539.3922505932023]",dark_davids_medium_B_3.jpg
269,dark,davids,medium,B,6,True,False,False,88695009,"['1.0', ' 1.0', ' 1.4142135623730951', ' 2.23606797749979']","[1.0, 1.0, 1.4142135623730951, 2.23606797749979, 520.2547452931112, 589.6007123469238]",dark_davids_medium_B_4.jpg
270,dark,davids,medium,C,4,False,True,False,93649203,"['0.0', ' 1.0', ' 1.4142135623730951', ' 919.6956018161661']","[0.0, 1.0, 1.4142135623730951, 919.6956018161661]",dark_davids_medium_C_0.jpg
271,dark,davids,medium,C,3,True,False,False,91116404,"['1.0', ' 1.4142135623730951', ' 2.0']","[1.0, 1.4142135623730951, 2.0]",dark_davids_medium_C_1.jpg
272,dark,davids,medium,C,3,True,False,False,88322465,"['1.0', ' 1.0', ' 3.605551275463989']","[1.0, 1.0, 3.605551275463989]",dark_davids_medium_C_2.jpg
273,dark,davids,medium,C,3,True,False,False,91949269,"['1.4142135623730951', ' 1.4142135623730951', ' 2.0']","[1.4142135623730951, 1.4142135623730951, 2.0]",dark_davids_medium_C_3.jpg
274,dark,davids,medium,C,2,True,False,False,86760523,"['1.0', ' 1.4142135623730951']","[1.0, 1.4142135623730951]",dark_davids_medium_C_4.jpg
275,dark,davids,medium,D,2,False,False,False,93901464,"['2.23606797749979', ' 590.0']","[2.23606797749979, 590.0]",dark_davids_medium_D_0.jpg
276,dark,davids,medium,D,2,False,False,False,90551597,"['1.0', ' 586.8466579950848']","[1.0, 586.8466579950848]",dark_davids_medium_D_1.jpg
277,dark,davids,medium,D,2,False,False,False,98556166,"['3.1622776601683795', ' 431.6132528085763']","[3.1622776601683795, 431.6132528085763]",dark_davids_medium_D_2.jpg
278,dark,davids,medium,D,4,False,True,False,94988938,"['1.0', ' 435.15744277215344', ' 469.30693581066964', ' 972.4325169388362']","[1.0, 435.15744277215344, 469.30693581066964, 972.4325169388362]",dark_davids_medium_D_3.jpg
279,dark,davids,medium,D,2,False,False,False,91897169,"['1.0', ' 733.6163847679521']","[1.0, 733.6163847679521]",dark_davids_medium_D_4.jpg
280,dark,davids,short,A,3,True,False,False,93095216,"['1.0', ' 2.0', ' 2.23606797749979']","[1.0, 2.0, 2.23606797749979]",dark_davids_short_A_0.jpg
281,dark,davids,short,A,3,True,False,False,92189285,"['1.4142135623730951', ' 2.0', ' 2.0']","[1.4142135623730951, 2.0, 2.0]",dark_davids_short_A_1.jpg
282,dark,davids,short,A,3,True,False,False,93849952,"['1.0', ' 2.23606797749979', ' 3.1622776601683795']","[1.0, 2.23606797749979, 3.1622776601683795]",dark_davids_short_A_2.jpg
283,dark,davids,short,A,3,True,False,False,110257921,"['1.4142135623730951', ' 2.0', ' 4.0']","[1.4142135623730951, 2.0, 4.0]",dark_davids_short_A_3.jpg
284,dark,davids,short,A,3,True,False,False,88726233,"['1.0', ' 1.4142135623730951', ' 2.0']","[1.0, 1.4142135623730951, 2.0]",dark_davids_short_A_4.jpg
285,dark,davids,short,B,4,True,True,True,94735705,"['1.4142135623730951', ' 1.4142135623730951', ' 2.0', ' 3.605551275463989']","[1.4142135623730951, 1.4142135623730951, 2.0, 3.605551275463989]",dark_davids_short_B_0.jpg
286,dark,davids,short,B,5,True,False,False,95194012,"['1.0', ' 1.4142135623730951', ' 1.4142135623730951', ' 1.4142135623730951']","[1.0, 1.4142135623730951, 1.4142135623730951, 1.4142135623730951, 470.1063709417263]",dark_davids_short_B_1.jpg
287,dark,davids,short,B,3,True,False,False,90442412,"['1.4142135623730951', ' 2.0', ' 3.1622776601683795']","[1.4142135623730951, 2.0, 3.1622776601683795]",dark_davids_short_B_2.jpg
288,dark,davids,short,B,4,True,True,True,95285865,"['1.0', ' 1.4142135623730951', ' 3.0', ' 3.0']","[1.0, 1.4142135623730951, 3.0, 3.0]",dark_davids_short_B_3.jpg
289,dark,davids,short,B,4,True,True,True,96077688,"['0.0', ' 1.0', ' 1.0', ' 2.23606797749979']","[0.0, 1.0, 1.0, 2.23606797749979]",dark_davids_short_B_4.jpg
290,dark,davids,short,C,3,True,False,False,94289435,"['1.4142135623730951', ' 1.4142135623730951', ' 2.23606797749979']","[1.4142135623730951, 1.4142135623730951, 2.23606797749979]",dark_davids_short_C_0.jpg
291,dark,davids,short,C,3,True,False,False,92928995,"['1.0', ' 1.4142135623730951', ' 2.23606797749979']","[1.0, 1.4142135623730951, 2.23606797749979]",dark_davids_short_C_1.jpg
292,dark,davids,short,C,2,True,False,False,94671163,"['2.23606797749979', ' 3.1622776601683795']","[2.23606797749979, 3.1622776601683795]",dark_davids_short_C_2.jpg
293,dark,davids,short,C,2,True,False,False,114654989,"['0.0', ' 1.4142135623730951']","[0.0, 1.4142135623730951]",dark_davids_short_C_3.jpg
294,dark,davids,short,C,3,True,False,False,93462305,"['1.0', ' 2.23606797749979', ' 3.0']","[1.0, 2.23606797749979, 3.0]",dark_davids_short_C_4.jpg
295,dark,davids,short,D,1,True,False,False,94388682,['1.0'],[1.0],dark_davids_short_D_0.jpg
296,dark,davids,short,D,2,False,False,False,95049321,"['3.605551275463989', ' 122.11879462228572']","[3.605551275463989, 122.11879462228572]",dark_davids_short_D_1.jpg
297,dark,davids,short,D,1,True,False,False,98132672,['2.0'],[2.0],dark_davids_short_D_2.jpg
298,dark,davids,short,D,2,False,False,False,96145407,"['3.605551275463989', ' 281.1138559374119']","[3.605551275463989, 281.1138559374119]",dark_davids_short_D_3.jpg
299,dark,davids,short,D,1,True,False,False,95383408,['3.0'],[3.0],dark_davids_short_D_4.jpg
300,dark,jack_cole,high,A,3,True,False,False,89536992,"['0.0', ' 1.4142135623730951', ' 2.0']","[0.0, 1.4142135623730951, 2.0]",dark_jack_cole_high_A_0.jpg
301,dark,jack_cole,high,A,3,True,False,False,89117244,"['1.0', ' 1.4142135623730951', ' 2.23606797749979']","[1.0, 1.4142135623730951, 2.23606797749979]",dark_jack_cole_high_A_1.jpg
302,dark,jack_cole,high,A,4,False,True,False,84635020,"['0.0', ' 1.0', ' 3.1622776601683795', ' 187.9627622695517']","[0.0, 1.0, 3.1622776601683795, 187.9627622695517]",dark_jack_cole_high_A_2.jpg
303,dark,jack_cole,high,A,4,False,True,False,88787798,"['0.0', ' 1.0', ' 1.0', ' 428.22540793371894']","[0.0, 1.0, 1.0, 428.22540793371894]",dark_jack_cole_high_A_3.jpg
304,dark,jack_cole,high,A,3,True,False,False,86130173,"['1.0', ' 1.4142135623730951', ' 2.23606797749979']","[1.0, 1.4142135623730951, 2.23606797749979]",dark_jack_cole_high_A_4.jpg
305,dark,jack_cole,high,B,5,True,False,False,88309730,"['1.0', ' 1.0', ' 1.0', ' 1.0']","[1.0, 1.0, 1.0, 1.0, 802.8262576672489]",dark_jack_cole_high_B_0.jpg
306,dark,jack_cole,high,B,3,True,False,False,82405979,"['1.0', ' 1.4142135623730951', ' 2.0']","[1.0, 1.4142135623730951, 2.0]",dark_jack_cole_high_B_1.jpg
307,dark,jack_cole,high,B,4,True,True,True,83639411,"['1.0', ' 1.0', ' 2.0', ' 2.23606797749979']","[1.0, 1.0, 2.0, 2.23606797749979]",dark_jack_cole_high_B_2.jpg
308,dark,jack_cole,high,B,4,True,True,True,90887737,"['1.0', ' 1.0', ' 1.0', ' 3.0']","[1.0, 1.0, 1.0, 3.0]",dark_jack_cole_high_B_3.jpg
309,dark,jack_cole,high,B,4,True,True,True,85323184,"['1.0', ' 1.0', ' 1.0', ' 1.4142135623730951']","[1.0, 1.0, 1.0, 1.4142135623730951]",dark_jack_cole_high_B_4.jpg
310,dark,jack_cole,high,C,4,False,True,False,87524718,"['1.0', ' 1.0', ' 1.4142135623730951', ' 315.49643421122846']","[1.0, 1.0, 1.4142135623730951, 315.49643421122846]",dark_jack_cole_high_C_0.jpg
311,dark,jack_cole,high,C,3,True,False,False,91961442,"['1.0', ' 1.0', ' 1.4142135623730951']","[1.0, 1.0, 1.4142135623730951]",dark_jack_cole_high_C_1.jpg
312,dark,jack_cole,high,C,4,False,True,False,92036987,"['0.0', ' 2.23606797749979', ' 2.23606797749979', ' 329.460164511584']","[0.0, 2.23606797749979, 2.23606797749979, 329.460164511584]",dark_jack_cole_high_C_2.jpg
313,dark,jack_cole,high,C,4,False,True,False,91976149,"['1.0', ' 1.4142135623730951', ' 2.23606797749979', ' 327.38509434609267']","[1.0, 1.4142135623730951, 2.23606797749979, 327.38509434609267]",dark_jack_cole_high_C_3.jpg
314,dark,jack_cole,high,C,3,True,False,False,86159951,"['1.4142135623730951', ' 2.23606797749979', ' 2.23606797749979']","[1.4142135623730951, 2.23606797749979, 2.23606797749979]",dark_jack_cole_high_C_4.jpg
315,dark,jack_cole,high,D,1,True,False,False,81924270,['2.0'],[2.0],dark_jack_cole_high_D_0.jpg
316,dark,jack_cole,high,D,1,True,False,False,85822736,['1.4142135623730951'],[1.4142135623730951],dark_jack_cole_high_D_1.jpg
317,dark,jack_cole,high,D,1,True,False,False,85727156,['1.0'],[1.0],dark_jack_cole_high_D_2.jpg
318,dark,jack_cole,high,D,1,True,False,False,92146004,['1.0'],[1.0],dark_jack_cole_high_D_3.jpg
319,dark,jack_cole,high,D,1,True,False,False,74721048,['1.4142135623730951'],[1.4142135623730951],dark_jack_cole_high_D_4.jpg
320,dark,jack_cole,medium,A,3,True,False,False,81291307,"['1.0', ' 1.0', ' 2.23606797749979']","[1.0, 1.0, 2.23606797749979]",dark_jack_cole_medium_A_0.jpg
321,dark,jack_cole,medium,A,3,True,False,False,91216123,"['2.23606797749979', ' 2.23606797749979', ' 2.8284271247461903']","[2.23606797749979, 2.23606797749979, 2.8284271247461903]",dark_jack_cole_medium_A_1.jpg
322,dark,jack_cole,medium,A,3,True,False,False,86750929,"['1.0', ' 1.4142135623730951', ' 3.0']","[1.0, 1.4142135623730951, 3.0]",dark_jack_cole_medium_A_2.jpg
323,dark,jack_cole,medium,A,2,True,False,False,91158025,"['0.0', ' 2.23606797749979']","[0.0, 2.23606797749979]",dark_jack_cole_medium_A_3.jpg
324,dark,jack_cole,medium,A,3,True,False,False,87158363,"['0.0', ' 0.0', ' 1.0']","[0.0, 0.0, 1.0]",dark_jack_cole_medium_A_4.jpg
325,dark,jack_cole,medium,B,4,True,True,True,86810289,"['1.4142135623730951', ' 1.4142135623730951', ' 2.23606797749979', ' 3.0']","[1.4142135623730951, 1.4142135623730951, 2.23606797749979, 3.0]",dark_jack_cole_medium_B_0.jpg
326,dark,jack_cole,medium,B,5,True,False,False,85558546,"['1.0', ' 1.4142135623730951', ' 2.0', ' 2.23606797749979']","[1.0, 1.4142135623730951, 2.0, 2.23606797749979, 252.7152547829276]",dark_jack_cole_medium_B_1.jpg
327,dark,jack_cole,medium,B,4,True,True,True,85409611,"['1.0', ' 2.0', ' 2.0', ' 2.23606797749979']","[1.0, 2.0, 2.0, 2.23606797749979]",dark_jack_cole_medium_B_2.jpg
328,dark,jack_cole,medium,B,3,True,False,False,87655985,"['0.0', ' 2.23606797749979', ' 2.8284271247461903']","[0.0, 2.23606797749979, 2.8284271247461903]",dark_jack_cole_medium_B_3.jpg
329,dark,jack_cole,medium,B,4,True,True,True,89249558,"['1.0', ' 1.4142135623730951', ' 1.4142135623730951', ' 3.605551275463989']","[1.0, 1.4142135623730951, 1.4142135623730951, 3.605551275463989]",dark_jack_cole_medium_B_4.jpg
330,dark,jack_cole,medium,C,4,False,True,False,86432711,"['0.0', ' 1.0', ' 1.4142135623730951', ' 751.5217894379377']","[0.0, 1.0, 1.4142135623730951, 751.5217894379377]",dark_jack_cole_medium_C_0.jpg
331,dark,jack_cole,medium,C,4,False,True,False,86010680,"['1.0', ' 1.4142135623730951', ' 1.4142135623730951', ' 210.71782079359116']","[1.0, 1.4142135623730951, 1.4142135623730951, 210.71782079359116]",dark_jack_cole_medium_C_1.jpg
332,dark,jack_cole,medium,C,3,True,False,False,84134440,"['1.0', ' 1.0', ' 3.1622776601683795']","[1.0, 1.0, 3.1622776601683795]",dark_jack_cole_medium_C_2.jpg
333,dark,jack_cole,medium,C,3,True,False,False,90741660,"['0.0', ' 2.0', ' 3.0']","[0.0, 2.0, 3.0]",dark_jack_cole_medium_C_3.jpg
334,dark,jack_cole,medium,C,3,True,False,False,90459234,"['1.0', ' 3.0', ' 3.0']","[1.0, 3.0, 3.0]",dark_jack_cole_medium_C_4.jpg
335,dark,jack_cole,medium,D,1,True,False,False,91523819,['2.0'],[2.0],dark_jack_cole_medium_D_0.jpg
336,dark,jack_cole,medium,D,1,True,False,False,94103676,['0.0'],[0.0],dark_jack_cole_medium_D_1.jpg
337,dark,jack_cole,medium,D,1,True,False,False,89339492,['1.0'],[1.0],dark_jack_cole_medium_D_2.jpg
338,dark,jack_cole,medium,D,1,True,False,False,85713010,['1.0'],[1.0],dark_jack_cole_medium_D_3.jpg
339,dark,jack_cole,medium,D,1,True,False,False,82456956,['1.0'],[1.0],dark_jack_cole_medium_D_4.jpg
340,dark,jack_cole,short,A,3,True,False,False,81978509,"['0.0', ' 1.4142135623730951', ' 2.0']","[0.0, 1.4142135623730951, 2.0]",dark_jack_cole_short_A_0.jpg
341,dark,jack_cole,short,A,4,False,True,False,87706490,"['0.0', ' 1.0', ' 2.23606797749979', ' 452.0']","[0.0, 1.0, 2.23606797749979, 452.0]",dark_jack_cole_short_A_1.jpg
342,dark,jack_cole,short,A,3,True,False,False,83119880,"['1.0', ' 1.4142135623730951', ' 3.605551275463989']","[1.0, 1.4142135623730951, 3.605551275463989]",dark_jack_cole_short_A_2.jpg
343,dark,jack_cole,short,A,3,True,False,False,78609660,"['0.0', ' 2.23606797749979', ' 2.23606797749979']","[0.0, 2.23606797749979, 2.23606797749979]",dark_jack_cole_short_A_3.jpg
344,dark,jack_cole,short,A,3,True,False,False,87624772,"['1.4142135623730951', ' 2.23606797749979', ' 2.23606797749979']","[1.4142135623730951, 2.23606797749979, 2.23606797749979]",dark_jack_cole_short_A_4.jpg
345,dark,jack_cole,short,B,7,True,False,False,94332998,"['1.4142135623730951', ' 2.0', ' 2.23606797749979', ' 3.1622776601683795']","[1.4142135623730951, 2.0, 2.23606797749979, 3.1622776601683795, 275.04545078950133, 293.48253781102545, 318.3535770177555]",dark_jack_cole_short_B_0.jpg
346,dark,jack_cole,short,B,5,True,False,False,83918043,"['1.4142135623730951', ' 2.23606797749979', ' 2.8284271247461903', ' 3.0']","[1.4142135623730951, 2.23606797749979, 2.8284271247461903, 3.0, 370.06080581439585]",dark_jack_cole_short_B_1.jpg
347,dark,jack_cole,short,B,4,True,True,True,83174189,"['1.4142135623730951', ' 1.4142135623730951', ' 1.4142135623730951', ' 2.8284271247461903']","[1.4142135623730951, 1.4142135623730951, 1.4142135623730951, 2.8284271247461903]",dark_jack_cole_short_B_2.jpg
348,dark,jack_cole,short,B,6,True,False,False,83415814,"['1.0', ' 1.0', ' 1.0', ' 1.4142135623730951']","[1.0, 1.0, 1.0, 1.4142135623730951, 372.5385886052611, 482.55362396318196]",dark_jack_cole_short_B_3.jpg
349,dark,jack_cole,short,B,4,True,True,True,87396620,"['1.0', ' 1.4142135623730951', ' 2.23606797749979', ' 2.23606797749979']","[1.0, 1.4142135623730951, 2.23606797749979, 2.23606797749979]",dark_jack_cole_short_B_4.jpg
350,dark,jack_cole,short,C,3,True,False,False,90481176,"['1.4142135623730951', ' 2.0', ' 2.23606797749979']","[1.4142135623730951, 2.0, 2.23606797749979]",dark_jack_cole_short_C_0.jpg
351,dark,jack_cole,short,C,3,True,False,False,89796299,"['1.0', ' 2.23606797749979', ' 2.8284271247461903']","[1.0, 2.23606797749979, 2.8284271247461903]",dark_jack_cole_short_C_1.jpg
352,dark,jack_cole,short,C,3,True,False,False,87826014,"['1.0', ' 1.4142135623730951', ' 1.4142135623730951']","[1.0, 1.4142135623730951, 1.4142135623730951]",dark_jack_cole_short_C_2.jpg
353,dark,jack_cole,short,C,3,True,False,False,88177924,"['1.0', ' 1.0', ' 1.0']","[1.0, 1.0, 1.0]",dark_jack_cole_short_C_3.jpg
354,dark,jack_cole,short,C,3,True,False,False,82312014,"['1.0', ' 1.0', ' 4.123105625617661']","[1.0, 1.0, 4.123105625617661]",dark_jack_cole_short_C_4.jpg
355,dark,jack_cole,short,D,1,True,False,False,87847180,['3.1622776601683795'],[3.1622776601683795],dark_jack_cole_short_D_0.jpg
356,dark,jack_cole,short,D,1,True,False,False,90225443,['3.0'],[3.0],dark_jack_cole_short_D_1.jpg
357,dark,jack_cole,short,D,3,False,False,False,89665451,"['1.4142135623730951', ' 315.5724956329369', ' 491.4519305079592']","[1.4142135623730951, 315.5724956329369, 491.4519305079592]",dark_jack_cole_short_D_2.jpg
358,dark,jack_cole,short,D,2,False,False,False,88560345,"['1.0', ' 277.2381647609146']","[1.0, 277.2381647609146]",dark_jack_cole_short_D_3.jpg
359,dark,jack_cole,short,D,1,True,False,False,82538608,['2.23606797749979'],[2.23606797749979],dark_jack_cole_short_D_4.jpg
360,dark,john_honey,high,A,3,True,False,False,105302952,"['0.0', ' 1.0', ' 2.23606797749979']","[0.0, 1.0, 2.23606797749979]",dark_john_honey_high_A_0.jpg
361,dark,john_honey,high,A,3,False,False,False,101669176,"['1.4142135623730951', ' 1.4142135623730951', ' 10.295630140987']","[1.4142135623730951, 1.4142135623730951, 10.295630140987]",dark_john_honey_high_A_1.jpg
362,dark,john_honey,high,A,3,True,False,False,106724046,"['1.4142135623730951', ' 2.0', ' 2.8284271247461903']","[1.4142135623730951, 2.0, 2.8284271247461903]",dark_john_honey_high_A_2.jpg
363,dark,john_honey,high,A,3,True,False,False,104441643,"['1.4142135623730951', ' 2.23606797749979', ' 2.8284271247461903']","[1.4142135623730951, 2.23606797749979, 2.8284271247461903]",dark_john_honey_high_A_3.jpg
364,dark,john_honey,high,A,3,True,False,False,101762082,"['0.0', ' 1.0', ' 2.23606797749979']","[0.0, 1.0, 2.23606797749979]",dark_john_honey_high_A_4.jpg
365,dark,john_honey,high,B,4,True,True,True,101630700,"['0.0', ' 1.0', ' 1.0', ' 1.4142135623730951']","[0.0, 1.0, 1.0, 1.4142135623730951]",dark_john_honey_high_B_0.jpg
366,dark,john_honey,high,B,4,True,True,True,108353098,"['0.0', ' 1.0', ' 2.23606797749979', ' 2.8284271247461903']","[0.0, 1.0, 2.23606797749979, 2.8284271247461903]",dark_john_honey_high_B_1.jpg
367,dark,john_honey,high,B,4,True,True,True,110877726,"['1.4142135623730951', ' 2.0', ' 2.23606797749979', ' 2.23606797749979']","[1.4142135623730951, 2.0, 2.23606797749979, 2.23606797749979]",dark_john_honey_high_B_2.jpg
368,dark,john_honey,high,B,4,True,True,True,107554669,"['1.0', ' 1.4142135623730951', ' 2.0', ' 3.1622776601683795']","[1.0, 1.4142135623730951, 2.0, 3.1622776601683795]",dark_john_honey_high_B_3.jpg
369,dark,john_honey,high,B,4,True,True,True,104470348,"['1.4142135623730951', ' 1.4142135623730951', ' 2.0', ' 3.1622776601683795']","[1.4142135623730951, 1.4142135623730951, 2.0, 3.1622776601683795]",dark_john_honey_high_B_4.jpg
370,dark,john_honey,high,C,3,True,False,False,107841701,"['0.0', ' 1.0', ' 1.4142135623730951']","[0.0, 1.0, 1.4142135623730951]",dark_john_honey_high_C_0.jpg
371,dark,john_honey,high,C,3,True,False,False,103523071,"['1.0', ' 1.0', ' 1.4142135623730951']","[1.0, 1.0, 1.4142135623730951]",dark_john_honey_high_C_1.jpg
372,dark,john_honey,high,C,3,True,False,False,105919126,"['1.0', ' 1.4142135623730951', ' 2.8284271247461903']","[1.0, 1.4142135623730951, 2.8284271247461903]",dark_john_honey_high_C_2.jpg
373,dark,john_honey,high,C,3,True,False,False,102143143,"['1.0', ' 2.0', ' 2.23606797749979']","[1.0, 2.0, 2.23606797749979]",dark_john_honey_high_C_3.jpg
374,dark,john_honey,high,C,3,True,False,False,100217432,"['1.0', ' 1.4142135623730951', ' 1.4142135623730951']","[1.0, 1.4142135623730951, 1.4142135623730951]",dark_john_honey_high_C_4.jpg
375,dark,john_honey,high,D,1,True,False,False,101012053,['1.0'],[1.0],dark_john_honey_high_D_0.jpg
376,dark,john_honey,high,D,1,True,False,False,99592560,['1.0'],[1.0],dark_john_honey_high_D_1.jpg
377,dark,john_honey,high,D,2,False,False,False,107441050,"['2.23606797749979', ' 185.1944923587092']","[2.23606797749979, 185.1944923587092]",dark_john_honey_high_D_2.jpg
378,dark,john_honey,high,D,1,True,False,False,107143881,['1.4142135623730951'],[1.4142135623730951],dark_john_honey_high_D_3.jpg
379,dark,john_honey,high,D,1,True,False,False,96327510,['2.23606797749979'],[2.23606797749979],dark_john_honey_high_D_4.jpg
380,dark,john_honey,medium,A,3,True,False,False,97164207,"['1.4142135623730951', ' 2.23606797749979', ' 2.8284271247461903']","[1.4142135623730951, 2.23606797749979, 2.8284271247461903]",dark_john_honey_medium_A_0.jpg
381,dark,john_honey,medium,A,3,True,False,False,107066002,"['1.0', ' 2.0', ' 2.23606797749979']","[1.0, 2.0, 2.23606797749979]",dark_john_honey_medium_A_1.jpg
382,dark,john_honey,medium,A,4,False,True,False,104996031,"['0.0', ' 1.0', ' 2.0', ' 181.7470770053813']","[0.0, 1.0, 2.0, 181.7470770053813]",dark_john_honey_medium_A_2.jpg
383,dark,john_honey,medium,A,3,True,False,False,104009162,"['1.0', ' 1.4142135623730951', ' 3.1622776601683795']","[1.0, 1.4142135623730951, 3.1622776601683795]",dark_john_honey_medium_A_3.jpg
384,dark,john_honey,medium,A,3,True,False,False,105127519,"['1.0', ' 1.0', ' 1.0']","[1.0, 1.0, 1.0]",dark_john_honey_medium_A_4.jpg
385,dark,john_honey,medium,B,4,True,True,True,106029440,"['1.0', ' 1.0', ' 2.0', ' 2.23606797749979']","[1.0, 1.0, 2.0, 2.23606797749979]",dark_john_honey_medium_B_0.jpg
386,dark,john_honey,medium,B,5,True,False,False,98649322,"['0.0', ' 1.0', ' 2.23606797749979', ' 2.23606797749979']","[0.0, 1.0, 2.23606797749979, 2.23606797749979, 208.02163349036562]",dark_john_honey_medium_B_1.jpg
387,dark,john_honey,medium,B,6,True,False,False,99421591,"['0.0', ' 1.0', ' 1.4142135623730951', ' 2.0']","[0.0, 1.0, 1.4142135623730951, 2.0, 91.7877987534291, 176.61823235442031]",dark_john_honey_medium_B_2.jpg
388,dark,john_honey,medium,B,4,True,True,True,106516395,"['1.0', ' 1.0', ' 2.0', ' 2.23606797749979']","[1.0, 1.0, 2.0, 2.23606797749979]",dark_john_honey_medium_B_3.jpg
389,dark,john_honey,medium,B,4,True,True,True,98218010,"['0.0', ' 0.0', ' 2.23606797749979', ' 2.23606797749979']","[0.0, 0.0, 2.23606797749979, 2.23606797749979]",dark_john_honey_medium_B_4.jpg
390,dark,john_honey,medium,C,3,True,False,False,100524369,"['1.0', ' 1.0', ' 1.0']","[1.0, 1.0, 1.0]",dark_john_honey_medium_C_0.jpg
391,dark,john_honey,medium,C,3,True,False,False,105287503,"['1.4142135623730951', ' 1.4142135623730951', ' 2.23606797749979']","[1.4142135623730951, 1.4142135623730951, 2.23606797749979]",dark_john_honey_medium_C_1.jpg
392,dark,john_honey,medium,C,3,True,False,False,103097889,"['1.0', ' 1.0', ' 2.0']","[1.0, 1.0, 2.0]",dark_john_honey_medium_C_2.jpg
393,dark,john_honey,medium,C,3,True,False,False,101926859,"['0.0', ' 1.0', ' 2.0']","[0.0, 1.0, 2.0]",dark_john_honey_medium_C_3.jpg
394,dark,john_honey,medium,C,3,True,False,False,100237870,"['2.23606797749979', ' 2.23606797749979', ' 2.23606797749979']","[2.23606797749979, 2.23606797749979, 2.23606797749979]",dark_john_honey_medium_C_4.jpg
395,dark,john_honey,medium,D,1,True,False,False,100099320,['2.23606797749979'],[2.23606797749979],dark_john_honey_medium_D_0.jpg
396,dark,john_honey,medium,D,1,True,False,False,97472796,['1.4142135623730951'],[1.4142135623730951],dark_john_honey_medium_D_1.jpg
397,dark,john_honey,medium,D,1,True,False,False,97396040,['1.4142135623730951'],[1.4142135623730951],dark_john_honey_medium_D_2.jpg
398,dark,john_honey,medium,D,1,True,False,False,100796939,['2.23606797749979'],[2.23606797749979],dark_john_honey_medium_D_3.jpg
399,dark,john_honey,medium,D,1,True,False,False,98395195,['1.0'],[1.0],dark_john_honey_medium_D_4.jpg
400,dark,john_honey,short,A,5,False,False,False,103046943,"['1.4142135623730951', ' 3.1622776601683795', ' 3.1622776601683795', ' 189.52836199366047']","[1.4142135623730951, 3.1622776601683795, 3.1622776601683795, 189.52836199366047, 510.10685155171166]",dark_john_honey_short_A_0.jpg
401,dark,john_honey,short,A,4,False,True,False,100797643,"['0.0', ' 1.0', ' 3.605551275463989', ' 465.6533045088373']","[0.0, 1.0, 3.605551275463989, 465.6533045088373]",dark_john_honey_short_A_1.jpg
402,dark,john_honey,short,A,3,True,False,False,101417752,"['0.0', ' 1.4142135623730951', ' 1.4142135623730951']","[0.0, 1.4142135623730951, 1.4142135623730951]",dark_john_honey_short_A_2.jpg
403,dark,john_honey,short,A,2,True,False,False,97191149,"['2.0', ' 3.0']","[2.0, 3.0]",dark_john_honey_short_A_3.jpg
404,dark,john_honey,short,A,3,True,False,False,94557509,"['1.4142135623730951', ' 1.4142135623730951', ' 2.23606797749979']","[1.4142135623730951, 1.4142135623730951, 2.23606797749979]",dark_john_honey_short_A_4.jpg
405,dark,john_honey,short,B,4,True,True,True,97774240,"['0.0', ' 1.0', ' 2.23606797749979', ' 2.23606797749979']","[0.0, 1.0, 2.23606797749979, 2.23606797749979]",dark_john_honey_short_B_0.jpg
406,dark,john_honey,short,B,5,True,False,False,104285428,"['1.4142135623730951', ' 1.4142135623730951', ' 2.23606797749979', ' 2.8284271247461903']","[1.4142135623730951, 1.4142135623730951, 2.23606797749979, 2.8284271247461903, 213.5158073773462]",dark_john_honey_short_B_1.jpg
407,dark,john_honey,short,B,2,True,False,False,97625299,"['1.0', ' 2.23606797749979']","[1.0, 2.23606797749979]",dark_john_honey_short_B_2.jpg
408,dark,john_honey,short,B,2,True,False,False,100439020,"['1.0', ' 2.23606797749979']","[1.0, 2.23606797749979]",dark_john_honey_short_B_3.jpg
409,dark,john_honey,short,B,4,True,True,True,98878522,"['1.0', ' 1.0', ' 1.0', ' 1.4142135623730951']","[1.0, 1.0, 1.0, 1.4142135623730951]",dark_john_honey_short_B_4.jpg
410,dark,john_honey,short,C,5,False,False,False,96982994,"['1.0', ' 1.0', ' 1.4142135623730951', ' 94.02127418834527']","[1.0, 1.0, 1.4142135623730951, 94.02127418834527, 242.52834885843757]",dark_john_honey_short_C_0.jpg
411,dark,john_honey,short,C,4,False,True,False,102456251,"['0.0', ' 1.0', ' 1.0', ' 260.20376630633154']","[0.0, 1.0, 1.0, 260.20376630633154]",dark_john_honey_short_C_1.jpg
412,dark,john_honey,short,C,3,True,False,False,104152603,"['0.0', ' 1.4142135623730951', ' 2.23606797749979']","[0.0, 1.4142135623730951, 2.23606797749979]",dark_john_honey_short_C_2.jpg
413,dark,john_honey,short,C,3,True,False,False,110751910,"['1.4142135623730951', ' 2.23606797749979', ' 2.23606797749979']","[1.4142135623730951, 2.23606797749979, 2.23606797749979]",dark_john_honey_short_C_3.jpg
414,dark,john_honey,short,C,3,True,False,False,101941250,"['2.0', ' 2.8284271247461903', ' 4.0']","[2.0, 2.8284271247461903, 4.0]",dark_john_honey_short_C_4.jpg
415,dark,john_honey,short,D,1,True,False,False,99969315,['1.0'],[1.0],dark_john_honey_short_D_0.jpg
416,dark,john_honey,short,D,1,True,False,False,110809666,['0.0'],[0.0],dark_john_honey_short_D_1.jpg
417,dark,john_honey,short,D,1,True,False,False,107250482,['0.0'],[0.0],dark_john_honey_short_D_2.jpg
418,dark,john_honey,short,D,2,False,False,False,106705445,"['2.0', ' 74.33034373659252']","[2.0, 74.33034373659252]",dark_john_honey_short_D_3.jpg
419,dark,john_honey,short,D,1,True,False,False,101853380,['2.23606797749979'],[2.23606797749979],dark_john_honey_short_D_4.jpg
420,dark,michaels,high,A,5,False,False,False,96692372,"['1.0', ' 1.4142135623730951', ' 3.1622776601683795', ' 838.084721254361']","[1.0, 1.4142135623730951, 3.1622776601683795, 838.084721254361, 907.0435491198865]",dark_michaels_high_A_0.jpg
421,dark,michaels,high,A,4,False,True,False,90826990,"['0.0', ' 1.0', ' 2.23606797749979', ' 287.6421387766403']","[0.0, 1.0, 2.23606797749979, 287.6421387766403]",dark_michaels_high_A_1.jpg
422,dark,michaels,high,A,3,True,False,False,89978305,"['0.0', ' 1.0', ' 2.0']","[0.0, 1.0, 2.0]",dark_michaels_high_A_2.jpg
423,dark,michaels,high,A,4,False,True,False,92911824,"['1.0', ' 1.4142135623730951', ' 2.23606797749979', ' 244.0327846827143']","[1.0, 1.4142135623730951, 2.23606797749979, 244.0327846827143]",dark_michaels_high_A_3.jpg
424,dark,michaels,high,A,3,True,False,False,91486641,"['1.0', ' 1.4142135623730951', ' 1.4142135623730951']","[1.0, 1.4142135623730951, 1.4142135623730951]",dark_michaels_high_A_4.jpg
425,dark,michaels,high,B,4,True,True,True,86318368,"['1.0', ' 1.0', ' 2.23606797749979', ' 3.1622776601683795']","[1.0, 1.0, 2.23606797749979, 3.1622776601683795]",dark_michaels_high_B_0.jpg
426,dark,michaels,high,B,4,True,True,True,94742977,"['0.0', ' 1.0', ' 1.0', ' 2.23606797749979']","[0.0, 1.0, 1.0, 2.23606797749979]",dark_michaels_high_B_1.jpg
427,dark,michaels,high,B,4,True,True,True,98485063,"['1.0', ' 2.0', ' 2.0', ' 2.23606797749979']","[1.0, 2.0, 2.0, 2.23606797749979]",dark_michaels_high_B_2.jpg
428,dark,michaels,high,B,4,True,True,True,94732168,"['1.0', ' 1.0', ' 2.23606797749979', ' 3.1622776601683795']","[1.0, 1.0, 2.23606797749979, 3.1622776601683795]",dark_michaels_high_B_3.jpg
429,dark,michaels,high,B,4,True,True,True,88136896,"['0.0', ' 1.4142135623730951', ' 2.0', ' 2.23606797749979']","[0.0, 1.4142135623730951, 2.0, 2.23606797749979]",dark_michaels_high_B_4.jpg
430,dark,michaels,high,C,3,True,False,False,89592275,"['0.0', ' 1.0', ' 2.0']","[0.0, 1.0, 2.0]",dark_michaels_high_C_0.jpg
431,dark,michaels,high,C,3,True,False,False,94532079,"['1.0', ' 1.4142135623730951', ' 2.23606797749979']","[1.0, 1.4142135623730951, 2.23606797749979]",dark_michaels_high_C_1.jpg
432,dark,michaels,high,C,3,True,False,False,93515625,"['1.0', ' 2.0', ' 2.23606797749979']","[1.0, 2.0, 2.23606797749979]",dark_michaels_high_C_2.jpg
433,dark,michaels,high,C,3,True,False,False,93182248,"['1.0', ' 1.4142135623730951', ' 2.0']","[1.0, 1.4142135623730951, 2.0]",dark_michaels_high_C_3.jpg
434,dark,michaels,high,C,3,True,False,False,91142120,"['0.0', ' 2.0', ' 2.0']","[0.0, 2.0, 2.0]",dark_michaels_high_C_4.jpg
435,dark,michaels,high,D,1,True,False,False,91398696,['3.0'],[3.0],dark_michaels_high_D_0.jpg
436,dark,michaels,high,D,1,True,False,False,97256751,['2.0'],[2.0],dark_michaels_high_D_1.jpg
437,dark,michaels,high,D,1,True,False,False,94788119,['3.0'],[3.0],dark_michaels_high_D_2.jpg
438,dark,michaels,high,D,1,True,False,False,91806718,['2.23606797749979'],[2.23606797749979],dark_michaels_high_D_3.jpg
439,dark,michaels,high,D,1,True,False,False,84748945,['1.4142135623730951'],[1.4142135623730951],dark_michaels_high_D_4.jpg
440,dark,michaels,medium,A,2,True,False,False,93663732,"['0.0', ' 1.0']","[0.0, 1.0]",dark_michaels_medium_A_0.jpg
441,dark,michaels,medium,A,3,False,False,False,95365961,"['1.4142135623730951', ' 7.0710678118654755', ' 620.0459660380027']","[1.4142135623730951, 7.0710678118654755, 620.0459660380027]",dark_michaels_medium_A_1.jpg
442,dark,michaels,medium,A,3,True,False,False,91258370,"['2.0', ' 3.0', ' 3.1622776601683795']","[2.0, 3.0, 3.1622776601683795]",dark_michaels_medium_A_2.jpg
443,dark,michaels,medium,A,3,True,False,False,95569134,"['0.0', ' 2.23606797749979', ' 2.23606797749979']","[0.0, 2.23606797749979, 2.23606797749979]",dark_michaels_medium_A_3.jpg
444,dark,michaels,medium,A,3,True,False,False,93745857,"['1.4142135623730951', ' 2.23606797749979', ' 2.23606797749979']","[1.4142135623730951, 2.23606797749979, 2.23606797749979]",dark_michaels_medium_A_4.jpg
445,dark,michaels,medium,B,3,True,False,False,98158309,"['2.0', ' 2.23606797749979', ' 2.23606797749979']","[2.0, 2.23606797749979, 2.23606797749979]",dark_michaels_medium_B_0.jpg
446,dark,michaels,medium,B,3,True,False,False,92469620,"['0.0', ' 2.0', ' 3.0']","[0.0, 2.0, 3.0]",dark_michaels_medium_B_1.jpg
447,dark,michaels,medium,B,4,False,True,False,96713530,"['2.8284271247461903', ' 2.8284271247461903', ' 5.0', ' 199.7298175035465']","[2.8284271247461903, 2.8284271247461903, 5.0, 199.7298175035465]",dark_michaels_medium_B_2.jpg
448,dark,michaels,medium,B,3,True,False,False,100096655,"['1.0', ' 2.8284271247461903', ' 3.0']","[1.0, 2.8284271247461903, 3.0]",dark_michaels_medium_B_3.jpg
449,dark,michaels,medium,B,3,False,False,False,97071882,"['1.4142135623730951', ' 2.0', ' 6.082762530298219']","[1.4142135623730951, 2.0, 6.082762530298219]",dark_michaels_medium_B_4.jpg
450,dark,michaels,medium,C,3,True,False,False,101711162,"['1.0', ' 1.0', ' 1.0']","[1.0, 1.0, 1.0]",dark_michaels_medium_C_0.jpg
451,dark,michaels,medium,C,3,True,False,False,98355705,"['0.0', ' 1.4142135623730951', ' 2.23606797749979']","[0.0, 1.4142135623730951, 2.23606797749979]",dark_michaels_medium_C_1.jpg
452,dark,michaels,medium,C,3,True,False,False,95826289,"['0.0', ' 1.0', ' 1.4142135623730951']","[0.0, 1.0, 1.4142135623730951]",dark_michaels_medium_C_2.jpg
453,dark,michaels,medium,C,2,True,False,False,97566647,"['1.4142135623730951', ' 2.0']","[1.4142135623730951, 2.0]",dark_michaels_medium_C_3.jpg
454,dark,michaels,medium,C,3,False,False,False,92016685,"['1.0', ' 3.0', ' 8.06225774829855']","[1.0, 3.0, 8.06225774829855]",dark_michaels_medium_C_4.jpg
455,dark,michaels,medium,D,1,True,False,False,91818911,['2.0'],[2.0],dark_michaels_medium_D_0.jpg
456,dark,michaels,medium,D,2,False,False,False,98048743,"['1.4142135623730951', ' 356.38181771801993']","[1.4142135623730951, 356.38181771801993]",dark_michaels_medium_D_1.jpg
457,dark,michaels,medium,D,2,False,False,False,97692273,"['1.4142135623730951', ' 408.8385989605189']","[1.4142135623730951, 408.8385989605189]",dark_michaels_medium_D_2.jpg
458,dark,michaels,medium,D,2,False,False,False,105686840,"['1.4142135623730951', ' 143.1258187749506']","[1.4142135623730951, 143.1258187749506]",dark_michaels_medium_D_3.jpg
459,dark,michaels,medium,D,1,True,False,False,87793212,['2.0'],[2.0],dark_michaels_medium_D_4.jpg
460,dark,michaels,short,A,3,True,False,False,96453583,"['0.0', ' 1.0', ' 2.8284271247461903']","[0.0, 1.0, 2.8284271247461903]",dark_michaels_short_A_0.jpg
461,dark,michaels,short,A,2,True,False,False,92430518,"['1.4142135623730951', ' 2.0']","[1.4142135623730951, 2.0]",dark_michaels_short_A_1.jpg
462,dark,michaels,short,A,2,True,False,False,94977673,"['1.0', ' 2.0']","[1.0, 2.0]",dark_michaels_short_A_2.jpg
463,dark,michaels,short,A,2,True,False,False,93681267,"['1.4142135623730951', ' 3.1622776601683795']","[1.4142135623730951, 3.1622776601683795]",dark_michaels_short_A_3.jpg
464,dark,michaels,short,A,2,True,False,False,91663619,"['2.23606797749979', ' 2.8284271247461903']","[2.23606797749979, 2.8284271247461903]",dark_michaels_short_A_4.jpg
465,dark,michaels,short,B,4,True,True,True,95410006,"['1.0', ' 2.23606797749979', ' 3.1622776601683795', ' 4.242640687119285']","[1.0, 2.23606797749979, 3.1622776601683795, 4.242640687119285]",dark_michaels_short_B_0.jpg
466,dark,michaels,short,B,4,True,True,True,95183471,"['1.4142135623730951', ' 2.23606797749979', ' 3.0', ' 3.1622776601683795']","[1.4142135623730951, 2.23606797749979, 3.0, 3.1622776601683795]",dark_michaels_short_B_1.jpg
467,dark,michaels,short,B,4,True,True,True,97756770,"['1.4142135623730951', ' 1.4142135623730951', ' 1.4142135623730951', ' 1.4142135623730951']","[1.4142135623730951, 1.4142135623730951, 1.4142135623730951, 1.4142135623730951]",dark_michaels_short_B_2.jpg
468,dark,michaels,short,B,5,True,False,False,95726548,"['0.0', ' 1.0', ' 1.4142135623730951', ' 3.1622776601683795']","[0.0, 1.0, 1.4142135623730951, 3.1622776601683795, 235.0510582830888]",dark_michaels_short_B_3.jpg
469,dark,michaels,short,B,4,True,True,True,93405513,"['0.0', ' 1.4142135623730951', ' 2.0', ' 2.23606797749979']","[0.0, 1.4142135623730951, 2.0, 2.23606797749979]",dark_michaels_short_B_4.jpg
470,dark,michaels,short,C,3,True,False,False,93554405,"['1.4142135623730951', ' 2.0', ' 3.0']","[1.4142135623730951, 2.0, 3.0]",dark_michaels_short_C_0.jpg
471,dark,michaels,short,C,3,True,False,False,97020428,"['2.8284271247461903', ' 2.8284271247461903', ' 3.0']","[2.8284271247461903, 2.8284271247461903, 3.0]",dark_michaels_short_C_1.jpg
472,dark,michaels,short,C,3,True,False,False,100386584,"['0.0', ' 2.0', ' 2.23606797749979']","[0.0, 2.0, 2.23606797749979]",dark_michaels_short_C_2.jpg
473,dark,michaels,short,C,4,False,True,False,95952264,"['0.0', ' 1.4142135623730951', ' 2.23606797749979', ' 372.1464765384727']","[0.0, 1.4142135623730951, 2.23606797749979, 372.1464765384727]",dark_michaels_short_C_3.jpg
474,dark,michaels,short,C,3,True,False,False,88731736,"['0.0', ' 1.0', ' 1.0']","[0.0, 1.0, 1.0]",dark_michaels_short_C_4.jpg
475,dark,michaels,short,D,1,True,False,False,92437732,['1.4142135623730951'],[1.4142135623730951],dark_michaels_short_D_0.jpg
476,dark,michaels,short,D,1,True,False,False,96582374,['3.1622776601683795'],[3.1622776601683795],dark_michaels_short_D_1.jpg
477,dark,michaels,short,D,1,True,False,False,94922545,['2.0'],[2.0],dark_michaels_short_D_2.jpg
478,dark,michaels,short,D,3,False,False,False,95299100,"['2.0', ' 274.5214017157861', ' 328.5665838152139']","[2.0, 274.5214017157861, 328.5665838152139]",dark_michaels_short_D_3.jpg
479,dark,michaels,short,D,1,True,False,False,86505047,['1.4142135623730951'],[1.4142135623730951],dark_michaels_short_D_4.jpg
