,0,1,2,3,4
images/custom/davids/high/A/custom_davids_high_A_0.jpg,5,False,False,110252712,"[0.0, 1.0, 1.0, 1.0, 885.641010793877]"
images/custom/davids/high/A/custom_davids_high_A_1.jpg,5,False,False,110170588,"[1.0, 1.0, 1.0, 2.23606797749979, 906.5208216031224]"
images/custom/davids/high/A/custom_davids_high_A_2.jpg,5,False,False,104087297,"[0.0, 1.0, 1.0, 1.4142135623730951, 761.2023384094402]"
images/custom/davids/high/A/custom_davids_high_A_3.jpg,4,True,True,110590118,"[1.0, 1.0, 2.0, 2.23606797749979]"
images/custom/davids/high/A/custom_davids_high_A_4.jpg,4,True,True,105254250,"[1.0, 1.0, 1.4142135623730951, 2.0]"
images/custom/davids/high/B/custom_davids_high_B_0.jpg,4,True,True,123602047,"[1.0, 1.0, 1.4142135623730951, 2.23606797749979]"
images/custom/davids/high/B/custom_davids_high_B_1.jpg,3,False,False,115444661,"[0.0, 1.0, 1.4142135623730951]"
images/custom/davids/high/B/custom_davids_high_B_2.jpg,4,True,True,113335243,"[0.0, 1.0, 1.4142135623730951, 2.0]"
images/custom/davids/high/B/custom_davids_high_B_3.jpg,4,True,True,110582169,"[1.0, 1.0, 1.4142135623730951, 1.4142135623730951]"
images/custom/davids/high/B/custom_davids_high_B_4.jpg,4,True,True,99008404,"[1.0, 1.0, 2.0, 2.23606797749979]"
images/custom/davids/high/C/custom_davids_high_C_0.jpg,3,False,False,107805694,"[0.0, 1.4142135623730951, 2.8284271247461903]"
images/custom/davids/high/C/custom_davids_high_C_1.jpg,3,False,False,110396104,"[0.0, 1.0, 1.0]"
images/custom/davids/high/C/custom_davids_high_C_2.jpg,3,False,False,110163431,"[0.0, 0.0, 1.0]"
images/custom/davids/high/C/custom_davids_high_C_3.jpg,3,False,False,104382032,"[1.0, 1.0, 1.4142135623730951]"
images/custom/davids/high/C/custom_davids_high_C_4.jpg,3,False,False,103743026,"[1.4142135623730951, 2.0, 2.23606797749979]"
images/custom/davids/high/D/custom_davids_high_D_0.jpg,4,True,True,111025310,"[1.4142135623730951, 1.4142135623730951, 1.4142135623730951, 2.23606797749979]"
images/custom/davids/high/D/custom_davids_high_D_1.jpg,4,True,True,114528410,"[0.0, 1.0, 1.0, 1.4142135623730951]"
images/custom/davids/high/D/custom_davids_high_D_2.jpg,5,False,False,116265738,"[1.0, 1.4142135623730951, 2.23606797749979, 2.23606797749979, 338.1360672865289]"
images/custom/davids/high/D/custom_davids_high_D_3.jpg,4,True,True,112755447,"[0.0, 1.0, 1.0, 1.4142135623730951]"
images/custom/davids/high/D/custom_davids_high_D_4.jpg,4,True,True,97357237,"[1.0, 1.0, 2.0, 2.23606797749979]"
images/custom/davids/medium/A/custom_davids_medium_A_0.jpg,4,True,True,104028460,"[1.0, 1.0, 1.0, 1.0]"
images/custom/davids/medium/A/custom_davids_medium_A_1.jpg,4,True,True,102930303,"[1.0, 2.0, 2.0, 2.23606797749979]"
images/custom/davids/medium/A/custom_davids_medium_A_2.jpg,4,True,True,112534974,"[1.4142135623730951, 1.4142135623730951, 2.23606797749979, 2.23606797749979]"
images/custom/davids/medium/A/custom_davids_medium_A_3.jpg,3,False,False,110068828,"[1.0, 1.4142135623730951, 2.0]"
images/custom/davids/medium/A/custom_davids_medium_A_4.jpg,4,True,True,100730354,"[0.0, 1.4142135623730951, 2.0, 2.8284271247461903]"
images/custom/davids/medium/B/custom_davids_medium_B_0.jpg,4,True,True,105750900,"[0.0, 0.0, 2.23606797749979, 2.23606797749979]"
images/custom/davids/medium/B/custom_davids_medium_B_1.jpg,4,True,True,113480981,"[0.0, 0.0, 1.4142135623730951, 2.23606797749979]"
images/custom/davids/medium/B/custom_davids_medium_B_2.jpg,4,True,True,107165581,"[0.0, 1.0, 1.0, 1.0]"
images/custom/davids/medium/B/custom_davids_medium_B_3.jpg,4,True,True,108500634,"[0.0, 0.0, 1.0, 1.4142135623730951]"
images/custom/davids/medium/B/custom_davids_medium_B_4.jpg,4,True,True,102838558,"[0.0, 1.0, 1.0, 1.0]"
images/custom/davids/medium/C/custom_davids_medium_C_0.jpg,3,False,False,108593401,"[1.0, 1.0, 1.4142135623730951]"
images/custom/davids/medium/C/custom_davids_medium_C_1.jpg,3,False,False,107958198,"[1.0, 2.0, 2.23606797749979]"
images/custom/davids/medium/C/custom_davids_medium_C_2.jpg,2,False,False,105324521,"[0.0, 1.0]"
images/custom/davids/medium/C/custom_davids_medium_C_3.jpg,3,False,False,103216498,"[1.4142135623730951, 2.23606797749979, 2.23606797749979]"
images/custom/davids/medium/C/custom_davids_medium_C_4.jpg,3,False,False,101443099,"[1.0, 1.4142135623730951, 1.4142135623730951]"
images/custom/davids/medium/D/custom_davids_medium_D_0.jpg,4,True,True,109743647,"[1.4142135623730951, 1.4142135623730951, 2.23606797749979, 2.23606797749979]"
images/custom/davids/medium/D/custom_davids_medium_D_1.jpg,4,True,True,103584806,"[1.0, 1.0, 2.23606797749979, 2.23606797749979]"
images/custom/davids/medium/D/custom_davids_medium_D_2.jpg,4,True,True,105160774,"[1.0, 1.0, 1.4142135623730951, 3.0]"
images/custom/davids/medium/D/custom_davids_medium_D_3.jpg,4,True,True,114656371,"[1.0, 1.0, 1.0, 2.23606797749979]"
images/custom/davids/medium/D/custom_davids_medium_D_4.jpg,4,True,True,105233482,"[0.0, 1.0, 1.0, 1.0]"
images/custom/davids/short/A/custom_davids_short_A_0.jpg,4,True,True,114107523,"[1.0, 1.0, 1.4142135623730951, 2.23606797749979]"
images/custom/davids/short/A/custom_davids_short_A_1.jpg,4,True,True,107257848,"[1.0, 1.0, 1.4142135623730951, 2.23606797749979]"
images/custom/davids/short/A/custom_davids_short_A_2.jpg,4,True,True,108558206,"[1.0, 1.0, 1.0, 3.1622776601683795]"
images/custom/davids/short/A/custom_davids_short_A_3.jpg,4,True,True,114163447,"[0.0, 1.0, 1.0, 2.0]"
images/custom/davids/short/A/custom_davids_short_A_4.jpg,4,True,True,110362360,"[1.0, 1.4142135623730951, 2.8284271247461903, 2.8284271247461903]"
images/custom/davids/short/B/custom_davids_short_B_0.jpg,6,False,False,116495949,"[1.0, 1.0, 1.4142135623730951, 3.0, 334.43235489408016, 365.08766070630213]"
images/custom/davids/short/B/custom_davids_short_B_1.jpg,3,False,False,115652760,"[0.0, 1.0, 1.0]"
images/custom/davids/short/B/custom_davids_short_B_2.jpg,4,True,True,115269463,"[0.0, 1.0, 1.0, 2.23606797749979]"
images/custom/davids/short/B/custom_davids_short_B_3.jpg,4,True,True,105808666,"[1.0, 1.0, 1.4142135623730951, 2.0]"
images/custom/davids/short/B/custom_davids_short_B_4.jpg,4,True,True,103950591,"[0.0, 1.0, 1.0, 2.23606797749979]"
images/custom/davids/short/C/custom_davids_short_C_0.jpg,2,False,False,105874299,"[1.0, 2.0]"
images/custom/davids/short/C/custom_davids_short_C_1.jpg,3,False,False,106350122,"[0.0, 0.0, 2.0]"
images/custom/davids/short/C/custom_davids_short_C_2.jpg,5,False,False,103067007,"[1.0, 2.0, 2.0, 315.3696244092002, 343.4020966738555]"
images/custom/davids/short/C/custom_davids_short_C_3.jpg,3,False,False,108319667,"[1.0, 1.4142135623730951, 2.23606797749979]"
images/custom/davids/short/C/custom_davids_short_C_4.jpg,3,False,False,98315995,"[0.0, 1.0, 8.54400374531753]"
images/custom/davids/short/D/custom_davids_short_D_0.jpg,4,True,True,103968127,"[0.0, 0.0, 1.0, 1.4142135623730951]"
images/custom/davids/short/D/custom_davids_short_D_1.jpg,4,True,True,107185140,"[0.0, 1.0, 1.4142135623730951, 2.23606797749979]"
images/custom/davids/short/D/custom_davids_short_D_2.jpg,4,True,True,109041882,"[0.0, 0.0, 0.0, 1.0]"
images/custom/davids/short/D/custom_davids_short_D_3.jpg,4,True,True,107979939,"[0.0, 1.0, 1.0, 2.0]"
images/custom/davids/short/D/custom_davids_short_D_4.jpg,4,True,True,108762518,"[1.0, 1.0, 1.0, 1.0]"
images/custom/jack_cole/high/A/custom_jack_cole_high_A_0.jpg,4,True,True,110567233,"[0.0, 1.0, 1.4142135623730951, 2.23606797749979]"
images/custom/jack_cole/high/A/custom_jack_cole_high_A_1.jpg,4,True,True,108655757,"[0.0, 1.0, 1.0, 2.23606797749979]"
images/custom/jack_cole/high/A/custom_jack_cole_high_A_2.jpg,4,True,True,104387053,"[1.4142135623730951, 1.4142135623730951, 2.0, 2.23606797749979]"
images/custom/jack_cole/high/A/custom_jack_cole_high_A_3.jpg,4,True,True,108359882,"[1.0, 1.0, 1.0, 1.4142135623730951]"
images/custom/jack_cole/high/A/custom_jack_cole_high_A_4.jpg,4,True,True,110570716,"[0.0, 1.0, 2.23606797749979, 2.23606797749979]"
images/custom/jack_cole/high/B/custom_jack_cole_high_B_0.jpg,4,True,True,116545692,"[1.0, 1.0, 1.0, 1.4142135623730951]"
images/custom/jack_cole/high/B/custom_jack_cole_high_B_1.jpg,4,True,True,117265725,"[1.0, 1.4142135623730951, 1.4142135623730951, 1.4142135623730951]"
images/custom/jack_cole/high/B/custom_jack_cole_high_B_2.jpg,4,True,True,114273422,"[1.0, 1.4142135623730951, 2.23606797749979, 2.23606797749979]"
images/custom/jack_cole/high/B/custom_jack_cole_high_B_3.jpg,4,True,True,114451747,"[0.0, 1.0, 1.4142135623730951, 2.23606797749979]"
images/custom/jack_cole/high/B/custom_jack_cole_high_B_4.jpg,4,True,True,108631803,"[1.0, 1.0, 1.0, 1.0]"
images/custom/jack_cole/high/C/custom_jack_cole_high_C_0.jpg,4,True,False,114939261,"[1.4142135623730951, 2.0, 2.23606797749979, 204.08331631958552]"
images/custom/jack_cole/high/C/custom_jack_cole_high_C_1.jpg,3,False,False,109125477,"[1.0, 1.0, 1.4142135623730951]"
images/custom/jack_cole/high/C/custom_jack_cole_high_C_2.jpg,3,False,False,118229973,"[0.0, 1.0, 2.23606797749979]"
images/custom/jack_cole/high/C/custom_jack_cole_high_C_3.jpg,3,False,False,116520825,"[0.0, 1.4142135623730951, 2.23606797749979]"
images/custom/jack_cole/high/C/custom_jack_cole_high_C_4.jpg,3,False,False,101209903,"[0.0, 1.0, 1.0]"
images/custom/jack_cole/high/D/custom_jack_cole_high_D_0.jpg,4,True,True,109990498,"[1.4142135623730951, 2.0, 2.23606797749979, 2.23606797749979]"
images/custom/jack_cole/high/D/custom_jack_cole_high_D_1.jpg,4,True,True,112273994,"[1.0, 1.0, 2.0, 2.23606797749979]"
images/custom/jack_cole/high/D/custom_jack_cole_high_D_2.jpg,4,True,True,113868520,"[1.0, 1.4142135623730951, 1.4142135623730951, 2.23606797749979]"
images/custom/jack_cole/high/D/custom_jack_cole_high_D_3.jpg,5,False,False,118752813,"[1.4142135623730951, 1.4142135623730951, 2.0, 2.23606797749979, 182.70194306574848]"
images/custom/jack_cole/high/D/custom_jack_cole_high_D_4.jpg,4,True,True,104533367,"[1.0, 1.0, 1.0, 2.0]"
images/custom/jack_cole/medium/A/custom_jack_cole_medium_A_0.jpg,4,True,True,105623622,"[1.0, 1.0, 1.0, 1.4142135623730951]"
images/custom/jack_cole/medium/A/custom_jack_cole_medium_A_1.jpg,4,True,True,104536681,"[1.0, 2.23606797749979, 2.23606797749979, 3.0]"
images/custom/jack_cole/medium/A/custom_jack_cole_medium_A_2.jpg,4,True,True,107029424,"[1.0, 1.0, 1.0, 2.23606797749979]"
images/custom/jack_cole/medium/A/custom_jack_cole_medium_A_3.jpg,4,True,True,117593901,"[0.0, 1.0, 1.4142135623730951, 2.23606797749979]"
images/custom/jack_cole/medium/A/custom_jack_cole_medium_A_4.jpg,4,True,True,102607914,"[1.0, 1.4142135623730951, 2.0, 2.23606797749979]"
images/custom/jack_cole/medium/B/custom_jack_cole_medium_B_0.jpg,4,True,True,112858018,"[1.0, 1.0, 1.4142135623730951, 1.4142135623730951]"
images/custom/jack_cole/medium/B/custom_jack_cole_medium_B_1.jpg,4,True,True,105263025,"[0.0, 1.0, 2.23606797749979, 2.23606797749979]"
images/custom/jack_cole/medium/B/custom_jack_cole_medium_B_2.jpg,4,True,True,103868138,"[1.0, 1.0, 2.0, 2.23606797749979]"
images/custom/jack_cole/medium/B/custom_jack_cole_medium_B_3.jpg,4,True,True,105745439,"[2.23606797749979, 2.23606797749979, 2.23606797749979, 3.0]"
images/custom/jack_cole/medium/B/custom_jack_cole_medium_B_4.jpg,4,True,True,99483599,"[1.0, 1.0, 2.23606797749979, 3.1622776601683795]"
images/custom/jack_cole/medium/C/custom_jack_cole_medium_C_0.jpg,3,False,False,107707973,"[1.0, 1.4142135623730951, 2.8284271247461903]"
images/custom/jack_cole/medium/C/custom_jack_cole_medium_C_1.jpg,2,False,False,108364926,"[0.0, 3.0]"
images/custom/jack_cole/medium/C/custom_jack_cole_medium_C_2.jpg,2,False,False,116198564,"[1.0, 2.0]"
images/custom/jack_cole/medium/C/custom_jack_cole_medium_C_3.jpg,3,False,False,107041813,"[2.23606797749979, 2.23606797749979, 4.242640687119285]"
images/custom/jack_cole/medium/C/custom_jack_cole_medium_C_4.jpg,3,False,False,109058282,"[1.4142135623730951, 2.23606797749979, 2.8284271247461903]"
images/custom/jack_cole/medium/D/custom_jack_cole_medium_D_0.jpg,4,True,True,105158658,"[2.0, 2.0, 2.23606797749979, 3.0]"
images/custom/jack_cole/medium/D/custom_jack_cole_medium_D_1.jpg,4,True,True,112424604,"[1.0, 1.0, 1.0, 2.0]"
images/custom/jack_cole/medium/D/custom_jack_cole_medium_D_2.jpg,4,True,True,102119911,"[1.0, 1.4142135623730951, 2.0, 2.0]"
images/custom/jack_cole/medium/D/custom_jack_cole_medium_D_3.jpg,4,True,True,112706113,"[1.0, 1.4142135623730951, 1.4142135623730951, 2.23606797749979]"
images/custom/jack_cole/medium/D/custom_jack_cole_medium_D_4.jpg,4,True,True,108988421,"[1.4142135623730951, 1.4142135623730951, 2.23606797749979, 2.23606797749979]"
images/custom/jack_cole/short/A/custom_jack_cole_short_A_0.jpg,4,True,True,110476472,"[1.0, 2.23606797749979, 3.1622776601683795, 3.605551275463989]"
images/custom/jack_cole/short/A/custom_jack_cole_short_A_1.jpg,4,True,True,107252907,"[2.0, 2.23606797749979, 3.0, 3.0]"
images/custom/jack_cole/short/A/custom_jack_cole_short_A_2.jpg,4,True,True,115534305,"[0.0, 1.0, 1.4142135623730951, 1.4142135623730951]"
images/custom/jack_cole/short/A/custom_jack_cole_short_A_3.jpg,4,True,True,114514996,"[1.4142135623730951, 1.4142135623730951, 2.8284271247461903, 3.1622776601683795]"
images/custom/jack_cole/short/A/custom_jack_cole_short_A_4.jpg,4,True,True,100627249,"[1.4142135623730951, 2.23606797749979, 2.23606797749979, 3.605551275463989]"
images/custom/jack_cole/short/B/custom_jack_cole_short_B_0.jpg,4,True,True,100182806,"[1.0, 1.0, 2.0, 2.23606797749979]"
images/custom/jack_cole/short/B/custom_jack_cole_short_B_1.jpg,4,True,True,109380837,"[0.0, 1.0, 1.0, 2.0]"
images/custom/jack_cole/short/B/custom_jack_cole_short_B_2.jpg,4,True,True,108495968,"[1.0, 1.0, 1.4142135623730951, 2.0]"
images/custom/jack_cole/short/B/custom_jack_cole_short_B_3.jpg,4,True,True,106421670,"[0.0, 1.0, 1.4142135623730951, 2.0]"
images/custom/jack_cole/short/B/custom_jack_cole_short_B_4.jpg,4,True,True,106990845,"[0.0, 1.0, 1.4142135623730951, 2.8284271247461903]"
images/custom/jack_cole/short/C/custom_jack_cole_short_C_0.jpg,3,False,False,113243991,"[1.0, 1.0, 2.23606797749979]"
images/custom/jack_cole/short/C/custom_jack_cole_short_C_1.jpg,3,False,False,107663927,"[1.0, 1.4142135623730951, 3.0]"
images/custom/jack_cole/short/C/custom_jack_cole_short_C_2.jpg,3,False,False,105504628,"[1.4142135623730951, 2.0, 2.23606797749979]"
images/custom/jack_cole/short/C/custom_jack_cole_short_C_3.jpg,3,False,False,126011720,"[2.0, 2.23606797749979, 3.1622776601683795]"
images/custom/jack_cole/short/C/custom_jack_cole_short_C_4.jpg,3,False,False,109316757,"[1.0, 2.8284271247461903, 3.0]"
images/custom/jack_cole/short/D/custom_jack_cole_short_D_0.jpg,4,True,True,114007915,"[0.0, 1.4142135623730951, 2.0, 2.23606797749979]"
images/custom/jack_cole/short/D/custom_jack_cole_short_D_1.jpg,4,True,True,113127924,"[0.0, 1.4142135623730951, 2.0, 2.23606797749979]"
images/custom/jack_cole/short/D/custom_jack_cole_short_D_2.jpg,4,True,True,111097257,"[1.0, 1.0, 1.4142135623730951, 1.4142135623730951]"
images/custom/jack_cole/short/D/custom_jack_cole_short_D_3.jpg,4,True,True,116134763,"[0.0, 2.23606797749979, 2.23606797749979, 3.1622776601683795]"
images/custom/jack_cole/short/D/custom_jack_cole_short_D_4.jpg,4,True,True,102800245,"[2.0, 2.23606797749979, 2.8284271247461903, 2.8284271247461903]"
images/custom/john_honey/high/A/custom_john_honey_high_A_0.jpg,4,True,True,109691243,"[0.0, 1.0, 2.23606797749979, 3.0]"
images/custom/john_honey/high/A/custom_john_honey_high_A_1.jpg,5,False,False,123094122,"[1.4142135623730951, 1.4142135623730951, 1.4142135623730951, 2.23606797749979, 181.79383927955314]"
images/custom/john_honey/high/A/custom_john_honey_high_A_2.jpg,4,True,True,110709067,"[0.0, 1.0, 1.4142135623730951, 1.4142135623730951]"
images/custom/john_honey/high/A/custom_john_honey_high_A_3.jpg,4,True,True,114054462,"[0.0, 1.0, 2.23606797749979, 2.8284271247461903]"
images/custom/john_honey/high/A/custom_john_honey_high_A_4.jpg,4,True,True,112906288,"[1.0, 1.0, 1.4142135623730951, 1.4142135623730951]"
images/custom/john_honey/high/B/custom_john_honey_high_B_0.jpg,3,False,False,116132266,"[1.0, 1.0, 2.0]"
images/custom/john_honey/high/B/custom_john_honey_high_B_1.jpg,4,True,True,115056120,"[0.0, 1.4142135623730951, 1.4142135623730951, 2.0]"
images/custom/john_honey/high/B/custom_john_honey_high_B_2.jpg,4,True,True,105427174,"[1.0, 2.0, 2.0, 3.1622776601683795]"
images/custom/john_honey/high/B/custom_john_honey_high_B_3.jpg,3,False,False,115131451,"[1.4142135623730951, 2.0, 3.0]"
images/custom/john_honey/high/B/custom_john_honey_high_B_4.jpg,4,True,True,116455267,"[1.0, 1.0, 1.0, 1.4142135623730951]"
images/custom/john_honey/high/C/custom_john_honey_high_C_0.jpg,3,False,False,114822954,"[1.0, 1.4142135623730951, 2.0]"
images/custom/john_honey/high/C/custom_john_honey_high_C_1.jpg,3,False,False,112157195,"[1.0, 2.0, 2.23606797749979]"
images/custom/john_honey/high/C/custom_john_honey_high_C_2.jpg,2,False,False,109299985,"[0.0, 1.0]"
images/custom/john_honey/high/C/custom_john_honey_high_C_3.jpg,2,False,False,112925237,"[0.0, 1.0]"
images/custom/john_honey/high/C/custom_john_honey_high_C_4.jpg,2,False,False,110224233,"[1.4142135623730951, 1.4142135623730951]"
images/custom/john_honey/high/D/custom_john_honey_high_D_0.jpg,4,True,True,113120321,"[0.0, 1.0, 1.0, 1.4142135623730951]"
images/custom/john_honey/high/D/custom_john_honey_high_D_1.jpg,4,True,True,112444727,"[1.0, 1.0, 2.0, 2.23606797749979]"
images/custom/john_honey/high/D/custom_john_honey_high_D_2.jpg,4,True,True,112870111,"[0.0, 1.0, 2.0, 2.23606797749979]"
images/custom/john_honey/high/D/custom_john_honey_high_D_3.jpg,4,True,True,110748904,"[0.0, 1.0, 1.4142135623730951, 1.4142135623730951]"
images/custom/john_honey/high/D/custom_john_honey_high_D_4.jpg,4,True,True,110774551,"[1.0, 1.0, 2.0, 2.23606797749979]"
images/custom/john_honey/medium/A/custom_john_honey_medium_A_0.jpg,4,True,True,118650381,"[0.0, 1.0, 1.0, 1.4142135623730951]"
images/custom/john_honey/medium/A/custom_john_honey_medium_A_1.jpg,4,True,True,113275453,"[0.0, 1.0, 1.0, 1.4142135623730951]"
images/custom/john_honey/medium/A/custom_john_honey_medium_A_2.jpg,4,True,True,111336377,"[0.0, 0.0, 1.0, 1.4142135623730951]"
images/custom/john_honey/medium/A/custom_john_honey_medium_A_3.jpg,4,True,True,112567418,"[1.0, 1.0, 1.4142135623730951, 1.4142135623730951]"
images/custom/john_honey/medium/A/custom_john_honey_medium_A_4.jpg,4,True,True,112925554,"[1.0, 1.0, 1.4142135623730951, 1.4142135623730951]"
images/custom/john_honey/medium/B/custom_john_honey_medium_B_0.jpg,4,True,True,119364369,"[1.0, 1.0, 1.0, 1.4142135623730951]"
images/custom/john_honey/medium/B/custom_john_honey_medium_B_1.jpg,3,False,False,123792744,"[2.0, 2.23606797749979, 75.58438992278762]"
images/custom/john_honey/medium/B/custom_john_honey_medium_B_2.jpg,4,True,True,113360843,"[0.0, 1.4142135623730951, 2.23606797749979, 2.23606797749979]"
images/custom/john_honey/medium/B/custom_john_honey_medium_B_3.jpg,4,True,True,112717522,"[0.0, 1.0, 2.0, 2.8284271247461903]"
images/custom/john_honey/medium/B/custom_john_honey_medium_B_4.jpg,4,True,True,111048794,"[1.0, 1.4142135623730951, 1.4142135623730951, 3.1622776601683795]"
images/custom/john_honey/medium/C/custom_john_honey_medium_C_0.jpg,3,False,False,115361625,"[1.0, 1.4142135623730951, 1.4142135623730951]"
images/custom/john_honey/medium/C/custom_john_honey_medium_C_1.jpg,3,False,False,121683838,"[1.0, 1.4142135623730951, 1.4142135623730951]"
images/custom/john_honey/medium/C/custom_john_honey_medium_C_2.jpg,3,False,False,111282783,"[1.0, 1.4142135623730951, 2.0]"
images/custom/john_honey/medium/C/custom_john_honey_medium_C_3.jpg,3,False,False,108699440,"[1.0, 1.0, 1.4142135623730951]"
images/custom/john_honey/medium/C/custom_john_honey_medium_C_4.jpg,2,False,False,109389162,"[1.0, 1.0]"
images/custom/john_honey/medium/D/custom_john_honey_medium_D_0.jpg,4,True,True,111397148,"[0.0, 1.0, 1.4142135623730951, 2.23606797749979]"
images/custom/john_honey/medium/D/custom_john_honey_medium_D_1.jpg,4,True,True,115633743,"[0.0, 1.0, 1.4142135623730951, 1.4142135623730951]"
images/custom/john_honey/medium/D/custom_john_honey_medium_D_2.jpg,4,True,True,111010033,"[0.0, 1.0, 1.4142135623730951, 1.4142135623730951]"
images/custom/john_honey/medium/D/custom_john_honey_medium_D_3.jpg,4,True,True,114427271,"[0.0, 1.0, 1.0, 2.23606797749979]"
images/custom/john_honey/medium/D/custom_john_honey_medium_D_4.jpg,4,True,True,108033442,"[1.0, 1.4142135623730951, 1.4142135623730951, 2.23606797749979]"
images/custom/john_honey/short/A/custom_john_honey_short_A_0.jpg,4,True,True,109179062,"[0.0, 1.0, 1.4142135623730951, 2.0]"
images/custom/john_honey/short/A/custom_john_honey_short_A_1.jpg,4,True,True,109385930,"[1.4142135623730951, 2.0, 2.0, 2.23606797749979]"
images/custom/john_honey/short/A/custom_john_honey_short_A_2.jpg,4,True,True,111669974,"[1.0, 1.0, 1.4142135623730951, 2.0]"
images/custom/john_honey/short/A/custom_john_honey_short_A_3.jpg,4,True,True,123310539,"[1.0, 1.4142135623730951, 2.0, 2.0]"
images/custom/john_honey/short/A/custom_john_honey_short_A_4.jpg,4,True,True,110686514,"[0.0, 1.4142135623730951, 2.23606797749979, 2.23606797749979]"
images/custom/john_honey/short/B/custom_john_honey_short_B_0.jpg,4,True,True,119637272,"[1.0, 1.0, 2.23606797749979, 2.23606797749979]"
images/custom/john_honey/short/B/custom_john_honey_short_B_1.jpg,4,True,True,116163875,"[0.0, 2.0, 2.23606797749979, 3.0]"
images/custom/john_honey/short/B/custom_john_honey_short_B_2.jpg,4,True,True,109997604,"[0.0, 1.0, 1.4142135623730951, 1.4142135623730951]"
images/custom/john_honey/short/B/custom_john_honey_short_B_3.jpg,4,True,True,115601593,"[1.0, 1.0, 1.4142135623730951, 2.0]"
images/custom/john_honey/short/B/custom_john_honey_short_B_4.jpg,4,True,True,104644074,"[1.0, 1.0, 1.0, 1.4142135623730951]"
images/custom/john_honey/short/C/custom_john_honey_short_C_0.jpg,3,False,False,109706878,"[1.4142135623730951, 1.4142135623730951, 2.0]"
images/custom/john_honey/short/C/custom_john_honey_short_C_1.jpg,3,False,False,114765733,"[0.0, 1.0, 2.23606797749979]"
images/custom/john_honey/short/C/custom_john_honey_short_C_2.jpg,3,False,False,110814793,"[1.0, 1.4142135623730951, 2.23606797749979]"
images/custom/john_honey/short/C/custom_john_honey_short_C_3.jpg,3,False,False,110929271,"[1.0, 1.4142135623730951, 2.0]"
images/custom/john_honey/short/C/custom_john_honey_short_C_4.jpg,3,False,False,109144341,"[0.0, 1.4142135623730951, 1.4142135623730951]"
images/custom/john_honey/short/D/custom_john_honey_short_D_0.jpg,4,True,True,116279677,"[0.0, 1.0, 1.4142135623730951, 2.8284271247461903]"
images/custom/john_honey/short/D/custom_john_honey_short_D_1.jpg,4,True,True,115635265,"[1.0, 1.0, 1.4142135623730951, 1.4142135623730951]"
images/custom/john_honey/short/D/custom_john_honey_short_D_2.jpg,4,True,True,115261554,"[0.0, 1.4142135623730951, 1.4142135623730951, 2.23606797749979]"
images/custom/john_honey/short/D/custom_john_honey_short_D_3.jpg,4,True,True,125671287,"[0.0, 1.4142135623730951, 1.4142135623730951, 2.0]"
images/custom/john_honey/short/D/custom_john_honey_short_D_4.jpg,4,True,True,109274668,"[0.0, 1.0, 1.0, 2.23606797749979]"
images/custom/michaels/high/A/custom_michaels_high_A_0.jpg,4,True,True,101588302,"[0.0, 1.0, 1.4142135623730951, 2.0]"
images/custom/michaels/high/A/custom_michaels_high_A_1.jpg,3,False,False,105001834,"[1.0, 1.0, 1.4142135623730951]"
images/custom/michaels/high/A/custom_michaels_high_A_2.jpg,4,True,True,104860155,"[1.0, 1.0, 1.4142135623730951, 1.4142135623730951]"
images/custom/michaels/high/A/custom_michaels_high_A_3.jpg,4,True,True,101387236,"[0.0, 1.0, 1.0, 1.0]"
images/custom/michaels/high/A/custom_michaels_high_A_4.jpg,4,True,True,94142961,"[1.0, 1.4142135623730951, 1.4142135623730951, 2.0]"
images/custom/michaels/high/B/custom_michaels_high_B_0.jpg,4,True,True,103612579,"[0.0, 1.0, 1.4142135623730951, 2.8284271247461903]"
images/custom/michaels/high/B/custom_michaels_high_B_1.jpg,4,True,True,110508555,"[1.0, 1.0, 1.4142135623730951, 2.0]"
images/custom/michaels/high/B/custom_michaels_high_B_2.jpg,5,False,False,102801131,"[0.0, 1.0, 1.0, 1.4142135623730951, 80.11242100947892]"
images/custom/michaels/high/B/custom_michaels_high_B_3.jpg,3,False,False,111252529,"[0.0, 1.0, 2.23606797749979]"
images/custom/michaels/high/B/custom_michaels_high_B_4.jpg,4,True,True,95066588,"[0.0, 1.0, 1.0, 1.4142135623730951]"
images/custom/michaels/high/C/custom_michaels_high_C_0.jpg,3,False,False,96163148,"[1.4142135623730951, 2.23606797749979, 4.123105625617661]"
images/custom/michaels/high/C/custom_michaels_high_C_1.jpg,2,False,False,97286024,"[0.0, 1.4142135623730951]"
images/custom/michaels/high/C/custom_michaels_high_C_2.jpg,2,False,False,102525320,"[1.0, 1.0]"
images/custom/michaels/high/C/custom_michaels_high_C_3.jpg,2,False,False,107134186,"[1.0, 1.4142135623730951]"
images/custom/michaels/high/C/custom_michaels_high_C_4.jpg,2,False,False,103840974,"[2.0, 2.23606797749979]"
images/custom/michaels/high/D/custom_michaels_high_D_0.jpg,4,True,True,106947032,"[0.0, 0.0, 0.0, 1.4142135623730951]"
images/custom/michaels/high/D/custom_michaels_high_D_1.jpg,4,True,True,100889470,"[1.0, 1.0, 1.0, 2.23606797749979]"
images/custom/michaels/high/D/custom_michaels_high_D_2.jpg,4,True,True,100867913,"[1.0, 1.0, 1.0, 1.4142135623730951]"
images/custom/michaels/high/D/custom_michaels_high_D_3.jpg,4,True,True,103566723,"[1.0, 1.0, 1.0, 1.4142135623730951]"
images/custom/michaels/high/D/custom_michaels_high_D_4.jpg,4,True,True,99452509,"[1.0, 1.0, 1.4142135623730951, 1.4142135623730951]"
images/custom/michaels/medium/A/custom_michaels_medium_A_0.jpg,4,True,True,115692010,"[1.0, 1.4142135623730951, 2.23606797749979, 2.23606797749979]"
images/custom/michaels/medium/A/custom_michaels_medium_A_1.jpg,5,False,False,102999920,"[0.0, 0.0, 1.0, 2.0, 216.00462958001617]"
images/custom/michaels/medium/A/custom_michaels_medium_A_2.jpg,4,True,True,100949836,"[1.0, 1.4142135623730951, 1.4142135623730951, 3.0]"
images/custom/michaels/medium/A/custom_michaels_medium_A_3.jpg,4,True,True,107498570,"[1.0, 1.0, 2.0, 2.23606797749979]"
images/custom/michaels/medium/A/custom_michaels_medium_A_4.jpg,4,True,True,106957519,"[0.0, 1.0, 1.4142135623730951, 1.4142135623730951]"
images/custom/michaels/medium/B/custom_michaels_medium_B_0.jpg,4,True,True,103444253,"[1.0, 1.0, 1.0, 1.0]"
images/custom/michaels/medium/B/custom_michaels_medium_B_1.jpg,4,True,True,112796582,"[0.0, 0.0, 1.4142135623730951, 2.23606797749979]"
images/custom/michaels/medium/B/custom_michaels_medium_B_2.jpg,4,True,True,106956421,"[0.0, 1.4142135623730951, 2.23606797749979, 2.23606797749979]"
images/custom/michaels/medium/B/custom_michaels_medium_B_3.jpg,4,True,True,110036167,"[0.0, 1.0, 1.4142135623730951, 2.23606797749979]"
images/custom/michaels/medium/B/custom_michaels_medium_B_4.jpg,4,True,True,106625160,"[1.0, 1.0, 1.4142135623730951, 2.0]"
images/custom/michaels/medium/C/custom_michaels_medium_C_0.jpg,3,False,False,104649624,"[1.0, 1.0, 2.0]"
images/custom/michaels/medium/C/custom_michaels_medium_C_1.jpg,3,False,False,114045280,"[1.0, 1.4142135623730951, 2.23606797749979]"
images/custom/michaels/medium/C/custom_michaels_medium_C_2.jpg,3,False,False,104164392,"[1.0, 1.4142135623730951, 2.23606797749979]"
images/custom/michaels/medium/C/custom_michaels_medium_C_3.jpg,3,False,False,107572814,"[1.4142135623730951, 2.23606797749979, 2.23606797749979]"
images/custom/michaels/medium/C/custom_michaels_medium_C_4.jpg,2,False,False,105524643,"[0.0, 0.0]"
images/custom/michaels/medium/D/custom_michaels_medium_D_0.jpg,4,True,True,105365037,"[1.0, 1.0, 1.0, 1.0]"
images/custom/michaels/medium/D/custom_michaels_medium_D_1.jpg,4,True,True,104482347,"[0.0, 0.0, 1.4142135623730951, 2.23606797749979]"
images/custom/michaels/medium/D/custom_michaels_medium_D_2.jpg,4,True,True,101283021,"[0.0, 0.0, 1.0, 1.4142135623730951]"
images/custom/michaels/medium/D/custom_michaels_medium_D_3.jpg,4,True,True,105365136,"[1.0, 1.0, 1.4142135623730951, 1.4142135623730951]"
images/custom/michaels/medium/D/custom_michaels_medium_D_4.jpg,4,True,True,101761792,"[0.0, 1.0, 1.4142135623730951, 2.23606797749979]"
images/custom/michaels/short/A/custom_michaels_short_A_0.jpg,4,True,True,109334070,"[1.0, 1.0, 1.0, 2.23606797749979]"
images/custom/michaels/short/A/custom_michaels_short_A_1.jpg,4,True,True,109898088,"[0.0, 1.0, 1.0, 1.4142135623730951]"
images/custom/michaels/short/A/custom_michaels_short_A_2.jpg,4,True,True,109009894,"[0.0, 1.4142135623730951, 1.4142135623730951, 2.0]"
images/custom/michaels/short/A/custom_michaels_short_A_3.jpg,4,True,True,108866395,"[1.0, 2.23606797749979, 2.23606797749979, 2.23606797749979]"
images/custom/michaels/short/A/custom_michaels_short_A_4.jpg,4,True,True,105642377,"[1.4142135623730951, 2.0, 2.23606797749979, 2.23606797749979]"
images/custom/michaels/short/B/custom_michaels_short_B_0.jpg,4,True,True,109642667,"[1.0, 1.4142135623730951, 1.4142135623730951, 2.23606797749979]"
images/custom/michaels/short/B/custom_michaels_short_B_1.jpg,4,True,True,115045443,"[1.0, 1.0, 2.23606797749979, 2.8284271247461903]"
images/custom/michaels/short/B/custom_michaels_short_B_2.jpg,4,True,True,117043657,"[1.0, 1.4142135623730951, 1.4142135623730951, 2.0]"
images/custom/michaels/short/B/custom_michaels_short_B_3.jpg,4,True,True,107879683,"[1.4142135623730951, 1.4142135623730951, 2.0, 2.23606797749979]"
images/custom/michaels/short/B/custom_michaels_short_B_4.jpg,4,True,True,103706757,"[1.4142135623730951, 2.0, 2.0, 2.23606797749979]"
images/custom/michaels/short/C/custom_michaels_short_C_0.jpg,3,False,False,113596994,"[0.0, 1.0, 2.23606797749979]"
images/custom/michaels/short/C/custom_michaels_short_C_1.jpg,2,False,False,104247071,"[1.0, 1.0]"
images/custom/michaels/short/C/custom_michaels_short_C_2.jpg,3,False,False,105076923,"[0.0, 1.0, 1.0]"
images/custom/michaels/short/C/custom_michaels_short_C_3.jpg,3,False,False,105810832,"[1.4142135623730951, 1.4142135623730951, 2.23606797749979]"
images/custom/michaels/short/C/custom_michaels_short_C_4.jpg,4,True,True,104534137,"[1.0, 1.4142135623730951, 2.0, 2.23606797749979]"
images/custom/michaels/short/D/custom_michaels_short_D_0.jpg,4,True,True,106085700,"[1.4142135623730951, 2.0, 2.0, 2.23606797749979]"
images/custom/michaels/short/D/custom_michaels_short_D_1.jpg,4,True,True,108954316,"[1.0, 1.0, 1.0, 2.23606797749979]"
images/custom/michaels/short/D/custom_michaels_short_D_2.jpg,4,True,True,106173843,"[0.0, 2.0, 2.23606797749979, 2.23606797749979]"
images/custom/michaels/short/D/custom_michaels_short_D_3.jpg,4,True,True,108658794,"[1.4142135623730951, 1.4142135623730951, 1.4142135623730951, 3.0]"
images/custom/michaels/short/D/custom_michaels_short_D_4.jpg,4,True,True,104034342,"[0.0, 1.0, 2.0, 3.0]"
images/dark/davids/high/A/dark_davids_high_A_0.jpg,3,False,False,105979330,"[1.0, 1.0, 2.23606797749979]"
images/dark/davids/high/A/dark_davids_high_A_1.jpg,3,False,False,111251322,"[1.0, 1.0, 2.23606797749979]"
images/dark/davids/high/A/dark_davids_high_A_2.jpg,4,True,True,103700986,"[0.0, 1.0, 1.0, 1.4142135623730951]"
images/dark/davids/high/A/dark_davids_high_A_3.jpg,4,True,True,106050321,"[1.0, 2.0, 2.23606797749979, 2.23606797749979]"
images/dark/davids/high/A/dark_davids_high_A_4.jpg,4,True,True,101437061,"[1.0, 1.0, 1.0, 1.4142135623730951]"
images/dark/davids/high/B/dark_davids_high_B_0.jpg,4,True,True,113621061,"[1.0, 1.0, 1.0, 1.4142135623730951]"
images/dark/davids/high/B/dark_davids_high_B_1.jpg,4,True,True,106912929,"[1.0, 2.0, 2.0, 2.23606797749979]"
images/dark/davids/high/B/dark_davids_high_B_2.jpg,4,True,True,104580670,"[1.0, 1.0, 1.4142135623730951, 2.23606797749979]"
images/dark/davids/high/B/dark_davids_high_B_3.jpg,4,True,True,116828605,"[1.0, 1.4142135623730951, 2.0, 2.23606797749979]"
images/dark/davids/high/B/dark_davids_high_B_4.jpg,4,True,True,115514611,"[1.0, 1.4142135623730951, 1.4142135623730951, 1.4142135623730951]"
images/dark/davids/high/C/dark_davids_high_C_0.jpg,5,False,False,114326208,"[0.0, 1.0, 1.4142135623730951, 2.23606797749979, 522.0823689802213]"
images/dark/davids/high/C/dark_davids_high_C_1.jpg,5,False,False,115971585,"[0.0, 1.0, 1.4142135623730951, 2.0, 475.9180601742279]"
images/dark/davids/high/C/dark_davids_high_C_2.jpg,5,False,False,106205991,"[0.0, 1.0, 1.0, 1.4142135623730951, 475.10525149697094]"
images/dark/davids/high/C/dark_davids_high_C_3.jpg,4,True,True,105953551,"[1.0, 1.0, 1.4142135623730951, 2.0]"
images/dark/davids/high/C/dark_davids_high_C_4.jpg,5,False,False,105824418,"[0.0, 1.0, 1.0, 2.0, 494.631175725914]"
images/dark/davids/high/D/dark_davids_high_D_0.jpg,4,True,True,102585043,"[0.0, 0.0, 1.0, 2.0]"
images/dark/davids/high/D/dark_davids_high_D_1.jpg,4,True,True,109646897,"[0.0, 0.0, 1.0, 1.4142135623730951]"
images/dark/davids/high/D/dark_davids_high_D_2.jpg,4,True,True,103288753,"[1.0, 1.0, 1.4142135623730951, 1.4142135623730951]"
images/dark/davids/high/D/dark_davids_high_D_3.jpg,4,True,True,109155729,"[0.0, 1.0, 1.0, 1.0]"
images/dark/davids/high/D/dark_davids_high_D_4.jpg,4,True,True,104074654,"[0.0, 1.0, 1.4142135623730951, 1.4142135623730951]"
images/dark/davids/medium/A/dark_davids_medium_A_0.jpg,4,True,True,104681632,"[0.0, 1.0, 1.4142135623730951, 2.23606797749979]"
images/dark/davids/medium/A/dark_davids_medium_A_1.jpg,4,True,True,110130944,"[0.0, 1.0, 1.4142135623730951, 1.4142135623730951]"
images/dark/davids/medium/A/dark_davids_medium_A_2.jpg,4,True,True,113007857,"[0.0, 1.0, 1.0, 2.0]"
images/dark/davids/medium/A/dark_davids_medium_A_3.jpg,4,True,True,118410889,"[1.0, 1.4142135623730951, 2.23606797749979, 2.23606797749979]"
images/dark/davids/medium/A/dark_davids_medium_A_4.jpg,4,True,True,97371048,"[0.0, 1.4142135623730951, 1.4142135623730951, 2.23606797749979]"
images/dark/davids/medium/B/dark_davids_medium_B_0.jpg,5,False,False,102701643,"[1.0, 1.0, 1.4142135623730951, 2.0, 672.5659818932265]"
images/dark/davids/medium/B/dark_davids_medium_B_1.jpg,6,False,False,109087172,"[1.0, 1.4142135623730951, 2.0, 2.23606797749979, 474.23622805517505, 543.111406619305]"
images/dark/davids/medium/B/dark_davids_medium_B_2.jpg,4,True,True,110066630,"[1.4142135623730951, 1.4142135623730951, 2.0, 2.23606797749979]"
images/dark/davids/medium/B/dark_davids_medium_B_3.jpg,6,False,False,116269656,"[1.0, 1.4142135623730951, 1.4142135623730951, 2.23606797749979, 470.73665674132496, 539.1567490071881]"
images/dark/davids/medium/B/dark_davids_medium_B_4.jpg,4,True,True,106599693,"[1.0, 1.0, 1.4142135623730951, 2.23606797749979]"
images/dark/davids/medium/C/dark_davids_medium_C_0.jpg,4,True,True,116981342,"[0.0, 1.0, 1.0, 1.0]"
images/dark/davids/medium/C/dark_davids_medium_C_1.jpg,4,True,True,110914345,"[0.0, 1.0, 1.4142135623730951, 2.0]"
images/dark/davids/medium/C/dark_davids_medium_C_2.jpg,3,False,False,107272374,"[1.0, 1.0, 2.23606797749979]"
images/dark/davids/medium/C/dark_davids_medium_C_3.jpg,3,False,False,101176651,"[0.0, 1.4142135623730951, 1.4142135623730951]"
images/dark/davids/medium/C/dark_davids_medium_C_4.jpg,4,True,True,100825371,"[0.0, 1.0, 2.23606797749979, 2.23606797749979]"
images/dark/davids/medium/D/dark_davids_medium_D_0.jpg,4,True,True,100972258,"[1.4142135623730951, 1.4142135623730951, 2.23606797749979, 2.23606797749979]"
images/dark/davids/medium/D/dark_davids_medium_D_1.jpg,4,True,True,109345404,"[0.0, 1.0, 1.4142135623730951, 2.0]"
images/dark/davids/medium/D/dark_davids_medium_D_2.jpg,3,False,False,113544796,"[1.0, 2.23606797749979, 3.1622776601683795]"
images/dark/davids/medium/D/dark_davids_medium_D_3.jpg,3,False,False,105747945,"[1.0, 1.4142135623730951, 3.605551275463989]"
images/dark/davids/medium/D/dark_davids_medium_D_4.jpg,4,True,True,103837212,"[1.0, 1.4142135623730951, 2.0, 2.23606797749979]"
images/dark/davids/short/A/dark_davids_short_A_0.jpg,4,True,True,114779402,"[1.4142135623730951, 2.0, 2.23606797749979, 3.605551275463989]"
images/dark/davids/short/A/dark_davids_short_A_1.jpg,4,True,True,103250970,"[1.0, 1.4142135623730951, 2.0, 2.0]"
images/dark/davids/short/A/dark_davids_short_A_2.jpg,4,True,True,105883559,"[1.0, 1.4142135623730951, 2.23606797749979, 3.1622776601683795]"
images/dark/davids/short/A/dark_davids_short_A_3.jpg,4,True,True,130236980,"[1.4142135623730951, 2.0, 2.23606797749979, 4.0]"
images/dark/davids/short/A/dark_davids_short_A_4.jpg,4,True,True,104248519,"[0.0, 1.0, 1.4142135623730951, 2.0]"
images/dark/davids/short/B/dark_davids_short_B_0.jpg,4,True,True,105444556,"[1.4142135623730951, 1.4142135623730951, 2.0, 3.605551275463989]"
images/dark/davids/short/B/dark_davids_short_B_1.jpg,4,True,True,106131737,"[1.0, 1.0, 1.4142135623730951, 1.4142135623730951]"
images/dark/davids/short/B/dark_davids_short_B_2.jpg,4,True,True,109749608,"[1.0, 1.0, 1.4142135623730951, 2.0]"
images/dark/davids/short/B/dark_davids_short_B_3.jpg,4,True,True,108703625,"[1.0, 1.4142135623730951, 3.0, 3.0]"
images/dark/davids/short/B/dark_davids_short_B_4.jpg,4,True,True,109215018,"[0.0, 1.0, 1.0, 2.23606797749979]"
images/dark/davids/short/C/dark_davids_short_C_0.jpg,4,True,True,105452269,"[1.4142135623730951, 1.4142135623730951, 1.4142135623730951, 2.23606797749979]"
images/dark/davids/short/C/dark_davids_short_C_1.jpg,4,True,True,106480751,"[1.0, 1.0, 1.4142135623730951, 2.23606797749979]"
images/dark/davids/short/C/dark_davids_short_C_2.jpg,4,True,True,105773762,"[2.23606797749979, 2.23606797749979, 2.23606797749979, 3.1622776601683795]"
images/dark/davids/short/C/dark_davids_short_C_3.jpg,4,True,True,113766591,"[0.0, 1.0, 1.4142135623730951, 3.0]"
images/dark/davids/short/C/dark_davids_short_C_4.jpg,4,True,True,102932413,"[1.0, 1.4142135623730951, 1.4142135623730951, 3.0]"
images/dark/davids/short/D/dark_davids_short_D_0.jpg,5,False,False,106589863,"[0.0, 1.0, 1.4142135623730951, 1.4142135623730951, 435.0]"
images/dark/davids/short/D/dark_davids_short_D_1.jpg,4,True,True,109685909,"[1.0, 1.0, 3.0, 3.605551275463989]"
images/dark/davids/short/D/dark_davids_short_D_2.jpg,4,True,True,110662513,"[1.0, 1.0, 2.0, 2.23606797749979]"
images/dark/davids/short/D/dark_davids_short_D_3.jpg,4,True,True,110704791,"[0.0, 1.0, 1.0, 2.23606797749979]"
images/dark/davids/short/D/dark_davids_short_D_4.jpg,4,True,True,107002127,"[2.0, 2.23606797749979, 3.0, 3.1622776601683795]"
images/dark/jack_cole/high/A/dark_jack_cole_high_A_0.jpg,4,True,True,111087578,"[0.0, 0.0, 1.4142135623730951, 2.0]"
images/dark/jack_cole/high/A/dark_jack_cole_high_A_1.jpg,4,True,True,106892259,"[0.0, 1.0, 1.4142135623730951, 1.4142135623730951]"
images/dark/jack_cole/high/A/dark_jack_cole_high_A_2.jpg,4,True,True,106613267,"[0.0, 1.0, 1.0, 3.1622776601683795]"
images/dark/jack_cole/high/A/dark_jack_cole_high_A_3.jpg,4,True,True,111596993,"[0.0, 0.0, 1.0, 1.0]"
images/dark/jack_cole/high/A/dark_jack_cole_high_A_4.jpg,4,True,True,110622976,"[1.4142135623730951, 1.4142135623730951, 1.4142135623730951, 2.23606797749979]"
images/dark/jack_cole/high/B/dark_jack_cole_high_B_0.jpg,4,True,True,98122974,"[0.0, 1.0, 1.0, 1.0]"
images/dark/jack_cole/high/B/dark_jack_cole_high_B_1.jpg,4,True,True,114577653,"[1.0, 1.0, 1.4142135623730951, 2.0]"
images/dark/jack_cole/high/B/dark_jack_cole_high_B_2.jpg,4,True,True,113264248,"[1.0, 1.0, 2.0, 2.23606797749979]"
images/dark/jack_cole/high/B/dark_jack_cole_high_B_3.jpg,4,True,True,112022140,"[1.0, 1.0, 1.0, 3.0]"
images/dark/jack_cole/high/B/dark_jack_cole_high_B_4.jpg,4,True,True,108651671,"[1.0, 1.0, 1.0, 1.4142135623730951]"
images/dark/jack_cole/high/C/dark_jack_cole_high_C_0.jpg,4,True,True,108508863,"[1.0, 1.4142135623730951, 2.0, 2.23606797749979]"
images/dark/jack_cole/high/C/dark_jack_cole_high_C_1.jpg,4,True,True,101935685,"[1.0, 1.0, 1.4142135623730951, 1.4142135623730951]"
images/dark/jack_cole/high/C/dark_jack_cole_high_C_2.jpg,4,True,True,108512441,"[0.0, 0.0, 1.4142135623730951, 2.23606797749979]"
images/dark/jack_cole/high/C/dark_jack_cole_high_C_3.jpg,4,True,True,111000184,"[1.0, 1.4142135623730951, 1.4142135623730951, 2.23606797749979]"
images/dark/jack_cole/high/C/dark_jack_cole_high_C_4.jpg,4,True,True,103363311,"[1.4142135623730951, 1.4142135623730951, 2.23606797749979, 2.23606797749979]"
images/dark/jack_cole/high/D/dark_jack_cole_high_D_0.jpg,4,True,True,118865254,"[1.0, 1.0, 2.0, 2.23606797749979]"
images/dark/jack_cole/high/D/dark_jack_cole_high_D_1.jpg,4,True,True,117309756,"[1.0, 1.0, 1.4142135623730951, 2.0]"
images/dark/jack_cole/high/D/dark_jack_cole_high_D_2.jpg,4,True,True,107552569,"[1.0, 1.0, 1.4142135623730951, 3.0]"
images/dark/jack_cole/high/D/dark_jack_cole_high_D_3.jpg,4,True,True,107297471,"[1.0, 1.0, 1.4142135623730951, 2.23606797749979]"
images/dark/jack_cole/high/D/dark_jack_cole_high_D_4.jpg,4,True,True,103195627,"[1.4142135623730951, 1.4142135623730951, 2.0, 2.23606797749979]"
images/dark/jack_cole/medium/A/dark_jack_cole_medium_A_0.jpg,4,True,True,107735613,"[1.0, 1.0, 1.0, 2.23606797749979]"
images/dark/jack_cole/medium/A/dark_jack_cole_medium_A_1.jpg,4,True,True,111949097,"[1.0, 1.4142135623730951, 2.23606797749979, 2.8284271247461903]"
images/dark/jack_cole/medium/A/dark_jack_cole_medium_A_2.jpg,4,True,True,111852293,"[1.0, 1.0, 1.4142135623730951, 3.0]"
images/dark/jack_cole/medium/A/dark_jack_cole_medium_A_3.jpg,4,True,True,110965379,"[0.0, 0.0, 2.0, 2.23606797749979]"
images/dark/jack_cole/medium/A/dark_jack_cole_medium_A_4.jpg,4,True,True,108575678,"[0.0, 1.4142135623730951, 1.4142135623730951, 2.23606797749979]"
images/dark/jack_cole/medium/B/dark_jack_cole_medium_B_0.jpg,4,True,True,112519461,"[1.4142135623730951, 1.4142135623730951, 2.23606797749979, 3.0]"
images/dark/jack_cole/medium/B/dark_jack_cole_medium_B_1.jpg,4,True,True,113557441,"[1.0, 1.4142135623730951, 2.0, 2.23606797749979]"
images/dark/jack_cole/medium/B/dark_jack_cole_medium_B_2.jpg,4,True,True,107277646,"[1.0, 2.0, 2.0, 2.23606797749979]"
images/dark/jack_cole/medium/B/dark_jack_cole_medium_B_3.jpg,4,True,True,109985081,"[0.0, 2.23606797749979, 2.23606797749979, 2.8284271247461903]"
images/dark/jack_cole/medium/B/dark_jack_cole_medium_B_4.jpg,4,True,True,102450897,"[1.0, 1.4142135623730951, 2.0, 2.0]"
images/dark/jack_cole/medium/C/dark_jack_cole_medium_C_0.jpg,4,True,True,101758427,"[0.0, 1.0, 1.0, 1.4142135623730951]"
images/dark/jack_cole/medium/C/dark_jack_cole_medium_C_1.jpg,4,True,True,104899544,"[1.0, 1.0, 1.4142135623730951, 1.4142135623730951]"
images/dark/jack_cole/medium/C/dark_jack_cole_medium_C_2.jpg,4,True,True,102701584,"[1.0, 1.0, 2.23606797749979, 3.1622776601683795]"
images/dark/jack_cole/medium/C/dark_jack_cole_medium_C_3.jpg,4,True,True,106815870,"[0.0, 2.0, 2.8284271247461903, 3.0]"
images/dark/jack_cole/medium/C/dark_jack_cole_medium_C_4.jpg,4,True,True,102545150,"[1.0, 2.0, 2.23606797749979, 3.0]"
images/dark/jack_cole/medium/D/dark_jack_cole_medium_D_0.jpg,4,True,True,113358858,"[1.0, 2.0, 2.0, 3.1622776601683795]"
images/dark/jack_cole/medium/D/dark_jack_cole_medium_D_1.jpg,4,True,True,105304943,"[0.0, 0.0, 1.0, 2.0]"
images/dark/jack_cole/medium/D/dark_jack_cole_medium_D_2.jpg,4,True,True,105398498,"[1.0, 1.4142135623730951, 2.0, 2.0]"
images/dark/jack_cole/medium/D/dark_jack_cole_medium_D_3.jpg,4,True,True,115505124,"[1.0, 1.0, 1.0, 1.4142135623730951]"
images/dark/jack_cole/medium/D/dark_jack_cole_medium_D_4.jpg,4,True,True,103454752,"[0.0, 1.0, 1.4142135623730951, 2.0]"
images/dark/jack_cole/short/A/dark_jack_cole_short_A_0.jpg,4,True,True,101650448,"[1.0, 1.0, 1.4142135623730951, 2.0]"
images/dark/jack_cole/short/A/dark_jack_cole_short_A_1.jpg,4,True,True,102694772,"[0.0, 1.0, 1.0, 2.23606797749979]"
images/dark/jack_cole/short/A/dark_jack_cole_short_A_2.jpg,4,True,True,104989956,"[1.0, 1.4142135623730951, 3.605551275463989, 3.605551275463989]"
images/dark/jack_cole/short/A/dark_jack_cole_short_A_3.jpg,4,True,True,102527704,"[1.0, 2.23606797749979, 2.23606797749979, 2.23606797749979]"
images/dark/jack_cole/short/A/dark_jack_cole_short_A_4.jpg,4,True,True,103429456,"[1.4142135623730951, 2.23606797749979, 2.23606797749979, 2.23606797749979]"
images/dark/jack_cole/short/B/dark_jack_cole_short_B_0.jpg,4,True,True,110101228,"[1.0, 1.4142135623730951, 2.23606797749979, 3.1622776601683795]"
images/dark/jack_cole/short/B/dark_jack_cole_short_B_1.jpg,4,True,True,117054127,"[1.4142135623730951, 1.4142135623730951, 2.0, 2.8284271247461903]"
images/dark/jack_cole/short/B/dark_jack_cole_short_B_2.jpg,4,True,True,113850552,"[1.4142135623730951, 1.4142135623730951, 1.4142135623730951, 2.8284271247461903]"
images/dark/jack_cole/short/B/dark_jack_cole_short_B_3.jpg,4,True,True,113412026,"[1.0, 1.0, 1.0, 1.4142135623730951]"
images/dark/jack_cole/short/B/dark_jack_cole_short_B_4.jpg,4,True,True,102534792,"[1.0, 1.4142135623730951, 2.23606797749979, 2.23606797749979]"
images/dark/jack_cole/short/C/dark_jack_cole_short_C_0.jpg,4,True,True,114182509,"[1.4142135623730951, 2.0, 2.23606797749979, 2.23606797749979]"
images/dark/jack_cole/short/C/dark_jack_cole_short_C_1.jpg,4,True,False,115799927,"[1.0, 2.23606797749979, 2.8284271247461903, 5.0990195135927845]"
images/dark/jack_cole/short/C/dark_jack_cole_short_C_2.jpg,5,False,False,107165963,"[1.0, 1.4142135623730951, 1.4142135623730951, 2.0, 135.32922818075923]"
images/dark/jack_cole/short/C/dark_jack_cole_short_C_3.jpg,4,True,True,114004514,"[1.0, 1.0, 1.0, 2.0]"
images/dark/jack_cole/short/C/dark_jack_cole_short_C_4.jpg,4,True,True,107967707,"[0.0, 1.0, 2.23606797749979, 4.123105625617661]"
images/dark/jack_cole/short/D/dark_jack_cole_short_D_0.jpg,4,True,True,108933339,"[1.0, 1.0, 2.8284271247461903, 3.1622776601683795]"
images/dark/jack_cole/short/D/dark_jack_cole_short_D_1.jpg,3,False,False,114050263,"[2.23606797749979, 2.8284271247461903, 3.0]"
images/dark/jack_cole/short/D/dark_jack_cole_short_D_2.jpg,4,True,True,114688581,"[1.4142135623730951, 2.23606797749979, 3.0, 3.1622776601683795]"
images/dark/jack_cole/short/D/dark_jack_cole_short_D_3.jpg,4,True,True,108880400,"[1.0, 1.0, 2.0, 2.23606797749979]"
images/dark/jack_cole/short/D/dark_jack_cole_short_D_4.jpg,4,True,True,95795441,"[2.23606797749979, 2.23606797749979, 2.23606797749979, 2.23606797749979]"
images/dark/john_honey/high/A/dark_john_honey_high_A_0.jpg,3,False,False,109116450,"[1.0, 1.0, 2.23606797749979]"
images/dark/john_honey/high/A/dark_john_honey_high_A_1.jpg,3,False,False,107109352,"[1.4142135623730951, 1.4142135623730951, 6.4031242374328485]"
images/dark/john_honey/high/A/dark_john_honey_high_A_2.jpg,3,False,False,108824163,"[0.0, 2.0, 2.8284271247461903]"
images/dark/john_honey/high/A/dark_john_honey_high_A_3.jpg,3,False,False,109103989,"[1.0, 2.23606797749979, 2.8284271247461903]"
images/dark/john_honey/high/A/dark_john_honey_high_A_4.jpg,3,False,False,110204372,"[0.0, 1.0, 2.0]"
images/dark/john_honey/high/B/dark_john_honey_high_B_0.jpg,4,True,True,110781736,"[0.0, 1.0, 1.0, 1.0]"
images/dark/john_honey/high/B/dark_john_honey_high_B_1.jpg,4,True,True,114414598,"[0.0, 1.0, 2.0, 2.23606797749979]"
images/dark/john_honey/high/B/dark_john_honey_high_B_2.jpg,4,True,True,111625416,"[1.4142135623730951, 2.0, 2.23606797749979, 2.23606797749979]"
images/dark/john_honey/high/B/dark_john_honey_high_B_3.jpg,4,True,True,111543491,"[0.0, 1.4142135623730951, 2.23606797749979, 2.23606797749979]"
images/dark/john_honey/high/B/dark_john_honey_high_B_4.jpg,4,True,True,115039522,"[1.4142135623730951, 1.4142135623730951, 2.0, 3.1622776601683795]"
images/dark/john_honey/high/C/dark_john_honey_high_C_0.jpg,3,False,False,114645512,"[0.0, 1.4142135623730951, 1.4142135623730951]"
images/dark/john_honey/high/C/dark_john_honey_high_C_1.jpg,3,False,False,121755333,"[1.0, 1.0, 1.4142135623730951]"
images/dark/john_honey/high/C/dark_john_honey_high_C_2.jpg,3,False,False,122656714,"[1.0, 1.4142135623730951, 3.605551275463989]"
images/dark/john_honey/high/C/dark_john_honey_high_C_3.jpg,3,False,False,121406400,"[1.0, 2.23606797749979, 2.23606797749979]"
images/dark/john_honey/high/C/dark_john_honey_high_C_4.jpg,3,False,False,115739450,"[1.0, 1.4142135623730951, 1.4142135623730951]"
images/dark/john_honey/high/D/dark_john_honey_high_D_0.jpg,1,False,False,113773976,[1.0]
images/dark/john_honey/high/D/dark_john_honey_high_D_1.jpg,1,False,False,116371978,[1.0]
images/dark/john_honey/high/D/dark_john_honey_high_D_2.jpg,1,False,False,116537609,[2.23606797749979]
images/dark/john_honey/high/D/dark_john_honey_high_D_3.jpg,2,False,False,113633485,"[2.23606797749979, 2.23606797749979]"
images/dark/john_honey/high/D/dark_john_honey_high_D_4.jpg,2,False,False,111707654,"[1.0, 2.23606797749979]"
images/dark/john_honey/medium/A/dark_john_honey_medium_A_0.jpg,4,True,True,119061543,"[1.4142135623730951, 1.4142135623730951, 2.23606797749979, 2.8284271247461903]"
images/dark/john_honey/medium/A/dark_john_honey_medium_A_1.jpg,4,True,True,114633757,"[1.4142135623730951, 2.0, 2.0, 2.23606797749979]"
images/dark/john_honey/medium/A/dark_john_honey_medium_A_2.jpg,4,True,True,114007715,"[0.0, 1.0, 1.0, 2.23606797749979]"
images/dark/john_honey/medium/A/dark_john_honey_medium_A_3.jpg,4,True,True,112109515,"[1.0, 1.4142135623730951, 1.4142135623730951, 3.0]"
images/dark/john_honey/medium/A/dark_john_honey_medium_A_4.jpg,4,True,True,110366317,"[1.0, 1.0, 1.0, 1.4142135623730951]"
images/dark/john_honey/medium/B/dark_john_honey_medium_B_0.jpg,5,False,False,111228221,"[1.0, 1.4142135623730951, 2.0, 2.23606797749979, 385.40627913929995]"
images/dark/john_honey/medium/B/dark_john_honey_medium_B_1.jpg,4,True,True,117537429,"[0.0, 1.0, 1.4142135623730951, 2.23606797749979]"
images/dark/john_honey/medium/B/dark_john_honey_medium_B_2.jpg,4,True,True,116901047,"[0.0, 1.0, 1.4142135623730951, 2.0]"
images/dark/john_honey/medium/B/dark_john_honey_medium_B_3.jpg,5,False,False,113471537,"[1.0, 1.0, 2.0, 2.23606797749979, 169.83815825661793]"
images/dark/john_honey/medium/B/dark_john_honey_medium_B_4.jpg,4,True,True,113910470,"[0.0, 0.0, 1.0, 2.23606797749979]"
images/dark/john_honey/medium/C/dark_john_honey_medium_C_0.jpg,4,True,True,115765178,"[1.0, 1.0, 1.0, 2.0]"
images/dark/john_honey/medium/C/dark_john_honey_medium_C_1.jpg,4,True,True,115149967,"[1.4142135623730951, 1.4142135623730951, 1.4142135623730951, 2.8284271247461903]"
images/dark/john_honey/medium/C/dark_john_honey_medium_C_2.jpg,4,True,True,114849734,"[1.0, 1.0, 2.0, 2.23606797749979]"
images/dark/john_honey/medium/C/dark_john_honey_medium_C_3.jpg,4,True,True,116122623,"[0.0, 1.0, 2.0, 2.23606797749979]"
images/dark/john_honey/medium/C/dark_john_honey_medium_C_4.jpg,4,True,True,124054584,"[0.0, 2.23606797749979, 2.23606797749979, 2.23606797749979]"
images/dark/john_honey/medium/D/dark_john_honey_medium_D_0.jpg,4,True,True,119241301,"[0.0, 0.0, 2.0, 2.23606797749979]"
images/dark/john_honey/medium/D/dark_john_honey_medium_D_1.jpg,4,True,True,109343044,"[0.0, 1.0, 1.0, 1.4142135623730951]"
images/dark/john_honey/medium/D/dark_john_honey_medium_D_2.jpg,4,True,True,112052775,"[0.0, 1.0, 2.0, 2.23606797749979]"
images/dark/john_honey/medium/D/dark_john_honey_medium_D_3.jpg,3,False,False,121210222,"[1.4142135623730951, 2.0, 2.23606797749979]"
images/dark/john_honey/medium/D/dark_john_honey_medium_D_4.jpg,4,True,True,111944365,"[1.0, 2.0, 2.23606797749979, 2.23606797749979]"
images/dark/john_honey/short/A/dark_john_honey_short_A_0.jpg,4,True,True,117754106,"[1.4142135623730951, 1.4142135623730951, 2.0, 3.1622776601683795]"
images/dark/john_honey/short/A/dark_john_honey_short_A_1.jpg,4,True,True,122167126,"[0.0, 1.4142135623730951, 1.4142135623730951, 3.605551275463989]"
images/dark/john_honey/short/A/dark_john_honey_short_A_2.jpg,4,True,True,123890148,"[0.0, 1.0, 1.0, 1.4142135623730951]"
images/dark/john_honey/short/A/dark_john_honey_short_A_3.jpg,4,True,True,115619880,"[0.0, 2.0, 2.23606797749979, 3.0]"
images/dark/john_honey/short/A/dark_john_honey_short_A_4.jpg,4,True,True,116334857,"[1.0, 1.4142135623730951, 1.4142135623730951, 2.23606797749979]"
images/dark/john_honey/short/B/dark_john_honey_short_B_0.jpg,4,True,True,113262970,"[0.0, 1.0, 1.4142135623730951, 2.23606797749979]"
images/dark/john_honey/short/B/dark_john_honey_short_B_1.jpg,4,True,True,109244100,"[1.4142135623730951, 1.4142135623730951, 2.23606797749979, 2.23606797749979]"
images/dark/john_honey/short/B/dark_john_honey_short_B_2.jpg,4,True,True,105158560,"[0.0, 1.4142135623730951, 2.23606797749979, 2.23606797749979]"
images/dark/john_honey/short/B/dark_john_honey_short_B_3.jpg,4,True,True,109654862,"[1.0, 1.4142135623730951, 2.23606797749979, 4.0]"
images/dark/john_honey/short/B/dark_john_honey_short_B_4.jpg,4,True,True,98879533,"[1.0, 1.0, 1.0, 1.4142135623730951]"
images/dark/john_honey/short/C/dark_john_honey_short_C_0.jpg,4,True,True,106123621,"[1.0, 1.4142135623730951, 1.4142135623730951, 2.23606797749979]"
images/dark/john_honey/short/C/dark_john_honey_short_C_1.jpg,4,True,True,116043780,"[0.0, 0.0, 1.0, 1.4142135623730951]"
images/dark/john_honey/short/C/dark_john_honey_short_C_2.jpg,4,True,True,107570000,"[1.0, 1.4142135623730951, 1.4142135623730951, 2.23606797749979]"
images/dark/john_honey/short/C/dark_john_honey_short_C_3.jpg,4,True,True,117144998,"[1.4142135623730951, 1.4142135623730951, 2.23606797749979, 2.23606797749979]"
images/dark/john_honey/short/C/dark_john_honey_short_C_4.jpg,4,True,True,107957505,"[1.0, 2.0, 2.8284271247461903, 4.0]"
images/dark/john_honey/short/D/dark_john_honey_short_D_0.jpg,4,True,True,109883803,"[0.0, 1.0, 2.0, 2.8284271247461903]"
images/dark/john_honey/short/D/dark_john_honey_short_D_1.jpg,5,False,False,120445330,"[0.0, 0.0, 1.4142135623730951, 2.23606797749979, 369.7161073039691]"
images/dark/john_honey/short/D/dark_john_honey_short_D_2.jpg,4,True,True,110435396,"[0.0, 2.0, 2.23606797749979, 3.1622776601683795]"
images/dark/john_honey/short/D/dark_john_honey_short_D_3.jpg,4,True,True,116318003,"[1.0, 1.0, 2.0, 2.8284271247461903]"
images/dark/john_honey/short/D/dark_john_honey_short_D_4.jpg,4,True,True,111591003,"[1.0, 1.4142135623730951, 2.23606797749979, 4.47213595499958]"
images/dark/michaels/high/A/dark_michaels_high_A_0.jpg,4,True,True,110264228,"[1.0, 1.0, 2.23606797749979, 3.1622776601683795]"
images/dark/michaels/high/A/dark_michaels_high_A_1.jpg,4,True,True,111505993,"[1.0, 1.4142135623730951, 2.0, 2.23606797749979]"
images/dark/michaels/high/A/dark_michaels_high_A_2.jpg,4,True,True,110313868,"[0.0, 1.0, 1.4142135623730951, 2.0]"
images/dark/michaels/high/A/dark_michaels_high_A_3.jpg,4,True,True,113940007,"[1.0, 1.4142135623730951, 2.0, 2.0]"
images/dark/michaels/high/A/dark_michaels_high_A_4.jpg,4,True,True,104597455,"[1.0, 1.4142135623730951, 1.4142135623730951, 1.4142135623730951]"
images/dark/michaels/high/B/dark_michaels_high_B_0.jpg,4,True,True,114862028,"[1.0, 1.0, 2.23606797749979, 3.1622776601683795]"
images/dark/michaels/high/B/dark_michaels_high_B_1.jpg,4,True,True,110043402,"[0.0, 1.0, 1.0, 2.23606797749979]"
images/dark/michaels/high/B/dark_michaels_high_B_2.jpg,4,True,True,104319826,"[1.0, 2.0, 2.0, 2.23606797749979]"
images/dark/michaels/high/B/dark_michaels_high_B_3.jpg,4,True,True,111139352,"[0.0, 1.0, 2.23606797749979, 3.1622776601683795]"
images/dark/michaels/high/B/dark_michaels_high_B_4.jpg,4,True,True,101894027,"[0.0, 1.4142135623730951, 2.0, 2.23606797749979]"
images/dark/michaels/high/C/dark_michaels_high_C_0.jpg,4,True,True,103805739,"[0.0, 1.0, 1.0, 2.0]"
images/dark/michaels/high/C/dark_michaels_high_C_1.jpg,4,True,True,108536858,"[1.4142135623730951, 1.4142135623730951, 2.23606797749979, 2.23606797749979]"
images/dark/michaels/high/C/dark_michaels_high_C_2.jpg,4,True,True,113435138,"[1.0, 1.4142135623730951, 2.0, 2.23606797749979]"
images/dark/michaels/high/C/dark_michaels_high_C_3.jpg,4,True,True,106173693,"[1.0, 1.0, 1.4142135623730951, 2.0]"
images/dark/michaels/high/C/dark_michaels_high_C_4.jpg,4,True,True,104007300,"[0.0, 1.4142135623730951, 2.0, 2.0]"
images/dark/michaels/high/D/dark_michaels_high_D_0.jpg,4,True,True,98633833,"[1.0, 1.4142135623730951, 2.0, 3.1622776601683795]"
images/dark/michaels/high/D/dark_michaels_high_D_1.jpg,4,True,True,109155620,"[1.0, 1.4142135623730951, 2.0, 2.0]"
images/dark/michaels/high/D/dark_michaels_high_D_2.jpg,3,False,False,116762087,"[1.4142135623730951, 2.23606797749979, 3.0]"
images/dark/michaels/high/D/dark_michaels_high_D_3.jpg,2,False,False,117448327,"[2.23606797749979, 2.8284271247461903]"
images/dark/michaels/high/D/dark_michaels_high_D_4.jpg,4,True,True,107701048,"[1.4142135623730951, 1.4142135623730951, 2.0, 2.23606797749979]"
images/dark/michaels/medium/A/dark_michaels_medium_A_0.jpg,4,True,True,109842214,"[0.0, 1.0, 1.0, 2.23606797749979]"
images/dark/michaels/medium/A/dark_michaels_medium_A_1.jpg,3,False,False,110638002,"[1.4142135623730951, 2.23606797749979, 2.23606797749979]"
images/dark/michaels/medium/A/dark_michaels_medium_A_2.jpg,4,True,True,110553005,"[1.0, 2.0, 3.0, 3.1622776601683795]"
images/dark/michaels/medium/A/dark_michaels_medium_A_3.jpg,4,True,True,111443716,"[0.0, 2.23606797749979, 2.23606797749979, 2.23606797749979]"
images/dark/michaels/medium/A/dark_michaels_medium_A_4.jpg,4,True,True,102049047,"[1.4142135623730951, 2.23606797749979, 2.23606797749979, 3.1622776601683795]"
images/dark/michaels/medium/B/dark_michaels_medium_B_0.jpg,4,True,True,108293738,"[0.0, 1.0, 1.4142135623730951, 2.23606797749979]"
images/dark/michaels/medium/B/dark_michaels_medium_B_1.jpg,4,True,True,113762804,"[0.0, 1.0, 1.0, 2.23606797749979]"
images/dark/michaels/medium/B/dark_michaels_medium_B_2.jpg,4,True,True,112333715,"[1.0, 2.23606797749979, 2.8284271247461903, 2.8284271247461903]"
images/dark/michaels/medium/B/dark_michaels_medium_B_3.jpg,4,True,True,116353961,"[1.0, 1.0, 1.0, 2.23606797749979]"
images/dark/michaels/medium/B/dark_michaels_medium_B_4.jpg,4,True,True,108787998,"[1.0, 1.4142135623730951, 2.0, 2.23606797749979]"
images/dark/michaels/medium/C/dark_michaels_medium_C_0.jpg,4,True,True,110347217,"[1.0, 1.0, 1.0, 2.0]"
images/dark/michaels/medium/C/dark_michaels_medium_C_1.jpg,4,True,True,113484021,"[0.0, 1.0, 2.0, 2.0]"
images/dark/michaels/medium/C/dark_michaels_medium_C_2.jpg,4,True,True,109168570,"[0.0, 1.0, 1.4142135623730951, 2.23606797749979]"
images/dark/michaels/medium/C/dark_michaels_medium_C_3.jpg,4,True,True,110699186,"[1.0, 1.4142135623730951, 1.4142135623730951, 2.0]"
images/dark/michaels/medium/C/dark_michaels_medium_C_4.jpg,4,True,True,108458096,"[1.0, 1.4142135623730951, 2.0, 2.0]"
images/dark/michaels/medium/D/dark_michaels_medium_D_0.jpg,3,False,False,117891096,"[2.0, 2.23606797749979, 2.8284271247461903]"
images/dark/michaels/medium/D/dark_michaels_medium_D_1.jpg,4,True,True,111816393,"[1.0, 1.0, 1.4142135623730951, 3.1622776601683795]"
images/dark/michaels/medium/D/dark_michaels_medium_D_2.jpg,5,False,False,113542603,"[1.0, 1.4142135623730951, 2.0, 2.0, 423.38752933925673]"
images/dark/michaels/medium/D/dark_michaels_medium_D_3.jpg,5,False,False,116873170,"[1.0, 1.4142135623730951, 1.4142135623730951, 2.0, 505.4463374088292]"
images/dark/michaels/medium/D/dark_michaels_medium_D_4.jpg,4,True,True,106959606,"[0.0, 1.0, 2.0, 2.23606797749979]"
images/dark/michaels/short/A/dark_michaels_short_A_0.jpg,4,True,True,106132446,"[0.0, 1.0, 1.0, 2.8284271247461903]"
images/dark/michaels/short/A/dark_michaels_short_A_1.jpg,4,True,True,110638906,"[1.4142135623730951, 1.4142135623730951, 1.4142135623730951, 2.0]"
images/dark/michaels/short/A/dark_michaels_short_A_2.jpg,4,True,True,106008804,"[0.0, 1.0, 2.0, 2.0]"
images/dark/michaels/short/A/dark_michaels_short_A_3.jpg,5,False,False,105914927,"[1.0, 1.4142135623730951, 3.1622776601683795, 3.1622776601683795, 562.6410934156871]"
images/dark/michaels/short/A/dark_michaels_short_A_4.jpg,4,True,True,104404802,"[1.4142135623730951, 1.4142135623730951, 2.23606797749979, 2.23606797749979]"
images/dark/michaels/short/B/dark_michaels_short_B_0.jpg,4,True,True,106846445,"[1.0, 2.23606797749979, 3.1622776601683795, 4.242640687119285]"
images/dark/michaels/short/B/dark_michaels_short_B_1.jpg,4,True,True,107442721,"[1.4142135623730951, 2.23606797749979, 3.0, 3.1622776601683795]"
images/dark/michaels/short/B/dark_michaels_short_B_2.jpg,4,True,True,113544745,"[1.4142135623730951, 1.4142135623730951, 1.4142135623730951, 1.4142135623730951]"
images/dark/michaels/short/B/dark_michaels_short_B_3.jpg,4,True,True,117631694,"[0.0, 1.0, 1.4142135623730951, 3.1622776601683795]"
images/dark/michaels/short/B/dark_michaels_short_B_4.jpg,4,True,True,102801698,"[0.0, 1.4142135623730951, 2.0, 2.23606797749979]"
images/dark/michaels/short/C/dark_michaels_short_C_0.jpg,4,True,True,104553186,"[1.4142135623730951, 2.0, 3.0, 3.0]"
images/dark/michaels/short/C/dark_michaels_short_C_1.jpg,4,True,True,107310736,"[1.0, 2.8284271247461903, 2.8284271247461903, 3.0]"
images/dark/michaels/short/C/dark_michaels_short_C_2.jpg,4,True,True,105874221,"[0.0, 1.4142135623730951, 2.0, 2.23606797749979]"
images/dark/michaels/short/C/dark_michaels_short_C_3.jpg,4,True,True,112195645,"[0.0, 1.0, 1.4142135623730951, 2.23606797749979]"
images/dark/michaels/short/C/dark_michaels_short_C_4.jpg,4,True,True,100228093,"[1.0, 1.0, 1.0, 1.0]"
images/dark/michaels/short/D/dark_michaels_short_D_0.jpg,4,True,True,103066667,"[1.0, 1.0, 1.4142135623730951, 1.4142135623730951]"
images/dark/michaels/short/D/dark_michaels_short_D_1.jpg,4,True,True,106767998,"[1.4142135623730951, 1.4142135623730951, 2.23606797749979, 3.1622776601683795]"
images/dark/michaels/short/D/dark_michaels_short_D_2.jpg,3,False,False,108697516,"[1.4142135623730951, 1.4142135623730951, 2.23606797749979]"
images/dark/michaels/short/D/dark_michaels_short_D_3.jpg,5,False,False,110744215,"[2.0, 2.0, 2.23606797749979, 3.1622776601683795, 391.0818328687744]"
images/dark/michaels/short/D/dark_michaels_short_D_4.jpg,4,True,True,102396829,"[1.4142135623730951, 1.4142135623730951, 2.23606797749979, 2.23606797749979]"
