,0,1,2,3,4
images/custom/davids/high/A/custom_davids_high_A_0.jpg,4,True,True,87857574,"[0.0, 0.0, 1.0, 1.0]"
images/custom/davids/high/A/custom_davids_high_A_1.jpg,4,True,True,87427909,"[1.0, 1.0, 1.0, 2.23606797749979]"
images/custom/davids/high/A/custom_davids_high_A_2.jpg,4,True,True,85253269,"[0.0, 1.4142135623730951, 1.4142135623730951, 1.4142135623730951]"
images/custom/davids/high/A/custom_davids_high_A_3.jpg,4,True,True,88769112,"[1.0, 1.0, 2.0, 2.23606797749979]"
images/custom/davids/high/A/custom_davids_high_A_4.jpg,4,True,True,81728610,"[1.0, 1.0, 1.4142135623730951, 2.0]"
images/custom/davids/high/B/custom_davids_high_B_0.jpg,4,True,True,84196798,"[1.0, 1.0, 1.4142135623730951, 2.23606797749979]"
images/custom/davids/high/B/custom_davids_high_B_1.jpg,4,True,True,91249704,"[0.0, 1.0, 1.4142135623730951, 2.23606797749979]"
images/custom/davids/high/B/custom_davids_high_B_2.jpg,4,True,True,85179535,"[1.0, 1.0, 1.4142135623730951, 2.0]"
images/custom/davids/high/B/custom_davids_high_B_3.jpg,4,True,True,87896048,"[1.0, 1.0, 1.4142135623730951, 1.4142135623730951]"
images/custom/davids/high/B/custom_davids_high_B_4.jpg,4,True,True,80697286,"[1.0, 2.0, 2.0, 2.23606797749979]"
images/custom/davids/high/C/custom_davids_high_C_0.jpg,3,False,False,83398071,"[0.0, 1.4142135623730951, 2.8284271247461903]"
images/custom/davids/high/C/custom_davids_high_C_1.jpg,3,False,False,84331440,"[0.0, 1.0, 1.0]"
images/custom/davids/high/C/custom_davids_high_C_2.jpg,3,False,False,86138378,"[0.0, 1.0, 1.0]"
images/custom/davids/high/C/custom_davids_high_C_3.jpg,4,True,True,86535746,"[1.0, 1.0, 1.0, 1.4142135623730951]"
images/custom/davids/high/C/custom_davids_high_C_4.jpg,3,False,False,78735249,"[2.0, 2.23606797749979, 2.23606797749979]"
images/custom/davids/high/D/custom_davids_high_D_0.jpg,3,False,False,86383510,"[1.4142135623730951, 1.4142135623730951, 2.23606797749979]"
images/custom/davids/high/D/custom_davids_high_D_1.jpg,3,False,False,86859981,"[0.0, 1.0, 1.0]"
images/custom/davids/high/D/custom_davids_high_D_2.jpg,4,True,True,90939214,"[1.0, 1.4142135623730951, 2.23606797749979, 2.23606797749979]"
images/custom/davids/high/D/custom_davids_high_D_3.jpg,4,True,True,90340780,"[1.0, 1.0, 1.0, 1.4142135623730951]"
images/custom/davids/high/D/custom_davids_high_D_4.jpg,2,False,False,84631735,"[1.0, 2.23606797749979]"
images/custom/davids/medium/A/custom_davids_medium_A_0.jpg,2,False,False,85605164,"[1.0, 1.0]"
images/custom/davids/medium/A/custom_davids_medium_A_1.jpg,3,False,False,86319713,"[1.0, 2.0, 2.0]"
images/custom/davids/medium/A/custom_davids_medium_A_2.jpg,4,True,True,81738375,"[1.0, 1.4142135623730951, 2.23606797749979, 2.23606797749979]"
images/custom/davids/medium/A/custom_davids_medium_A_3.jpg,4,True,True,84943166,"[0.0, 1.0, 1.4142135623730951, 2.0]"
images/custom/davids/medium/A/custom_davids_medium_A_4.jpg,3,False,False,81365468,"[0.0, 1.4142135623730951, 2.8284271247461903]"
images/custom/davids/medium/B/custom_davids_medium_B_0.jpg,1,False,False,84901591,[2.23606797749979]
images/custom/davids/medium/B/custom_davids_medium_B_1.jpg,4,True,True,89155496,"[0.0, 0.0, 1.4142135623730951, 2.23606797749979]"
images/custom/davids/medium/B/custom_davids_medium_B_2.jpg,2,False,False,91440973,"[0.0, 1.0]"
images/custom/davids/medium/B/custom_davids_medium_B_3.jpg,3,False,False,94325114,"[1.0, 1.0, 1.4142135623730951]"
images/custom/davids/medium/B/custom_davids_medium_B_4.jpg,2,False,False,85597103,"[0.0, 1.0]"
images/custom/davids/medium/C/custom_davids_medium_C_0.jpg,2,False,False,89569023,"[1.4142135623730951, 1.4142135623730951]"
images/custom/davids/medium/C/custom_davids_medium_C_1.jpg,2,False,False,87361080,"[1.0, 1.4142135623730951]"
images/custom/davids/medium/C/custom_davids_medium_C_2.jpg,2,False,False,88652662,"[0.0, 1.0]"
images/custom/davids/medium/C/custom_davids_medium_C_3.jpg,3,False,False,84819615,"[1.4142135623730951, 2.23606797749979, 2.23606797749979]"
images/custom/davids/medium/C/custom_davids_medium_C_4.jpg,3,False,False,79881576,"[1.0, 1.4142135623730951, 2.0]"
images/custom/davids/medium/D/custom_davids_medium_D_0.jpg,4,True,True,84690125,"[1.4142135623730951, 1.4142135623730951, 1.4142135623730951, 2.23606797749979]"
images/custom/davids/medium/D/custom_davids_medium_D_1.jpg,4,True,True,89953615,"[1.0, 1.0, 2.23606797749979, 2.23606797749979]"
images/custom/davids/medium/D/custom_davids_medium_D_2.jpg,4,True,True,87676816,"[1.0, 1.0, 1.4142135623730951, 1.4142135623730951]"
images/custom/davids/medium/D/custom_davids_medium_D_3.jpg,2,False,False,92871126,"[1.0, 1.0]"
images/custom/davids/medium/D/custom_davids_medium_D_4.jpg,3,False,False,86381906,"[1.0, 1.0, 1.0]"
images/custom/davids/short/A/custom_davids_short_A_0.jpg,2,False,False,88524975,"[1.0, 1.4142135623730951]"
images/custom/davids/short/A/custom_davids_short_A_1.jpg,2,False,False,84363561,"[1.4142135623730951, 2.0]"
images/custom/davids/short/A/custom_davids_short_A_2.jpg,1,False,False,79180661,[3.1622776601683795]
images/custom/davids/short/A/custom_davids_short_A_3.jpg,4,True,True,84385070,"[0.0, 1.0, 1.4142135623730951, 2.0]"
images/custom/davids/short/A/custom_davids_short_A_4.jpg,1,False,False,85863333,[2.23606797749979]
images/custom/davids/short/B/custom_davids_short_B_0.jpg,4,True,True,84455202,"[1.0, 1.0, 1.4142135623730951, 3.0]"
images/custom/davids/short/B/custom_davids_short_B_1.jpg,4,True,True,89748282,"[0.0, 1.0, 1.0, 2.23606797749979]"
images/custom/davids/short/B/custom_davids_short_B_2.jpg,4,True,True,90780586,"[0.0, 1.0, 1.0, 2.23606797749979]"
images/custom/davids/short/B/custom_davids_short_B_3.jpg,4,True,True,83401147,"[1.0, 1.0, 1.4142135623730951, 2.0]"
images/custom/davids/short/B/custom_davids_short_B_4.jpg,2,False,False,84164768,"[0.0, 1.0]"
images/custom/davids/short/C/custom_davids_short_C_0.jpg,3,False,False,85306831,"[1.4142135623730951, 2.0, 2.0]"
images/custom/davids/short/C/custom_davids_short_C_1.jpg,3,False,False,89332198,"[0.0, 1.0, 2.0]"
images/custom/davids/short/C/custom_davids_short_C_2.jpg,3,False,False,87957508,"[1.0, 2.0, 2.0]"
images/custom/davids/short/C/custom_davids_short_C_3.jpg,2,False,False,93191513,"[0.0, 2.23606797749979]"
images/custom/davids/short/C/custom_davids_short_C_4.jpg,3,False,False,86459394,"[0.0, 1.0, 2.23606797749979]"
images/custom/davids/short/D/custom_davids_short_D_0.jpg,3,False,False,87340055,"[0.0, 1.0, 1.0]"
images/custom/davids/short/D/custom_davids_short_D_1.jpg,4,True,True,88351729,"[0.0, 1.0, 1.4142135623730951, 2.23606797749979]"
images/custom/davids/short/D/custom_davids_short_D_2.jpg,3,False,False,85005004,"[0.0, 0.0, 1.0]"
images/custom/davids/short/D/custom_davids_short_D_3.jpg,3,False,False,86290095,"[0.0, 1.0, 1.0]"
images/custom/davids/short/D/custom_davids_short_D_4.jpg,4,True,True,84330637,"[1.0, 1.0, 1.0, 1.0]"
images/custom/jack_cole/high/A/custom_jack_cole_high_A_0.jpg,3,False,False,76764531,"[0.0, 1.4142135623730951, 2.23606797749979]"
images/custom/jack_cole/high/A/custom_jack_cole_high_A_1.jpg,4,True,True,81540017,"[0.0, 1.0, 1.0, 2.23606797749979]"
images/custom/jack_cole/high/A/custom_jack_cole_high_A_2.jpg,3,False,False,77883238,"[1.4142135623730951, 2.0, 2.23606797749979]"
images/custom/jack_cole/high/A/custom_jack_cole_high_A_3.jpg,3,False,False,82362537,"[0.0, 1.0, 1.0]"
images/custom/jack_cole/high/A/custom_jack_cole_high_A_4.jpg,4,True,True,76344079,"[1.0, 1.0, 2.23606797749979, 2.23606797749979]"
images/custom/jack_cole/high/B/custom_jack_cole_high_B_0.jpg,4,True,True,75745430,"[1.0, 1.0, 1.0, 1.4142135623730951]"
images/custom/jack_cole/high/B/custom_jack_cole_high_B_1.jpg,4,True,True,83026794,"[1.0, 1.0, 1.4142135623730951, 1.4142135623730951]"
images/custom/jack_cole/high/B/custom_jack_cole_high_B_2.jpg,4,True,True,74700290,"[1.4142135623730951, 1.4142135623730951, 2.23606797749979, 2.23606797749979]"
images/custom/jack_cole/high/B/custom_jack_cole_high_B_3.jpg,4,True,True,82278100,"[0.0, 1.0, 1.4142135623730951, 1.4142135623730951]"
images/custom/jack_cole/high/B/custom_jack_cole_high_B_4.jpg,4,True,True,75981043,"[1.0, 1.0, 1.0, 1.0]"
images/custom/jack_cole/high/C/custom_jack_cole_high_C_0.jpg,4,True,True,76148966,"[1.0, 2.23606797749979, 2.23606797749979, 3.0]"
images/custom/jack_cole/high/C/custom_jack_cole_high_C_1.jpg,2,False,False,76120944,"[1.0, 1.4142135623730951]"
images/custom/jack_cole/high/C/custom_jack_cole_high_C_2.jpg,3,False,False,79642758,"[0.0, 1.0, 2.23606797749979]"
images/custom/jack_cole/high/C/custom_jack_cole_high_C_3.jpg,4,True,True,84623027,"[1.0, 1.4142135623730951, 2.23606797749979, 2.23606797749979]"
images/custom/jack_cole/high/C/custom_jack_cole_high_C_4.jpg,4,True,True,76699508,"[0.0, 1.0, 1.4142135623730951, 2.23606797749979]"
images/custom/jack_cole/high/D/custom_jack_cole_high_D_0.jpg,4,True,True,77571585,"[1.0, 2.0, 2.23606797749979, 2.23606797749979]"
images/custom/jack_cole/high/D/custom_jack_cole_high_D_1.jpg,4,True,True,78015341,"[1.0, 1.4142135623730951, 2.0, 2.23606797749979]"
images/custom/jack_cole/high/D/custom_jack_cole_high_D_2.jpg,4,True,True,77318591,"[1.0, 1.4142135623730951, 1.4142135623730951, 2.23606797749979]"
images/custom/jack_cole/high/D/custom_jack_cole_high_D_3.jpg,3,False,False,76941439,"[1.0, 2.23606797749979, 2.23606797749979]"
images/custom/jack_cole/high/D/custom_jack_cole_high_D_4.jpg,3,False,False,73209720,"[1.0, 1.4142135623730951, 2.0]"
images/custom/jack_cole/medium/A/custom_jack_cole_medium_A_0.jpg,2,False,False,81525189,"[1.0, 1.0]"
images/custom/jack_cole/medium/A/custom_jack_cole_medium_A_1.jpg,4,True,True,82693598,"[1.0, 2.23606797749979, 2.23606797749979, 3.0]"
images/custom/jack_cole/medium/A/custom_jack_cole_medium_A_2.jpg,3,False,False,81179901,"[1.0, 1.0, 2.23606797749979]"
images/custom/jack_cole/medium/A/custom_jack_cole_medium_A_3.jpg,3,False,False,79224340,"[0.0, 1.0, 1.4142135623730951]"
images/custom/jack_cole/medium/A/custom_jack_cole_medium_A_4.jpg,4,True,True,77096011,"[1.0, 1.4142135623730951, 1.4142135623730951, 2.0]"
images/custom/jack_cole/medium/B/custom_jack_cole_medium_B_0.jpg,4,True,True,79382218,"[1.0, 1.0, 1.0, 1.4142135623730951]"
images/custom/jack_cole/medium/B/custom_jack_cole_medium_B_1.jpg,1,False,False,77232748,[1.4142135623730951]
images/custom/jack_cole/medium/B/custom_jack_cole_medium_B_2.jpg,1,False,False,79017064,[1.4142135623730951]
images/custom/jack_cole/medium/B/custom_jack_cole_medium_B_3.jpg,3,False,False,85097618,"[2.23606797749979, 2.23606797749979, 3.0]"
images/custom/jack_cole/medium/B/custom_jack_cole_medium_B_4.jpg,1,False,False,76985744,[2.8284271247461903]
images/custom/jack_cole/medium/C/custom_jack_cole_medium_C_0.jpg,4,True,True,82574682,"[0.0, 1.4142135623730951, 2.8284271247461903, 4.47213595499958]"
images/custom/jack_cole/medium/C/custom_jack_cole_medium_C_1.jpg,2,False,False,82363368,"[1.0, 2.8284271247461903]"
images/custom/jack_cole/medium/C/custom_jack_cole_medium_C_2.jpg,3,False,False,80806902,"[1.0, 2.0, 2.0]"
images/custom/jack_cole/medium/C/custom_jack_cole_medium_C_3.jpg,4,True,True,80436165,"[1.0, 2.0, 2.23606797749979, 2.23606797749979]"
images/custom/jack_cole/medium/C/custom_jack_cole_medium_C_4.jpg,4,True,True,75477127,"[1.4142135623730951, 2.23606797749979, 2.23606797749979, 2.8284271247461903]"
images/custom/jack_cole/medium/D/custom_jack_cole_medium_D_0.jpg,3,False,False,80646171,"[2.0, 2.23606797749979, 2.23606797749979]"
images/custom/jack_cole/medium/D/custom_jack_cole_medium_D_1.jpg,4,True,True,82001191,"[0.0, 1.0, 1.0, 2.0]"
images/custom/jack_cole/medium/D/custom_jack_cole_medium_D_2.jpg,1,False,False,83734262,[2.0]
images/custom/jack_cole/medium/D/custom_jack_cole_medium_D_3.jpg,3,False,False,86408212,"[1.0, 1.4142135623730951, 2.23606797749979]"
images/custom/jack_cole/medium/D/custom_jack_cole_medium_D_4.jpg,4,True,True,80482211,"[1.0, 1.4142135623730951, 2.23606797749979, 2.23606797749979]"
images/custom/jack_cole/short/A/custom_jack_cole_short_A_0.jpg,3,False,False,85196839,"[2.23606797749979, 3.1622776601683795, 3.605551275463989]"
images/custom/jack_cole/short/A/custom_jack_cole_short_A_1.jpg,3,False,False,87687223,"[2.0, 3.0, 4.123105625617661]"
images/custom/jack_cole/short/A/custom_jack_cole_short_A_2.jpg,1,False,False,81821413,[1.0]
images/custom/jack_cole/short/A/custom_jack_cole_short_A_3.jpg,1,False,False,83119668,[2.8284271247461903]
images/custom/jack_cole/short/A/custom_jack_cole_short_A_4.jpg,3,False,False,80353290,"[0.0, 2.23606797749979, 5.0]"
images/custom/jack_cole/short/B/custom_jack_cole_short_B_0.jpg,1,False,False,81149290,[2.0]
images/custom/jack_cole/short/B/custom_jack_cole_short_B_1.jpg,3,False,False,83932372,"[1.0, 1.0, 2.0]"
images/custom/jack_cole/short/B/custom_jack_cole_short_B_2.jpg,1,False,False,80874788,[1.0]
images/custom/jack_cole/short/B/custom_jack_cole_short_B_3.jpg,2,False,False,81644813,"[0.0, 2.0]"
images/custom/jack_cole/short/B/custom_jack_cole_short_B_4.jpg,0,False,False,80822820,[]
images/custom/jack_cole/short/C/custom_jack_cole_short_C_0.jpg,4,True,True,80124101,"[1.0, 1.0, 1.0, 2.23606797749979]"
images/custom/jack_cole/short/C/custom_jack_cole_short_C_1.jpg,4,True,True,85675131,"[1.0, 1.4142135623730951, 2.23606797749979, 3.0]"
images/custom/jack_cole/short/C/custom_jack_cole_short_C_2.jpg,1,False,False,80304579,[1.4142135623730951]
images/custom/jack_cole/short/C/custom_jack_cole_short_C_3.jpg,3,False,False,92459485,"[2.0, 2.23606797749979, 3.1622776601683795]"
images/custom/jack_cole/short/C/custom_jack_cole_short_C_4.jpg,0,False,False,82179034,[]
images/custom/jack_cole/short/D/custom_jack_cole_short_D_0.jpg,1,False,False,83663315,[1.4142135623730951]
images/custom/jack_cole/short/D/custom_jack_cole_short_D_1.jpg,1,False,False,78190955,[3.0]
images/custom/jack_cole/short/D/custom_jack_cole_short_D_2.jpg,0,False,False,86206749,[]
images/custom/jack_cole/short/D/custom_jack_cole_short_D_3.jpg,0,False,False,83879256,[]
images/custom/jack_cole/short/D/custom_jack_cole_short_D_4.jpg,4,True,True,79836470,"[2.0, 2.8284271247461903, 2.8284271247461903, 3.1622776601683795]"
images/custom/john_honey/high/A/custom_john_honey_high_A_0.jpg,4,True,True,81362421,"[0.0, 1.0, 2.23606797749979, 3.0]"
images/custom/john_honey/high/A/custom_john_honey_high_A_1.jpg,4,True,True,85050790,"[1.4142135623730951, 1.4142135623730951, 1.4142135623730951, 2.23606797749979]"
images/custom/john_honey/high/A/custom_john_honey_high_A_2.jpg,4,True,True,86531989,"[0.0, 1.0, 1.4142135623730951, 1.4142135623730951]"
images/custom/john_honey/high/A/custom_john_honey_high_A_3.jpg,4,True,True,86326944,"[0.0, 1.0, 2.23606797749979, 2.8284271247461903]"
images/custom/john_honey/high/A/custom_john_honey_high_A_4.jpg,4,True,True,88606667,"[1.0, 1.0, 1.4142135623730951, 1.4142135623730951]"
images/custom/john_honey/high/B/custom_john_honey_high_B_0.jpg,4,True,True,92036952,"[1.0, 1.0, 2.0, 2.0]"
images/custom/john_honey/high/B/custom_john_honey_high_B_1.jpg,4,True,True,92547649,"[0.0, 1.4142135623730951, 1.4142135623730951, 2.0]"
images/custom/john_honey/high/B/custom_john_honey_high_B_2.jpg,4,True,True,87807438,"[1.0, 2.0, 2.0, 3.1622776601683795]"
images/custom/john_honey/high/B/custom_john_honey_high_B_3.jpg,4,True,True,86242698,"[0.0, 1.4142135623730951, 2.0, 3.0]"
images/custom/john_honey/high/B/custom_john_honey_high_B_4.jpg,4,True,True,85795607,"[1.0, 1.0, 1.0, 1.4142135623730951]"
images/custom/john_honey/high/C/custom_john_honey_high_C_0.jpg,3,False,False,88236575,"[1.0, 1.4142135623730951, 2.0]"
images/custom/john_honey/high/C/custom_john_honey_high_C_1.jpg,3,False,False,89486148,"[1.0, 1.0, 2.23606797749979]"
images/custom/john_honey/high/C/custom_john_honey_high_C_2.jpg,3,False,False,88530485,"[0.0, 0.0, 1.0]"
images/custom/john_honey/high/C/custom_john_honey_high_C_3.jpg,3,False,False,93186926,"[0.0, 1.0, 1.0]"
images/custom/john_honey/high/C/custom_john_honey_high_C_4.jpg,3,False,False,86511850,"[1.0, 1.4142135623730951, 1.4142135623730951]"
images/custom/john_honey/high/D/custom_john_honey_high_D_0.jpg,4,True,True,87674129,"[0.0, 1.0, 1.4142135623730951, 1.4142135623730951]"
images/custom/john_honey/high/D/custom_john_honey_high_D_1.jpg,4,True,True,82559880,"[1.0, 1.0, 1.0, 2.23606797749979]"
images/custom/john_honey/high/D/custom_john_honey_high_D_2.jpg,4,True,True,85706368,"[0.0, 1.0, 2.0, 2.23606797749979]"
images/custom/john_honey/high/D/custom_john_honey_high_D_3.jpg,3,False,False,83644926,"[1.0, 1.4142135623730951, 2.23606797749979]"
images/custom/john_honey/high/D/custom_john_honey_high_D_4.jpg,4,True,True,85434250,"[1.0, 1.0, 2.0, 2.23606797749979]"
images/custom/john_honey/medium/A/custom_john_honey_medium_A_0.jpg,4,True,True,85007708,"[0.0, 1.0, 1.0, 1.4142135623730951]"
images/custom/john_honey/medium/A/custom_john_honey_medium_A_1.jpg,4,True,True,89121244,"[0.0, 0.0, 1.0, 1.4142135623730951]"
images/custom/john_honey/medium/A/custom_john_honey_medium_A_2.jpg,4,True,True,86659108,"[0.0, 1.0, 1.0, 1.4142135623730951]"
images/custom/john_honey/medium/A/custom_john_honey_medium_A_3.jpg,4,True,True,92474572,"[1.0, 1.4142135623730951, 1.4142135623730951, 2.0]"
images/custom/john_honey/medium/A/custom_john_honey_medium_A_4.jpg,3,False,False,88803126,"[1.0, 1.0, 1.4142135623730951]"
images/custom/john_honey/medium/B/custom_john_honey_medium_B_0.jpg,4,True,True,92946628,"[1.0, 1.0, 1.0, 1.4142135623730951]"
images/custom/john_honey/medium/B/custom_john_honey_medium_B_1.jpg,2,False,False,87381840,"[1.0, 2.23606797749979]"
images/custom/john_honey/medium/B/custom_john_honey_medium_B_2.jpg,4,True,True,86597240,"[0.0, 2.23606797749979, 2.23606797749979, 2.23606797749979]"
images/custom/john_honey/medium/B/custom_john_honey_medium_B_3.jpg,4,True,True,88843274,"[0.0, 1.0, 2.0, 2.8284271247461903]"
images/custom/john_honey/medium/B/custom_john_honey_medium_B_4.jpg,4,True,True,84927390,"[1.0, 1.0, 1.4142135623730951, 2.23606797749979]"
images/custom/john_honey/medium/C/custom_john_honey_medium_C_0.jpg,3,False,False,84189416,"[1.0, 1.4142135623730951, 1.4142135623730951]"
images/custom/john_honey/medium/C/custom_john_honey_medium_C_1.jpg,3,False,False,82026899,"[1.0, 1.4142135623730951, 1.4142135623730951]"
images/custom/john_honey/medium/C/custom_john_honey_medium_C_2.jpg,3,False,False,82814266,"[1.0, 1.4142135623730951, 3.0]"
images/custom/john_honey/medium/C/custom_john_honey_medium_C_3.jpg,2,False,False,86799390,"[1.4142135623730951, 2.23606797749979]"
images/custom/john_honey/medium/C/custom_john_honey_medium_C_4.jpg,3,False,False,84341931,"[1.0, 1.0, 1.0]"
images/custom/john_honey/medium/D/custom_john_honey_medium_D_0.jpg,4,True,True,87315808,"[0.0, 1.0, 1.4142135623730951, 2.23606797749979]"
images/custom/john_honey/medium/D/custom_john_honey_medium_D_1.jpg,3,False,False,90726347,"[1.0, 1.4142135623730951, 1.4142135623730951]"
images/custom/john_honey/medium/D/custom_john_honey_medium_D_2.jpg,4,True,True,89956057,"[0.0, 1.0, 1.0, 1.4142135623730951]"
images/custom/john_honey/medium/D/custom_john_honey_medium_D_3.jpg,4,True,True,87400728,"[0.0, 1.0, 1.0, 2.23606797749979]"
images/custom/john_honey/medium/D/custom_john_honey_medium_D_4.jpg,4,True,True,79974269,"[1.0, 1.4142135623730951, 2.23606797749979, 2.23606797749979]"
images/custom/john_honey/short/A/custom_john_honey_short_A_0.jpg,4,True,True,87236367,"[0.0, 1.0, 1.4142135623730951, 2.0]"
images/custom/john_honey/short/A/custom_john_honey_short_A_1.jpg,4,True,True,85658953,"[1.0, 1.4142135623730951, 2.23606797749979, 3.0]"
images/custom/john_honey/short/A/custom_john_honey_short_A_2.jpg,2,False,False,87285791,"[1.4142135623730951, 2.0]"
images/custom/john_honey/short/A/custom_john_honey_short_A_3.jpg,3,False,False,89733604,"[1.0, 2.0, 2.0]"
images/custom/john_honey/short/A/custom_john_honey_short_A_4.jpg,4,True,True,91481512,"[0.0, 1.4142135623730951, 2.23606797749979, 2.23606797749979]"
images/custom/john_honey/short/B/custom_john_honey_short_B_0.jpg,3,False,False,92970184,"[1.0, 1.0, 2.23606797749979]"
images/custom/john_honey/short/B/custom_john_honey_short_B_1.jpg,4,True,True,90460325,"[0.0, 2.0, 2.0, 3.0]"
images/custom/john_honey/short/B/custom_john_honey_short_B_2.jpg,4,True,True,89577896,"[1.0, 1.0, 1.4142135623730951, 1.4142135623730951]"
images/custom/john_honey/short/B/custom_john_honey_short_B_3.jpg,2,False,False,90454874,"[1.0, 1.0]"
images/custom/john_honey/short/B/custom_john_honey_short_B_4.jpg,2,False,False,89678820,"[1.0, 1.4142135623730951]"
images/custom/john_honey/short/C/custom_john_honey_short_C_0.jpg,3,False,False,87035344,"[1.4142135623730951, 1.4142135623730951, 2.0]"
images/custom/john_honey/short/C/custom_john_honey_short_C_1.jpg,4,True,True,86256871,"[0.0, 0.0, 1.0, 2.23606797749979]"
images/custom/john_honey/short/C/custom_john_honey_short_C_2.jpg,4,True,True,85484363,"[1.0, 1.0, 1.4142135623730951, 2.23606797749979]"
images/custom/john_honey/short/C/custom_john_honey_short_C_3.jpg,3,False,False,88183445,"[1.4142135623730951, 2.0, 2.0]"
images/custom/john_honey/short/C/custom_john_honey_short_C_4.jpg,4,True,True,84891340,"[0.0, 1.0, 1.4142135623730951, 1.4142135623730951]"
images/custom/john_honey/short/D/custom_john_honey_short_D_0.jpg,4,True,True,89021731,"[1.0, 1.0, 1.4142135623730951, 2.23606797749979]"
images/custom/john_honey/short/D/custom_john_honey_short_D_1.jpg,4,True,True,89098321,"[1.0, 1.0, 1.4142135623730951, 1.4142135623730951]"
images/custom/john_honey/short/D/custom_john_honey_short_D_2.jpg,4,True,True,87025784,"[1.0, 1.4142135623730951, 1.4142135623730951, 2.0]"
images/custom/john_honey/short/D/custom_john_honey_short_D_3.jpg,4,True,True,92964271,"[0.0, 1.4142135623730951, 1.4142135623730951, 2.0]"
images/custom/john_honey/short/D/custom_john_honey_short_D_4.jpg,4,True,True,79229273,"[0.0, 1.0, 1.0, 2.23606797749979]"
images/custom/michaels/high/A/custom_michaels_high_A_0.jpg,4,True,True,76071330,"[0.0, 1.0, 1.4142135623730951, 2.0]"
images/custom/michaels/high/A/custom_michaels_high_A_1.jpg,4,True,True,73648275,"[1.0, 1.0, 1.0, 1.4142135623730951]"
images/custom/michaels/high/A/custom_michaels_high_A_2.jpg,4,True,True,77707067,"[1.0, 1.0, 1.4142135623730951, 1.4142135623730951]"
images/custom/michaels/high/A/custom_michaels_high_A_3.jpg,4,True,True,72384981,"[0.0, 1.0, 1.0, 1.0]"
images/custom/michaels/high/A/custom_michaels_high_A_4.jpg,4,True,True,74082132,"[0.0, 1.4142135623730951, 1.4142135623730951, 2.0]"
images/custom/michaels/high/B/custom_michaels_high_B_0.jpg,4,True,True,78071537,"[0.0, 1.0, 1.4142135623730951, 2.8284271247461903]"
images/custom/michaels/high/B/custom_michaels_high_B_1.jpg,3,False,False,78388034,"[1.0, 1.4142135623730951, 2.0]"
images/custom/michaels/high/B/custom_michaels_high_B_2.jpg,4,True,True,71715472,"[0.0, 1.0, 1.4142135623730951, 1.4142135623730951]"
images/custom/michaels/high/B/custom_michaels_high_B_3.jpg,4,True,True,78537034,"[0.0, 1.0, 1.0, 2.23606797749979]"
images/custom/michaels/high/B/custom_michaels_high_B_4.jpg,4,True,True,75144041,"[0.0, 1.0, 1.0, 1.4142135623730951]"
images/custom/michaels/high/C/custom_michaels_high_C_0.jpg,4,True,True,77229703,"[1.0, 1.4142135623730951, 2.23606797749979, 3.1622776601683795]"
images/custom/michaels/high/C/custom_michaels_high_C_1.jpg,4,True,True,74436986,"[0.0, 1.0, 1.0, 2.23606797749979]"
images/custom/michaels/high/C/custom_michaels_high_C_2.jpg,4,True,True,79284378,"[1.0, 1.0, 1.0, 1.0]"
images/custom/michaels/high/C/custom_michaels_high_C_3.jpg,4,True,True,77927988,"[0.0, 1.0, 1.0, 1.4142135623730951]"
images/custom/michaels/high/C/custom_michaels_high_C_4.jpg,4,True,True,77351269,"[1.0, 1.4142135623730951, 2.23606797749979, 2.23606797749979]"
images/custom/michaels/high/D/custom_michaels_high_D_0.jpg,4,True,True,78231748,"[0.0, 0.0, 0.0, 1.4142135623730951]"
images/custom/michaels/high/D/custom_michaels_high_D_1.jpg,4,True,True,79020449,"[1.0, 1.0, 1.4142135623730951, 2.23606797749979]"
images/custom/michaels/high/D/custom_michaels_high_D_2.jpg,4,True,True,80630635,"[1.0, 1.0, 1.0, 1.4142135623730951]"
images/custom/michaels/high/D/custom_michaels_high_D_3.jpg,4,True,True,83327009,"[1.0, 1.0, 1.0, 1.4142135623730951]"
images/custom/michaels/high/D/custom_michaels_high_D_4.jpg,4,True,True,82432510,"[0.0, 1.0, 1.4142135623730951, 1.4142135623730951]"
images/custom/michaels/medium/A/custom_michaels_medium_A_0.jpg,4,True,True,85808591,"[1.0, 1.4142135623730951, 2.0, 2.23606797749979]"
images/custom/michaels/medium/A/custom_michaels_medium_A_1.jpg,4,True,True,83564894,"[0.0, 0.0, 1.0, 2.0]"
images/custom/michaels/medium/A/custom_michaels_medium_A_2.jpg,4,True,True,85582406,"[1.0, 1.4142135623730951, 1.4142135623730951, 3.0]"
images/custom/michaels/medium/A/custom_michaels_medium_A_3.jpg,4,True,True,87531842,"[1.0, 1.4142135623730951, 2.0, 2.23606797749979]"
images/custom/michaels/medium/A/custom_michaels_medium_A_4.jpg,3,False,False,87053396,"[1.0, 1.4142135623730951, 2.23606797749979]"
images/custom/michaels/medium/B/custom_michaels_medium_B_0.jpg,2,False,False,90065084,"[1.0, 1.4142135623730951]"
images/custom/michaels/medium/B/custom_michaels_medium_B_1.jpg,4,True,True,84721573,"[0.0, 0.0, 1.4142135623730951, 2.23606797749979]"
images/custom/michaels/medium/B/custom_michaels_medium_B_2.jpg,4,True,True,85720131,"[0.0, 1.4142135623730951, 2.23606797749979, 2.23606797749979]"
images/custom/michaels/medium/B/custom_michaels_medium_B_3.jpg,4,True,True,90283705,"[1.0, 1.0, 1.4142135623730951, 2.23606797749979]"
images/custom/michaels/medium/B/custom_michaels_medium_B_4.jpg,2,False,False,84864318,"[1.0, 2.23606797749979]"
images/custom/michaels/medium/C/custom_michaels_medium_C_0.jpg,4,True,True,82617809,"[1.0, 1.0, 1.0, 2.0]"
images/custom/michaels/medium/C/custom_michaels_medium_C_1.jpg,3,False,False,86965880,"[1.0, 1.0, 2.23606797749979]"
images/custom/michaels/medium/C/custom_michaels_medium_C_2.jpg,4,True,True,88425117,"[1.0, 1.4142135623730951, 2.23606797749979, 2.23606797749979]"
images/custom/michaels/medium/C/custom_michaels_medium_C_3.jpg,4,True,True,85919680,"[1.0, 1.4142135623730951, 2.0, 2.23606797749979]"
images/custom/michaels/medium/C/custom_michaels_medium_C_4.jpg,3,False,False,80820977,"[0.0, 0.0, 2.23606797749979]"
images/custom/michaels/medium/D/custom_michaels_medium_D_0.jpg,4,True,True,81221519,"[1.0, 1.0, 1.0, 1.4142135623730951]"
images/custom/michaels/medium/D/custom_michaels_medium_D_1.jpg,4,True,True,80953245,"[0.0, 0.0, 1.4142135623730951, 3.1622776601683795]"
images/custom/michaels/medium/D/custom_michaels_medium_D_2.jpg,4,True,True,82162913,"[0.0, 0.0, 1.0, 1.4142135623730951]"
images/custom/michaels/medium/D/custom_michaels_medium_D_3.jpg,4,True,True,76310088,"[1.0, 1.4142135623730951, 1.4142135623730951, 2.0]"
images/custom/michaels/medium/D/custom_michaels_medium_D_4.jpg,2,False,False,81070572,"[1.0, 1.0]"
images/custom/michaels/short/A/custom_michaels_short_A_0.jpg,2,False,False,83154864,"[0.0, 1.0]"
images/custom/michaels/short/A/custom_michaels_short_A_1.jpg,4,True,True,86288861,"[0.0, 1.0, 1.0, 1.4142135623730951]"
images/custom/michaels/short/A/custom_michaels_short_A_2.jpg,2,False,False,82326221,"[0.0, 2.23606797749979]"
images/custom/michaels/short/A/custom_michaels_short_A_3.jpg,2,False,False,83168912,"[1.0, 2.23606797749979]"
images/custom/michaels/short/A/custom_michaels_short_A_4.jpg,1,False,False,85286292,[2.0]
images/custom/michaels/short/B/custom_michaels_short_B_0.jpg,2,False,False,83642078,"[1.0, 2.23606797749979]"
images/custom/michaels/short/B/custom_michaels_short_B_1.jpg,3,False,False,88404559,"[1.0, 2.23606797749979, 2.8284271247461903]"
images/custom/michaels/short/B/custom_michaels_short_B_2.jpg,4,True,True,94020500,"[1.0, 1.4142135623730951, 1.4142135623730951, 2.0]"
images/custom/michaels/short/B/custom_michaels_short_B_3.jpg,4,True,True,90405203,"[1.4142135623730951, 1.4142135623730951, 1.4142135623730951, 2.0]"
images/custom/michaels/short/B/custom_michaels_short_B_4.jpg,2,False,False,83101965,"[2.0, 2.23606797749979]"
images/custom/michaels/short/C/custom_michaels_short_C_0.jpg,3,False,False,80519071,"[1.0, 1.0, 2.23606797749979]"
images/custom/michaels/short/C/custom_michaels_short_C_1.jpg,4,True,True,83176135,"[1.0, 1.0, 1.4142135623730951, 2.23606797749979]"
images/custom/michaels/short/C/custom_michaels_short_C_2.jpg,2,False,False,87110322,"[0.0, 1.0]"
images/custom/michaels/short/C/custom_michaels_short_C_3.jpg,2,False,False,87302794,"[2.23606797749979, 3.1622776601683795]"
images/custom/michaels/short/C/custom_michaels_short_C_4.jpg,1,False,False,86290356,[2.8284271247461903]
images/custom/michaels/short/D/custom_michaels_short_D_0.jpg,3,False,False,85561127,"[2.0, 2.0, 2.23606797749979]"
images/custom/michaels/short/D/custom_michaels_short_D_1.jpg,3,False,False,83959633,"[1.0, 1.0, 3.605551275463989]"
images/custom/michaels/short/D/custom_michaels_short_D_2.jpg,2,False,False,87694387,"[0.0, 2.23606797749979]"
images/custom/michaels/short/D/custom_michaels_short_D_3.jpg,0,False,False,82802676,[]
images/custom/michaels/short/D/custom_michaels_short_D_4.jpg,0,False,False,83646998,[]
images/dark/davids/high/A/dark_davids_high_A_0.jpg,4,True,True,86845772,"[1.0, 1.0, 1.0, 2.23606797749979]"
images/dark/davids/high/A/dark_davids_high_A_1.jpg,4,True,True,82524973,"[1.0, 1.0, 2.23606797749979, 2.23606797749979]"
images/dark/davids/high/A/dark_davids_high_A_2.jpg,3,False,False,77475374,"[1.0, 1.0, 1.4142135623730951]"
images/dark/davids/high/A/dark_davids_high_A_3.jpg,4,True,True,79671081,"[1.0, 2.0, 2.23606797749979, 2.23606797749979]"
images/dark/davids/high/A/dark_davids_high_A_4.jpg,2,False,False,79060455,"[1.0, 1.4142135623730951]"
images/dark/davids/high/B/dark_davids_high_B_0.jpg,4,True,True,82584976,"[1.0, 1.0, 1.0, 1.4142135623730951]"
images/dark/davids/high/B/dark_davids_high_B_1.jpg,2,False,False,82377103,"[1.0, 2.0]"
images/dark/davids/high/B/dark_davids_high_B_2.jpg,3,False,False,85179008,"[0.0, 1.0, 2.23606797749979]"
images/dark/davids/high/B/dark_davids_high_B_3.jpg,4,True,True,83469654,"[1.0, 1.4142135623730951, 2.0, 2.23606797749979]"
images/dark/davids/high/B/dark_davids_high_B_4.jpg,4,True,True,81518748,"[1.4142135623730951, 1.4142135623730951, 1.4142135623730951, 1.4142135623730951]"
images/dark/davids/high/C/dark_davids_high_C_0.jpg,4,True,True,82631150,"[0.0, 1.0, 1.4142135623730951, 2.23606797749979]"
images/dark/davids/high/C/dark_davids_high_C_1.jpg,3,False,False,88487074,"[1.0, 1.0, 1.4142135623730951]"
images/dark/davids/high/C/dark_davids_high_C_2.jpg,3,False,False,83398413,"[0.0, 0.0, 1.4142135623730951]"
images/dark/davids/high/C/dark_davids_high_C_3.jpg,2,False,False,80825887,"[1.0, 2.0]"
images/dark/davids/high/C/dark_davids_high_C_4.jpg,3,False,False,78125593,"[0.0, 1.0, 1.0]"
images/dark/davids/high/D/dark_davids_high_D_0.jpg,2,False,False,81271836,"[0.0, 2.0]"
images/dark/davids/high/D/dark_davids_high_D_1.jpg,4,True,True,81399130,"[0.0, 1.0, 1.0, 1.4142135623730951]"
images/dark/davids/high/D/dark_davids_high_D_2.jpg,4,True,True,80927272,"[0.0, 1.0, 1.4142135623730951, 1.4142135623730951]"
images/dark/davids/high/D/dark_davids_high_D_3.jpg,4,True,True,84409787,"[0.0, 0.0, 1.0, 1.0]"
images/dark/davids/high/D/dark_davids_high_D_4.jpg,4,True,True,82362940,"[0.0, 1.0, 1.4142135623730951, 1.4142135623730951]"
images/dark/davids/medium/A/dark_davids_medium_A_0.jpg,2,False,False,86098625,"[0.0, 1.0]"
images/dark/davids/medium/A/dark_davids_medium_A_1.jpg,3,False,False,87552101,"[1.0, 1.0, 1.0]"
images/dark/davids/medium/A/dark_davids_medium_A_2.jpg,2,False,False,90556917,"[0.0, 1.0]"
images/dark/davids/medium/A/dark_davids_medium_A_3.jpg,4,True,True,91530842,"[1.0, 1.4142135623730951, 2.23606797749979, 2.8284271247461903]"
images/dark/davids/medium/A/dark_davids_medium_A_4.jpg,1,False,False,79230204,[1.4142135623730951]
images/dark/davids/medium/B/dark_davids_medium_B_0.jpg,1,False,False,79668147,[2.0]
images/dark/davids/medium/B/dark_davids_medium_B_1.jpg,2,False,False,87720057,"[1.0, 1.0]"
images/dark/davids/medium/B/dark_davids_medium_B_2.jpg,1,False,False,82845865,[1.4142135623730951]
images/dark/davids/medium/B/dark_davids_medium_B_3.jpg,2,False,False,85313598,"[1.4142135623730951, 1.4142135623730951]"
images/dark/davids/medium/B/dark_davids_medium_B_4.jpg,1,False,False,78226473,[2.23606797749979]
images/dark/davids/medium/C/dark_davids_medium_C_0.jpg,2,False,False,81112395,"[1.0, 1.0]"
images/dark/davids/medium/C/dark_davids_medium_C_1.jpg,3,False,False,82134383,"[0.0, 1.0, 1.4142135623730951]"
images/dark/davids/medium/C/dark_davids_medium_C_2.jpg,2,False,False,80121936,"[0.0, 1.0]"
images/dark/davids/medium/C/dark_davids_medium_C_3.jpg,2,False,False,84000929,"[0.0, 1.4142135623730951]"
images/dark/davids/medium/C/dark_davids_medium_C_4.jpg,1,False,False,84899712,[1.4142135623730951]
images/dark/davids/medium/D/dark_davids_medium_D_0.jpg,2,False,False,81782100,"[2.23606797749979, 2.23606797749979]"
images/dark/davids/medium/D/dark_davids_medium_D_1.jpg,2,False,False,79891666,"[1.0, 1.0]"
images/dark/davids/medium/D/dark_davids_medium_D_2.jpg,2,False,False,87280651,"[1.0, 2.0]"
images/dark/davids/medium/D/dark_davids_medium_D_3.jpg,2,False,False,84317224,"[1.0, 1.4142135623730951]"
images/dark/davids/medium/D/dark_davids_medium_D_4.jpg,2,False,False,84068357,"[1.4142135623730951, 2.23606797749979]"
images/dark/davids/short/A/dark_davids_short_A_0.jpg,3,False,False,83279056,"[1.0, 2.23606797749979, 3.605551275463989]"
images/dark/davids/short/A/dark_davids_short_A_1.jpg,3,False,False,81596312,"[0.0, 1.4142135623730951, 2.0]"
images/dark/davids/short/A/dark_davids_short_A_2.jpg,2,False,False,88226502,"[2.23606797749979, 3.1622776601683795]"
images/dark/davids/short/A/dark_davids_short_A_3.jpg,4,True,True,96806358,"[1.4142135623730951, 2.0, 3.1622776601683795, 4.0]"
images/dark/davids/short/A/dark_davids_short_A_4.jpg,1,False,False,83514919,[2.23606797749979]
images/dark/davids/short/B/dark_davids_short_B_0.jpg,1,False,False,86010820,[1.4142135623730951]
images/dark/davids/short/B/dark_davids_short_B_1.jpg,3,False,False,94129645,"[1.0, 1.4142135623730951, 1.4142135623730951]"
images/dark/davids/short/B/dark_davids_short_B_2.jpg,2,False,False,89764138,"[1.0, 2.0]"
images/dark/davids/short/B/dark_davids_short_B_3.jpg,1,False,False,84972753,[2.0]
images/dark/davids/short/B/dark_davids_short_B_4.jpg,0,False,False,87743200,[]
images/dark/davids/short/C/dark_davids_short_C_0.jpg,1,False,False,88074339,[1.0]
images/dark/davids/short/C/dark_davids_short_C_1.jpg,1,False,False,84304370,[1.0]
images/dark/davids/short/C/dark_davids_short_C_2.jpg,1,False,False,85900114,[2.23606797749979]
images/dark/davids/short/C/dark_davids_short_C_3.jpg,4,True,True,97941968,"[0.0, 1.0, 1.4142135623730951, 2.0]"
images/dark/davids/short/C/dark_davids_short_C_4.jpg,2,False,False,84562906,"[1.0, 1.4142135623730951]"
images/dark/davids/short/D/dark_davids_short_D_0.jpg,1,False,False,86768053,[1.0]
images/dark/davids/short/D/dark_davids_short_D_1.jpg,2,False,False,90954381,"[3.0, 3.605551275463989]"
images/dark/davids/short/D/dark_davids_short_D_2.jpg,4,True,True,81852031,"[1.0, 1.0, 2.0, 2.0]"
images/dark/davids/short/D/dark_davids_short_D_3.jpg,4,True,True,80019775,"[0.0, 1.0, 1.0, 2.23606797749979]"
images/dark/davids/short/D/dark_davids_short_D_4.jpg,1,False,False,78797603,[3.0]
images/dark/jack_cole/high/A/dark_jack_cole_high_A_0.jpg,3,False,False,74525170,"[0.0, 0.0, 1.4142135623730951]"
images/dark/jack_cole/high/A/dark_jack_cole_high_A_1.jpg,4,True,True,75684264,"[0.0, 1.0, 1.0, 1.4142135623730951]"
images/dark/jack_cole/high/A/dark_jack_cole_high_A_2.jpg,3,False,False,71969818,"[0.0, 1.0, 1.0]"
images/dark/jack_cole/high/A/dark_jack_cole_high_A_3.jpg,4,True,True,69731952,"[0.0, 0.0, 1.0, 1.0]"
images/dark/jack_cole/high/A/dark_jack_cole_high_A_4.jpg,4,True,True,78488134,"[1.0, 1.4142135623730951, 1.4142135623730951, 2.23606797749979]"
images/dark/jack_cole/high/B/dark_jack_cole_high_B_0.jpg,4,True,True,78606054,"[0.0, 0.0, 1.0, 1.0]"
images/dark/jack_cole/high/B/dark_jack_cole_high_B_1.jpg,4,True,True,77600388,"[1.0, 1.0, 1.0, 1.4142135623730951]"
images/dark/jack_cole/high/B/dark_jack_cole_high_B_2.jpg,4,True,True,77511008,"[0.0, 1.0, 2.0, 2.23606797749979]"
images/dark/jack_cole/high/B/dark_jack_cole_high_B_3.jpg,4,True,True,77884800,"[1.0, 1.0, 1.0, 3.0]"
images/dark/jack_cole/high/B/dark_jack_cole_high_B_4.jpg,4,True,True,77760837,"[1.0, 1.0, 1.0, 1.4142135623730951]"
images/dark/jack_cole/high/C/dark_jack_cole_high_C_0.jpg,4,True,True,84368881,"[1.0, 1.0, 1.4142135623730951, 2.23606797749979]"
images/dark/jack_cole/high/C/dark_jack_cole_high_C_1.jpg,4,True,True,82960081,"[1.0, 1.0, 1.0, 1.4142135623730951]"
images/dark/jack_cole/high/C/dark_jack_cole_high_C_2.jpg,4,True,True,84574064,"[0.0, 0.0, 1.4142135623730951, 2.23606797749979]"
images/dark/jack_cole/high/C/dark_jack_cole_high_C_3.jpg,4,True,True,81052980,"[1.0, 1.4142135623730951, 2.0, 2.23606797749979]"
images/dark/jack_cole/high/C/dark_jack_cole_high_C_4.jpg,4,True,True,77143170,"[1.4142135623730951, 1.4142135623730951, 2.23606797749979, 2.23606797749979]"
images/dark/jack_cole/high/D/dark_jack_cole_high_D_0.jpg,4,True,True,79834177,"[1.0, 1.0, 2.0, 2.23606797749979]"
images/dark/jack_cole/high/D/dark_jack_cole_high_D_1.jpg,4,True,True,80476853,"[1.0, 1.0, 1.4142135623730951, 2.0]"
images/dark/jack_cole/high/D/dark_jack_cole_high_D_2.jpg,4,True,True,84422822,"[1.0, 1.0, 1.4142135623730951, 3.0]"
images/dark/jack_cole/high/D/dark_jack_cole_high_D_3.jpg,4,True,True,81783806,"[1.0, 1.4142135623730951, 2.0, 2.23606797749979]"
images/dark/jack_cole/high/D/dark_jack_cole_high_D_4.jpg,4,True,True,79437944,"[1.4142135623730951, 1.4142135623730951, 2.0, 2.23606797749979]"
images/dark/jack_cole/medium/A/dark_jack_cole_medium_A_0.jpg,4,True,True,80561812,"[1.0, 1.0, 1.0, 2.23606797749979]"
images/dark/jack_cole/medium/A/dark_jack_cole_medium_A_1.jpg,4,True,True,80910354,"[1.0, 1.4142135623730951, 2.23606797749979, 2.8284271247461903]"
images/dark/jack_cole/medium/A/dark_jack_cole_medium_A_2.jpg,4,True,True,80499121,"[1.0, 1.0, 1.4142135623730951, 3.0]"
images/dark/jack_cole/medium/A/dark_jack_cole_medium_A_3.jpg,4,True,True,83290849,"[0.0, 0.0, 2.23606797749979, 2.23606797749979]"
images/dark/jack_cole/medium/A/dark_jack_cole_medium_A_4.jpg,4,True,True,74181347,"[0.0, 1.0, 1.4142135623730951, 2.23606797749979]"
images/dark/jack_cole/medium/B/dark_jack_cole_medium_B_0.jpg,3,False,False,79979060,"[1.4142135623730951, 2.23606797749979, 3.0]"
images/dark/jack_cole/medium/B/dark_jack_cole_medium_B_1.jpg,4,True,True,81901625,"[1.0, 1.4142135623730951, 2.0, 2.23606797749979]"
images/dark/jack_cole/medium/B/dark_jack_cole_medium_B_2.jpg,3,False,False,79145716,"[1.0, 2.0, 2.0]"
images/dark/jack_cole/medium/B/dark_jack_cole_medium_B_3.jpg,3,False,False,76248722,"[2.23606797749979, 2.23606797749979, 2.8284271247461903]"
images/dark/jack_cole/medium/B/dark_jack_cole_medium_B_4.jpg,4,True,True,76973113,"[1.0, 2.0, 2.0, 2.0]"
images/dark/jack_cole/medium/C/dark_jack_cole_medium_C_0.jpg,1,False,False,80686225,[1.4142135623730951]
images/dark/jack_cole/medium/C/dark_jack_cole_medium_C_1.jpg,4,True,True,79586955,"[1.0, 1.4142135623730951, 1.4142135623730951, 1.4142135623730951]"
images/dark/jack_cole/medium/C/dark_jack_cole_medium_C_2.jpg,3,False,False,85486558,"[1.0, 1.0, 2.8284271247461903]"
images/dark/jack_cole/medium/C/dark_jack_cole_medium_C_3.jpg,2,False,False,80511426,"[0.0, 2.0]"
images/dark/jack_cole/medium/C/dark_jack_cole_medium_C_4.jpg,3,False,False,77932204,"[1.0, 2.0, 3.0]"
images/dark/jack_cole/medium/D/dark_jack_cole_medium_D_0.jpg,4,True,True,81150913,"[1.0, 2.0, 2.0, 3.1622776601683795]"
images/dark/jack_cole/medium/D/dark_jack_cole_medium_D_1.jpg,1,False,False,78957201,[0.0]
images/dark/jack_cole/medium/D/dark_jack_cole_medium_D_2.jpg,1,False,False,77577294,[1.0]
images/dark/jack_cole/medium/D/dark_jack_cole_medium_D_3.jpg,2,False,False,79663257,"[1.0, 1.0]"
images/dark/jack_cole/medium/D/dark_jack_cole_medium_D_4.jpg,3,False,False,75416893,"[1.0, 1.0, 1.4142135623730951]"
images/dark/jack_cole/short/A/dark_jack_cole_short_A_0.jpg,4,True,True,76947774,"[1.0, 1.0, 1.4142135623730951, 2.0]"
images/dark/jack_cole/short/A/dark_jack_cole_short_A_1.jpg,3,False,False,76918649,"[1.0, 2.0, 2.23606797749979]"
images/dark/jack_cole/short/A/dark_jack_cole_short_A_2.jpg,1,False,False,80475935,[5.0]
images/dark/jack_cole/short/A/dark_jack_cole_short_A_3.jpg,0,False,False,78381633,[]
images/dark/jack_cole/short/A/dark_jack_cole_short_A_4.jpg,0,False,False,74028621,[]
images/dark/jack_cole/short/B/dark_jack_cole_short_B_0.jpg,4,True,True,82233396,"[1.4142135623730951, 2.0, 2.23606797749979, 3.1622776601683795]"
images/dark/jack_cole/short/B/dark_jack_cole_short_B_1.jpg,4,True,True,75766098,"[1.4142135623730951, 2.0, 2.23606797749979, 2.8284271247461903]"
images/dark/jack_cole/short/B/dark_jack_cole_short_B_2.jpg,4,True,True,82322894,"[1.4142135623730951, 1.4142135623730951, 1.4142135623730951, 2.8284271247461903]"
images/dark/jack_cole/short/B/dark_jack_cole_short_B_3.jpg,4,True,True,84976021,"[0.0, 1.0, 1.0, 1.4142135623730951]"
images/dark/jack_cole/short/B/dark_jack_cole_short_B_4.jpg,4,True,True,77806927,"[1.4142135623730951, 2.0, 2.0, 2.23606797749979]"
images/dark/jack_cole/short/C/dark_jack_cole_short_C_0.jpg,3,False,False,81080466,"[1.4142135623730951, 2.23606797749979, 3.0]"
images/dark/jack_cole/short/C/dark_jack_cole_short_C_1.jpg,2,False,False,78208269,"[2.8284271247461903, 5.0990195135927845]"
images/dark/jack_cole/short/C/dark_jack_cole_short_C_2.jpg,4,True,True,77065845,"[1.4142135623730951, 1.4142135623730951, 1.4142135623730951, 2.0]"
images/dark/jack_cole/short/C/dark_jack_cole_short_C_3.jpg,4,True,True,82098033,"[1.0, 1.0, 1.0, 2.0]"
images/dark/jack_cole/short/C/dark_jack_cole_short_C_4.jpg,4,True,True,79376219,"[1.0, 1.0, 2.23606797749979, 3.1622776601683795]"
images/dark/jack_cole/short/D/dark_jack_cole_short_D_0.jpg,2,False,False,84650631,"[1.0, 1.0]"
images/dark/jack_cole/short/D/dark_jack_cole_short_D_1.jpg,3,False,False,84189764,"[2.23606797749979, 2.8284271247461903, 3.0]"
images/dark/jack_cole/short/D/dark_jack_cole_short_D_2.jpg,4,True,True,75800172,"[1.0, 2.0, 2.0, 3.1622776601683795]"
images/dark/jack_cole/short/D/dark_jack_cole_short_D_3.jpg,4,True,True,81451961,"[1.0, 1.0, 2.0, 2.23606797749979]"
images/dark/jack_cole/short/D/dark_jack_cole_short_D_4.jpg,4,True,True,74658620,"[2.23606797749979, 2.23606797749979, 2.23606797749979, 2.23606797749979]"
images/dark/john_honey/high/A/dark_john_honey_high_A_0.jpg,4,True,True,98921817,"[1.0, 1.0, 1.0, 2.23606797749979]"
images/dark/john_honey/high/A/dark_john_honey_high_A_1.jpg,4,True,True,97222740,"[1.4142135623730951, 1.4142135623730951, 1.4142135623730951, 2.23606797749979]"
images/dark/john_honey/high/A/dark_john_honey_high_A_2.jpg,4,True,True,106458399,"[0.0, 1.0, 2.0, 2.8284271247461903]"
images/dark/john_honey/high/A/dark_john_honey_high_A_3.jpg,4,True,True,101953469,"[1.0, 2.23606797749979, 2.23606797749979, 2.8284271247461903]"
images/dark/john_honey/high/A/dark_john_honey_high_A_4.jpg,4,True,True,95974468,"[0.0, 1.0, 1.0, 2.0]"
images/dark/john_honey/high/B/dark_john_honey_high_B_0.jpg,4,True,True,94767495,"[0.0, 1.0, 1.0, 1.0]"
images/dark/john_honey/high/B/dark_john_honey_high_B_1.jpg,4,True,True,96734212,"[0.0, 1.0, 2.23606797749979, 2.8284271247461903]"
images/dark/john_honey/high/B/dark_john_honey_high_B_2.jpg,4,True,True,100863254,"[1.4142135623730951, 2.0, 2.23606797749979, 2.23606797749979]"
images/dark/john_honey/high/B/dark_john_honey_high_B_3.jpg,4,True,True,97387694,"[1.0, 1.4142135623730951, 2.23606797749979, 2.23606797749979]"
images/dark/john_honey/high/B/dark_john_honey_high_B_4.jpg,4,True,True,97161968,"[1.4142135623730951, 1.4142135623730951, 2.0, 3.1622776601683795]"
images/dark/john_honey/high/C/dark_john_honey_high_C_0.jpg,4,True,True,102454322,"[0.0, 1.0, 1.0, 1.4142135623730951]"
images/dark/john_honey/high/C/dark_john_honey_high_C_1.jpg,4,True,True,98576405,"[0.0, 1.0, 1.4142135623730951, 2.23606797749979]"
images/dark/john_honey/high/C/dark_john_honey_high_C_2.jpg,4,True,True,97279708,"[1.0, 1.4142135623730951, 2.23606797749979, 2.8284271247461903]"
images/dark/john_honey/high/C/dark_john_honey_high_C_3.jpg,4,True,True,101097772,"[1.0, 1.0, 2.23606797749979, 2.23606797749979]"
images/dark/john_honey/high/C/dark_john_honey_high_C_4.jpg,4,True,True,95759392,"[1.0, 1.0, 1.4142135623730951, 1.4142135623730951]"
images/dark/john_honey/high/D/dark_john_honey_high_D_0.jpg,4,True,True,97592340,"[0.0, 1.0, 1.4142135623730951, 2.0]"
images/dark/john_honey/high/D/dark_john_honey_high_D_1.jpg,4,True,True,102460689,"[0.0, 2.0, 2.23606797749979, 3.1622776601683795]"
images/dark/john_honey/high/D/dark_john_honey_high_D_2.jpg,4,True,True,102442587,"[0.0, 2.23606797749979, 2.23606797749979, 2.23606797749979]"
images/dark/john_honey/high/D/dark_john_honey_high_D_3.jpg,4,True,True,92007978,"[1.0, 2.23606797749979, 2.23606797749979, 4.123105625617661]"
images/dark/john_honey/high/D/dark_john_honey_high_D_4.jpg,4,True,True,93934901,"[1.0, 1.4142135623730951, 1.4142135623730951, 2.23606797749979]"
images/dark/john_honey/medium/A/dark_john_honey_medium_A_0.jpg,4,True,True,85574491,"[1.4142135623730951, 1.4142135623730951, 1.4142135623730951, 2.8284271247461903]"
images/dark/john_honey/medium/A/dark_john_honey_medium_A_1.jpg,4,True,True,90050297,"[1.0, 2.0, 2.0, 2.23606797749979]"
images/dark/john_honey/medium/A/dark_john_honey_medium_A_2.jpg,4,True,True,88120105,"[0.0, 1.0, 2.0, 2.23606797749979]"
images/dark/john_honey/medium/A/dark_john_honey_medium_A_3.jpg,4,True,True,86253376,"[1.0, 1.0, 1.4142135623730951, 3.0]"
images/dark/john_honey/medium/A/dark_john_honey_medium_A_4.jpg,4,True,True,89706722,"[1.0, 1.0, 1.0, 1.4142135623730951]"
images/dark/john_honey/medium/B/dark_john_honey_medium_B_0.jpg,4,True,True,92402859,"[1.0, 1.0, 2.0, 2.23606797749979]"
images/dark/john_honey/medium/B/dark_john_honey_medium_B_1.jpg,4,True,True,90634098,"[0.0, 1.0, 1.4142135623730951, 2.23606797749979]"
images/dark/john_honey/medium/B/dark_john_honey_medium_B_2.jpg,4,True,True,85546361,"[1.0, 1.0, 1.4142135623730951, 2.0]"
images/dark/john_honey/medium/B/dark_john_honey_medium_B_3.jpg,5,False,False,87460626,"[1.0, 1.0, 2.0, 2.23606797749979, 168.5852899869974]"
images/dark/john_honey/medium/B/dark_john_honey_medium_B_4.jpg,4,True,True,88305133,"[0.0, 0.0, 1.0, 2.0]"
images/dark/john_honey/medium/C/dark_john_honey_medium_C_0.jpg,4,True,True,95027459,"[1.0, 1.0, 1.0, 1.0]"
images/dark/john_honey/medium/C/dark_john_honey_medium_C_1.jpg,4,True,True,89749893,"[1.4142135623730951, 1.4142135623730951, 1.4142135623730951, 2.23606797749979]"
images/dark/john_honey/medium/C/dark_john_honey_medium_C_2.jpg,4,True,True,89208893,"[1.0, 1.0, 2.23606797749979, 3.0]"
images/dark/john_honey/medium/C/dark_john_honey_medium_C_3.jpg,4,True,True,88750461,"[0.0, 1.0, 1.0, 2.23606797749979]"
images/dark/john_honey/medium/C/dark_john_honey_medium_C_4.jpg,4,True,True,87018096,"[0.0, 1.4142135623730951, 2.23606797749979, 2.23606797749979]"
images/dark/john_honey/medium/D/dark_john_honey_medium_D_0.jpg,4,True,True,85056389,"[0.0, 1.0, 2.0, 2.23606797749979]"
images/dark/john_honey/medium/D/dark_john_honey_medium_D_1.jpg,4,True,True,89738560,"[0.0, 1.0, 1.0, 1.4142135623730951]"
images/dark/john_honey/medium/D/dark_john_honey_medium_D_2.jpg,4,True,True,91040972,"[0.0, 1.0, 1.4142135623730951, 2.0]"
images/dark/john_honey/medium/D/dark_john_honey_medium_D_3.jpg,4,True,True,89651408,"[1.4142135623730951, 2.0, 2.23606797749979, 2.23606797749979]"
images/dark/john_honey/medium/D/dark_john_honey_medium_D_4.jpg,4,True,True,83812890,"[1.0, 2.0, 2.23606797749979, 2.23606797749979]"
images/dark/john_honey/short/A/dark_john_honey_short_A_0.jpg,4,True,True,83140898,"[1.0, 1.4142135623730951, 2.0, 2.23606797749979]"
images/dark/john_honey/short/A/dark_john_honey_short_A_1.jpg,4,True,True,86288509,"[0.0, 1.0, 1.4142135623730951, 3.605551275463989]"
images/dark/john_honey/short/A/dark_john_honey_short_A_2.jpg,4,True,True,86499277,"[0.0, 1.0, 1.0, 1.4142135623730951]"
images/dark/john_honey/short/A/dark_john_honey_short_A_3.jpg,4,True,True,84808826,"[0.0, 2.0, 2.23606797749979, 3.0]"
images/dark/john_honey/short/A/dark_john_honey_short_A_4.jpg,4,True,True,82366295,"[1.0, 1.4142135623730951, 1.4142135623730951, 2.23606797749979]"
images/dark/john_honey/short/B/dark_john_honey_short_B_0.jpg,4,True,True,85519359,"[0.0, 1.0, 1.4142135623730951, 2.23606797749979]"
images/dark/john_honey/short/B/dark_john_honey_short_B_1.jpg,4,True,True,86991860,"[1.4142135623730951, 1.4142135623730951, 2.23606797749979, 2.23606797749979]"
images/dark/john_honey/short/B/dark_john_honey_short_B_2.jpg,3,False,False,84700623,"[1.0, 1.4142135623730951, 2.23606797749979]"
images/dark/john_honey/short/B/dark_john_honey_short_B_3.jpg,3,False,False,87191848,"[1.0, 2.23606797749979, 3.0]"
images/dark/john_honey/short/B/dark_john_honey_short_B_4.jpg,4,True,True,83367103,"[1.0, 1.0, 1.4142135623730951, 2.23606797749979]"
images/dark/john_honey/short/C/dark_john_honey_short_C_0.jpg,3,False,False,83424984,"[1.0, 1.4142135623730951, 2.23606797749979]"
images/dark/john_honey/short/C/dark_john_honey_short_C_1.jpg,4,True,True,83090031,"[0.0, 0.0, 1.0, 1.0]"
images/dark/john_honey/short/C/dark_john_honey_short_C_2.jpg,4,True,True,86217155,"[1.0, 1.4142135623730951, 1.4142135623730951, 2.23606797749979]"
images/dark/john_honey/short/C/dark_john_honey_short_C_3.jpg,4,True,True,95446828,"[1.0, 1.4142135623730951, 2.23606797749979, 2.23606797749979]"
images/dark/john_honey/short/C/dark_john_honey_short_C_4.jpg,4,True,True,86854044,"[1.0, 2.0, 2.8284271247461903, 4.0]"
images/dark/john_honey/short/D/dark_john_honey_short_D_0.jpg,4,True,True,94231107,"[0.0, 1.0, 1.4142135623730951, 2.0]"
images/dark/john_honey/short/D/dark_john_honey_short_D_1.jpg,5,False,False,97077983,"[0.0, 1.0, 1.4142135623730951, 2.23606797749979, 232.39836488237177]"
images/dark/john_honey/short/D/dark_john_honey_short_D_2.jpg,4,True,True,88255938,"[0.0, 2.0, 2.23606797749979, 3.0]"
images/dark/john_honey/short/D/dark_john_honey_short_D_3.jpg,4,True,True,90813437,"[1.0, 1.0, 2.0, 2.8284271247461903]"
images/dark/john_honey/short/D/dark_john_honey_short_D_4.jpg,3,False,False,82077302,"[1.0, 2.8284271247461903, 4.47213595499958]"
images/dark/michaels/high/A/dark_michaels_high_A_0.jpg,4,True,True,80709468,"[1.0, 1.0, 2.23606797749979, 3.1622776601683795]"
images/dark/michaels/high/A/dark_michaels_high_A_1.jpg,4,True,True,80438972,"[0.0, 1.4142135623730951, 2.0, 2.23606797749979]"
images/dark/michaels/high/A/dark_michaels_high_A_2.jpg,4,True,True,82654346,"[0.0, 1.0, 1.4142135623730951, 2.0]"
images/dark/michaels/high/A/dark_michaels_high_A_3.jpg,4,True,True,81007456,"[1.0, 1.4142135623730951, 2.0, 2.0]"
images/dark/michaels/high/A/dark_michaels_high_A_4.jpg,4,True,True,76382494,"[1.0, 1.0, 1.4142135623730951, 1.4142135623730951]"
images/dark/michaels/high/B/dark_michaels_high_B_0.jpg,4,True,True,84373234,"[0.0, 1.0, 2.23606797749979, 3.1622776601683795]"
images/dark/michaels/high/B/dark_michaels_high_B_1.jpg,2,False,False,81768343,"[1.0, 2.23606797749979]"
images/dark/michaels/high/B/dark_michaels_high_B_2.jpg,2,False,False,83227811,"[2.0, 2.23606797749979]"
images/dark/michaels/high/B/dark_michaels_high_B_3.jpg,3,False,False,77935157,"[1.0, 1.0, 2.23606797749979]"
images/dark/michaels/high/B/dark_michaels_high_B_4.jpg,4,True,True,76651639,"[0.0, 1.4142135623730951, 2.0, 2.23606797749979]"
images/dark/michaels/high/C/dark_michaels_high_C_0.jpg,4,True,True,81360840,"[0.0, 0.0, 1.0, 3.0]"
images/dark/michaels/high/C/dark_michaels_high_C_1.jpg,4,True,True,80320058,"[1.4142135623730951, 1.4142135623730951, 2.23606797749979, 2.23606797749979]"
images/dark/michaels/high/C/dark_michaels_high_C_2.jpg,4,True,True,81048612,"[1.0, 1.4142135623730951, 2.0, 2.23606797749979]"
images/dark/michaels/high/C/dark_michaels_high_C_3.jpg,4,True,True,79182484,"[1.0, 1.0, 1.4142135623730951, 2.0]"
images/dark/michaels/high/C/dark_michaels_high_C_4.jpg,4,True,True,82943007,"[0.0, 1.4142135623730951, 2.0, 2.0]"
images/dark/michaels/high/D/dark_michaels_high_D_0.jpg,4,True,True,90395904,"[1.0, 1.0, 1.4142135623730951, 3.1622776601683795]"
images/dark/michaels/high/D/dark_michaels_high_D_1.jpg,4,True,True,87291112,"[1.0, 1.4142135623730951, 2.0, 2.23606797749979]"
images/dark/michaels/high/D/dark_michaels_high_D_2.jpg,4,True,True,87839670,"[0.0, 1.4142135623730951, 2.23606797749979, 3.0]"
images/dark/michaels/high/D/dark_michaels_high_D_3.jpg,4,True,True,80139048,"[2.0, 2.23606797749979, 2.23606797749979, 3.605551275463989]"
images/dark/michaels/high/D/dark_michaels_high_D_4.jpg,4,True,True,80979795,"[1.0, 1.4142135623730951, 1.4142135623730951, 2.23606797749979]"
images/dark/michaels/medium/A/dark_michaels_medium_A_0.jpg,4,True,True,90583985,"[0.0, 0.0, 1.0, 2.23606797749979]"
images/dark/michaels/medium/A/dark_michaels_medium_A_1.jpg,4,True,True,86516108,"[1.4142135623730951, 1.4142135623730951, 2.0, 2.23606797749979]"
images/dark/michaels/medium/A/dark_michaels_medium_A_2.jpg,4,True,True,85599708,"[1.0, 2.0, 3.0, 3.1622776601683795]"
images/dark/michaels/medium/A/dark_michaels_medium_A_3.jpg,4,True,True,82974335,"[0.0, 1.4142135623730951, 2.23606797749979, 2.23606797749979]"
images/dark/michaels/medium/A/dark_michaels_medium_A_4.jpg,4,True,True,78171614,"[2.23606797749979, 2.23606797749979, 2.23606797749979, 3.0]"
images/dark/michaels/medium/B/dark_michaels_medium_B_0.jpg,4,True,True,84889928,"[0.0, 1.4142135623730951, 2.0, 2.23606797749979]"
images/dark/michaels/medium/B/dark_michaels_medium_B_1.jpg,4,True,True,83803810,"[0.0, 1.0, 1.0, 2.23606797749979]"
images/dark/michaels/medium/B/dark_michaels_medium_B_2.jpg,4,True,True,87306331,"[1.0, 2.23606797749979, 2.8284271247461903, 2.8284271247461903]"
images/dark/michaels/medium/B/dark_michaels_medium_B_3.jpg,4,True,True,86824106,"[1.0, 1.0, 1.0, 2.23606797749979]"
images/dark/michaels/medium/B/dark_michaels_medium_B_4.jpg,4,True,True,83275081,"[1.0, 1.4142135623730951, 2.0, 2.23606797749979]"
images/dark/michaels/medium/C/dark_michaels_medium_C_0.jpg,4,True,True,86907162,"[1.0, 1.0, 1.0, 1.0]"
images/dark/michaels/medium/C/dark_michaels_medium_C_1.jpg,4,True,True,84886061,"[0.0, 1.0, 1.0, 2.0]"
images/dark/michaels/medium/C/dark_michaels_medium_C_2.jpg,4,True,True,85552121,"[0.0, 1.0, 1.4142135623730951, 2.23606797749979]"
images/dark/michaels/medium/C/dark_michaels_medium_C_3.jpg,4,True,True,83045378,"[1.0, 1.4142135623730951, 1.4142135623730951, 2.0]"
images/dark/michaels/medium/C/dark_michaels_medium_C_4.jpg,4,True,True,81969693,"[1.0, 1.4142135623730951, 2.0, 2.0]"
images/dark/michaels/medium/D/dark_michaels_medium_D_0.jpg,4,True,True,82063397,"[2.0, 2.23606797749979, 2.23606797749979, 2.8284271247461903]"
images/dark/michaels/medium/D/dark_michaels_medium_D_1.jpg,4,True,True,84543350,"[1.0, 1.4142135623730951, 1.4142135623730951, 3.1622776601683795]"
images/dark/michaels/medium/D/dark_michaels_medium_D_2.jpg,4,True,True,90973416,"[1.0, 1.0, 1.4142135623730951, 2.23606797749979]"
images/dark/michaels/medium/D/dark_michaels_medium_D_3.jpg,4,True,True,90547728,"[1.0, 1.4142135623730951, 1.4142135623730951, 2.0]"
images/dark/michaels/medium/D/dark_michaels_medium_D_4.jpg,2,False,False,82725319,"[0.0, 1.0]"
images/dark/michaels/short/A/dark_michaels_short_A_0.jpg,4,True,True,89388795,"[1.0, 1.0, 1.0, 2.8284271247461903]"
images/dark/michaels/short/A/dark_michaels_short_A_1.jpg,3,False,False,83401046,"[1.0, 1.4142135623730951, 2.0]"
images/dark/michaels/short/A/dark_michaels_short_A_2.jpg,3,False,False,82133891,"[1.0, 2.0, 2.23606797749979]"
images/dark/michaels/short/A/dark_michaels_short_A_3.jpg,2,False,False,82646511,"[3.1622776601683795, 3.1622776601683795]"
images/dark/michaels/short/A/dark_michaels_short_A_4.jpg,2,False,False,84077334,"[1.4142135623730951, 2.8284271247461903]"
images/dark/michaels/short/B/dark_michaels_short_B_0.jpg,4,True,True,88109917,"[1.0, 2.23606797749979, 3.1622776601683795, 3.605551275463989]"
images/dark/michaels/short/B/dark_michaels_short_B_1.jpg,3,False,False,87032431,"[1.4142135623730951, 2.0, 2.23606797749979]"
images/dark/michaels/short/B/dark_michaels_short_B_2.jpg,3,False,False,87321958,"[1.4142135623730951, 1.4142135623730951, 1.4142135623730951]"
images/dark/michaels/short/B/dark_michaels_short_B_3.jpg,4,True,True,86549641,"[0.0, 1.0, 1.4142135623730951, 3.1622776601683795]"
images/dark/michaels/short/B/dark_michaels_short_B_4.jpg,4,True,True,81991583,"[0.0, 1.4142135623730951, 2.23606797749979, 2.23606797749979]"
images/dark/michaels/short/C/dark_michaels_short_C_0.jpg,4,True,True,84564108,"[1.0, 2.0, 3.0, 3.0]"
images/dark/michaels/short/C/dark_michaels_short_C_1.jpg,2,False,False,82025847,"[2.8284271247461903, 3.0]"
images/dark/michaels/short/C/dark_michaels_short_C_2.jpg,3,False,False,82776554,"[0.0, 1.4142135623730951, 2.0]"
images/dark/michaels/short/C/dark_michaels_short_C_3.jpg,4,True,True,89129409,"[0.0, 1.0, 1.4142135623730951, 2.23606797749979]"
images/dark/michaels/short/C/dark_michaels_short_C_4.jpg,2,False,False,84802584,"[1.0, 1.0]"
images/dark/michaels/short/D/dark_michaels_short_D_0.jpg,2,False,False,82954258,"[1.0, 1.4142135623730951]"
images/dark/michaels/short/D/dark_michaels_short_D_1.jpg,4,True,True,88780806,"[1.0, 1.4142135623730951, 2.23606797749979, 3.1622776601683795]"
images/dark/michaels/short/D/dark_michaels_short_D_2.jpg,4,True,True,85534127,"[1.0, 1.4142135623730951, 1.4142135623730951, 2.0]"
images/dark/michaels/short/D/dark_michaels_short_D_3.jpg,4,True,True,83354589,"[2.0, 2.0, 2.23606797749979, 3.1622776601683795]"
images/dark/michaels/short/D/dark_michaels_short_D_4.jpg,3,False,False,80359733,"[1.4142135623730951, 1.4142135623730951, 2.23606797749979]"
