,0,1,2,3,4
images/custom/davids/high/A/custom_davids_high_A_0.jpg,6,False,False,103343641,"[0.0, 1.0, 1.0, 1.0, 551.5015865797668, 885.641010793877]"
images/custom/davids/high/A/custom_davids_high_A_1.jpg,6,False,False,99518694,"[1.0, 1.0, 1.0, 2.23606797749979, 227.79376637651873, 906.5208216031224]"
images/custom/davids/high/A/custom_davids_high_A_2.jpg,6,False,False,96216509,"[0.0, 1.0, 1.0, 1.4142135623730951, 496.84705896281605, 762.1679604916491]"
images/custom/davids/high/A/custom_davids_high_A_3.jpg,4,True,True,109105439,"[1.0, 1.4142135623730951, 2.0, 2.23606797749979]"
images/custom/davids/high/A/custom_davids_high_A_4.jpg,4,True,True,105361860,"[1.0, 1.0, 1.4142135623730951, 2.0]"
images/custom/davids/high/B/custom_davids_high_B_0.jpg,4,True,True,104868865,"[1.0, 1.0, 2.23606797749979, 3.1622776601683795]"
images/custom/davids/high/B/custom_davids_high_B_1.jpg,3,False,False,103930878,"[0.0, 1.0, 7.211102550927978]"
images/custom/davids/high/B/custom_davids_high_B_2.jpg,4,True,True,97338503,"[0.0, 1.0, 1.4142135623730951, 2.0]"
images/custom/davids/high/B/custom_davids_high_B_3.jpg,4,True,True,98779713,"[1.0, 1.4142135623730951, 1.4142135623730951, 2.0]"
images/custom/davids/high/B/custom_davids_high_B_4.jpg,4,True,False,88685984,"[1.0, 2.0, 6.0, 9.848857801796104]"
images/custom/davids/high/C/custom_davids_high_C_0.jpg,2,False,False,96353815,"[1.4142135623730951, 2.23606797749979]"
images/custom/davids/high/C/custom_davids_high_C_1.jpg,2,False,False,99438396,"[0.0, 3.1622776601683795]"
images/custom/davids/high/C/custom_davids_high_C_2.jpg,2,False,False,102093330,"[0.0, 1.0]"
images/custom/davids/high/C/custom_davids_high_C_3.jpg,2,False,False,95887774,"[1.0, 2.0]"
images/custom/davids/high/C/custom_davids_high_C_4.jpg,3,False,False,89329764,"[1.4142135623730951, 2.0, 816.5353635942537]"
images/custom/davids/high/D/custom_davids_high_D_0.jpg,5,False,False,90455256,"[1.4142135623730951, 1.4142135623730951, 1.4142135623730951, 2.23606797749979, 196.468827043885]"
images/custom/davids/high/D/custom_davids_high_D_1.jpg,4,True,True,99773198,"[0.0, 1.0, 1.0, 1.4142135623730951]"
images/custom/davids/high/D/custom_davids_high_D_2.jpg,7,False,False,105825107,"[1.0, 1.4142135623730951, 2.23606797749979, 2.23606797749979, 438.8576078866584, 449.2849875079291, 473.6686605634787]"
images/custom/davids/high/D/custom_davids_high_D_3.jpg,4,True,True,101975558,"[0.0, 1.0, 1.0, 1.4142135623730951]"
images/custom/davids/high/D/custom_davids_high_D_4.jpg,4,True,True,87948050,"[1.0, 1.0, 2.0, 2.23606797749979]"
images/custom/davids/medium/A/custom_davids_medium_A_0.jpg,5,False,False,91695641,"[1.0, 1.0, 1.0, 1.0, 216.9469981354893]"
images/custom/davids/medium/A/custom_davids_medium_A_1.jpg,5,False,False,95160201,"[1.0, 2.0, 2.0, 2.23606797749979, 221.84003245582164]"
images/custom/davids/medium/A/custom_davids_medium_A_2.jpg,3,False,False,95180737,"[1.4142135623730951, 1.4142135623730951, 2.23606797749979]"
images/custom/davids/medium/A/custom_davids_medium_A_3.jpg,2,False,False,102380607,"[1.4142135623730951, 1.4142135623730951]"
images/custom/davids/medium/A/custom_davids_medium_A_4.jpg,1,False,False,92927921,[2.0]
images/custom/davids/medium/B/custom_davids_medium_B_0.jpg,4,True,True,96412738,"[0.0, 0.0, 1.4142135623730951, 2.23606797749979]"
images/custom/davids/medium/B/custom_davids_medium_B_1.jpg,4,True,True,103444350,"[0.0, 0.0, 1.4142135623730951, 2.23606797749979]"
images/custom/davids/medium/B/custom_davids_medium_B_2.jpg,6,False,False,102330810,"[0.0, 1.0, 1.0, 1.0, 512.5504853182757, 627.5420304648925]"
images/custom/davids/medium/B/custom_davids_medium_B_3.jpg,4,True,True,106122048,"[0.0, 0.0, 1.4142135623730951, 1.4142135623730951]"
images/custom/davids/medium/B/custom_davids_medium_B_4.jpg,4,True,True,93933621,"[1.0, 1.0, 1.0, 1.0]"
images/custom/davids/medium/C/custom_davids_medium_C_0.jpg,3,False,False,98127643,"[1.0, 1.4142135623730951, 565.7923647416957]"
images/custom/davids/medium/C/custom_davids_medium_C_1.jpg,2,False,False,92777359,"[1.0, 2.23606797749979]"
images/custom/davids/medium/C/custom_davids_medium_C_2.jpg,2,False,False,96427968,"[0.0, 1.0]"
images/custom/davids/medium/C/custom_davids_medium_C_3.jpg,1,False,False,95022813,[2.23606797749979]
images/custom/davids/medium/C/custom_davids_medium_C_4.jpg,1,False,False,89418624,[1.4142135623730951]
images/custom/davids/medium/D/custom_davids_medium_D_0.jpg,3,False,False,90122892,"[1.4142135623730951, 2.23606797749979, 211.14213222377006]"
images/custom/davids/medium/D/custom_davids_medium_D_1.jpg,4,True,False,95700359,"[1.0, 2.23606797749979, 2.23606797749979, 211.1539722572133]"
images/custom/davids/medium/D/custom_davids_medium_D_2.jpg,4,True,True,93793494,"[0.0, 1.0, 1.4142135623730951, 3.0]"
images/custom/davids/medium/D/custom_davids_medium_D_3.jpg,4,True,True,103588314,"[1.0, 1.0, 1.0, 2.23606797749979]"
images/custom/davids/medium/D/custom_davids_medium_D_4.jpg,4,True,True,96551878,"[0.0, 1.0, 1.0, 2.0]"
images/custom/davids/short/A/custom_davids_short_A_0.jpg,4,True,True,92145662,"[1.0, 1.0, 2.23606797749979, 2.23606797749979]"
images/custom/davids/short/A/custom_davids_short_A_1.jpg,5,False,False,93676272,"[1.0, 1.0, 2.0, 2.23606797749979, 281.18677067031444]"
images/custom/davids/short/A/custom_davids_short_A_2.jpg,4,True,False,95753543,"[1.0, 1.0, 3.1622776601683795, 7.211102550927978]"
images/custom/davids/short/A/custom_davids_short_A_3.jpg,1,False,False,95148564,[0.0]
images/custom/davids/short/A/custom_davids_short_A_4.jpg,4,True,False,91811257,"[1.0, 2.8284271247461903, 8.94427190999916, 10.198039027185569]"
images/custom/davids/short/B/custom_davids_short_B_0.jpg,4,True,True,97203931,"[1.0, 1.4142135623730951, 1.4142135623730951, 3.0]"
images/custom/davids/short/B/custom_davids_short_B_1.jpg,3,False,False,103563866,"[0.0, 1.0, 2.23606797749979]"
images/custom/davids/short/B/custom_davids_short_B_2.jpg,3,False,False,98923826,"[1.0, 2.23606797749979, 11.045361017187261]"
images/custom/davids/short/B/custom_davids_short_B_3.jpg,4,True,False,93703858,"[1.0, 2.0, 13.038404810405298, 179.4017837146554]"
images/custom/davids/short/B/custom_davids_short_B_4.jpg,3,False,False,90694923,"[0.0, 1.0, 2.0]"
images/custom/davids/short/C/custom_davids_short_C_0.jpg,1,False,False,91389608,[1.0]
images/custom/davids/short/C/custom_davids_short_C_1.jpg,3,False,False,95853954,"[1.4142135623730951, 2.0, 167.6305461424021]"
images/custom/davids/short/C/custom_davids_short_C_2.jpg,2,False,False,91411109,"[1.0, 287.3412605248331]"
images/custom/davids/short/C/custom_davids_short_C_3.jpg,2,False,False,97056301,"[0.0, 1.4142135623730951]"
images/custom/davids/short/C/custom_davids_short_C_4.jpg,2,False,False,93268001,"[0.0, 2.0]"
images/custom/davids/short/D/custom_davids_short_D_0.jpg,3,False,False,94837264,"[0.0, 1.0, 1.4142135623730951]"
images/custom/davids/short/D/custom_davids_short_D_1.jpg,3,False,False,103649279,"[0.0, 1.0, 2.23606797749979]"
images/custom/davids/short/D/custom_davids_short_D_2.jpg,5,False,False,102367897,"[0.0, 0.0, 1.0, 4.123105625617661, 238.447059113758]"
images/custom/davids/short/D/custom_davids_short_D_3.jpg,5,False,False,103517231,"[0.0, 1.0, 2.0, 218.87439320304236, 293.027302482209]"
images/custom/davids/short/D/custom_davids_short_D_4.jpg,3,False,False,92170891,"[1.0, 1.0, 6.0]"
images/custom/jack_cole/high/A/custom_jack_cole_high_A_0.jpg,4,True,True,82996528,"[0.0, 1.0, 1.4142135623730951, 2.23606797749979]"
images/custom/jack_cole/high/A/custom_jack_cole_high_A_1.jpg,4,True,True,84779361,"[0.0, 1.0, 1.0, 2.23606797749979]"
images/custom/jack_cole/high/A/custom_jack_cole_high_A_2.jpg,4,True,True,87102307,"[1.4142135623730951, 1.4142135623730951, 2.0, 2.23606797749979]"
images/custom/jack_cole/high/A/custom_jack_cole_high_A_3.jpg,4,True,True,87941429,"[1.0, 1.0, 1.0, 1.4142135623730951]"
images/custom/jack_cole/high/A/custom_jack_cole_high_A_4.jpg,4,True,True,78018812,"[0.0, 1.4142135623730951, 2.23606797749979, 2.23606797749979]"
images/custom/jack_cole/high/B/custom_jack_cole_high_B_0.jpg,4,True,True,80369313,"[1.0, 1.0, 1.0, 1.4142135623730951]"
images/custom/jack_cole/high/B/custom_jack_cole_high_B_1.jpg,4,True,True,86854298,"[1.0, 1.4142135623730951, 1.4142135623730951, 1.4142135623730951]"
images/custom/jack_cole/high/B/custom_jack_cole_high_B_2.jpg,4,True,True,86610491,"[1.0, 1.4142135623730951, 2.23606797749979, 2.23606797749979]"
images/custom/jack_cole/high/B/custom_jack_cole_high_B_3.jpg,4,True,True,91274812,"[0.0, 1.0, 1.0, 1.4142135623730951]"
images/custom/jack_cole/high/B/custom_jack_cole_high_B_4.jpg,4,True,True,81269439,"[0.0, 1.0, 1.0, 1.0]"
images/custom/jack_cole/high/C/custom_jack_cole_high_C_0.jpg,3,False,False,85510416,"[1.4142135623730951, 3.0, 203.22647465327935]"
images/custom/jack_cole/high/C/custom_jack_cole_high_C_1.jpg,3,False,False,80835655,"[1.0, 1.0, 203.03940504246953]"
images/custom/jack_cole/high/C/custom_jack_cole_high_C_2.jpg,4,True,False,85377769,"[0.0, 1.0, 311.62316987027776, 732.002732235338]"
images/custom/jack_cole/high/C/custom_jack_cole_high_C_3.jpg,3,False,False,87480157,"[1.0, 2.23606797749979, 295.10845463998487]"
images/custom/jack_cole/high/C/custom_jack_cole_high_C_4.jpg,1,False,False,78065824,[1.0]
images/custom/jack_cole/high/D/custom_jack_cole_high_D_0.jpg,5,False,False,81786667,"[1.4142135623730951, 2.0, 2.23606797749979, 2.23606797749979, 224.32119828495925]"
images/custom/jack_cole/high/D/custom_jack_cole_high_D_1.jpg,4,True,False,83183830,"[1.0, 1.0, 1.4142135623730951, 171.49344010777787]"
images/custom/jack_cole/high/D/custom_jack_cole_high_D_2.jpg,5,False,False,85765267,"[1.0, 1.4142135623730951, 3.605551275463989, 10.0, 197.77006851391846]"
images/custom/jack_cole/high/D/custom_jack_cole_high_D_3.jpg,5,False,False,87216547,"[1.0, 1.0, 1.4142135623730951, 8.54400374531753, 204.3624231604235]"
images/custom/jack_cole/high/D/custom_jack_cole_high_D_4.jpg,4,True,True,81890614,"[1.0, 1.0, 1.4142135623730951, 2.0]"
images/custom/jack_cole/medium/A/custom_jack_cole_medium_A_0.jpg,4,True,True,88290405,"[1.0, 1.4142135623730951, 1.4142135623730951, 2.0]"
images/custom/jack_cole/medium/A/custom_jack_cole_medium_A_1.jpg,5,False,False,89176225,"[1.0, 1.4142135623730951, 2.23606797749979, 3.0, 191.60375779195982]"
images/custom/jack_cole/medium/A/custom_jack_cole_medium_A_2.jpg,5,False,False,85541239,"[1.0, 1.0, 1.0, 1.4142135623730951, 492.6662156064692]"
images/custom/jack_cole/medium/A/custom_jack_cole_medium_A_3.jpg,5,False,False,95317271,"[0.0, 0.0, 1.4142135623730951, 2.23606797749979, 211.3575170179665]"
images/custom/jack_cole/medium/A/custom_jack_cole_medium_A_4.jpg,4,True,True,85047175,"[1.0, 1.4142135623730951, 1.4142135623730951, 2.0]"
images/custom/jack_cole/medium/B/custom_jack_cole_medium_B_0.jpg,5,False,False,85758926,"[1.0, 1.0, 1.4142135623730951, 1.4142135623730951, 231.46490014686893]"
images/custom/jack_cole/medium/B/custom_jack_cole_medium_B_1.jpg,4,True,True,86246485,"[0.0, 1.0, 2.23606797749979, 2.23606797749979]"
images/custom/jack_cole/medium/B/custom_jack_cole_medium_B_2.jpg,4,True,True,93438200,"[1.0, 2.0, 2.0, 2.23606797749979]"
images/custom/jack_cole/medium/B/custom_jack_cole_medium_B_3.jpg,4,True,True,88776335,"[1.4142135623730951, 2.0, 2.23606797749979, 3.0]"
images/custom/jack_cole/medium/B/custom_jack_cole_medium_B_4.jpg,4,True,False,80825794,"[0.0, 1.0, 3.1622776601683795, 5.0]"
images/custom/jack_cole/medium/C/custom_jack_cole_medium_C_0.jpg,1,False,False,84317448,[1.4142135623730951]
images/custom/jack_cole/medium/C/custom_jack_cole_medium_C_1.jpg,3,False,False,86198864,"[0.0, 4.0, 177.88198334851114]"
images/custom/jack_cole/medium/C/custom_jack_cole_medium_C_2.jpg,3,False,False,93467191,"[2.0, 4.123105625617661, 286.50479926172267]"
images/custom/jack_cole/medium/C/custom_jack_cole_medium_C_3.jpg,3,False,False,91601132,"[2.23606797749979, 3.1622776601683795, 609.3808333054134]"
images/custom/jack_cole/medium/C/custom_jack_cole_medium_C_4.jpg,2,False,False,86957574,"[2.23606797749979, 2.8284271247461903]"
images/custom/jack_cole/medium/D/custom_jack_cole_medium_D_0.jpg,4,True,True,90760471,"[2.0, 2.0, 2.23606797749979, 3.0]"
images/custom/jack_cole/medium/D/custom_jack_cole_medium_D_1.jpg,4,True,True,92125009,"[0.0, 1.0, 1.4142135623730951, 2.0]"
images/custom/jack_cole/medium/D/custom_jack_cole_medium_D_2.jpg,4,True,True,90839696,"[1.0, 1.0, 1.4142135623730951, 2.0]"
images/custom/jack_cole/medium/D/custom_jack_cole_medium_D_3.jpg,5,False,False,89285914,"[1.0, 1.4142135623730951, 1.4142135623730951, 2.23606797749979, 251.9206224190469]"
images/custom/jack_cole/medium/D/custom_jack_cole_medium_D_4.jpg,4,True,True,82648875,"[1.0, 1.4142135623730951, 2.23606797749979, 4.47213595499958]"
images/custom/jack_cole/short/A/custom_jack_cole_short_A_0.jpg,6,False,False,89295487,"[1.0, 2.23606797749979, 3.1622776601683795, 3.605551275463989, 294.838939083697, 425.60662588827256]"
images/custom/jack_cole/short/A/custom_jack_cole_short_A_1.jpg,5,False,False,86945685,"[1.4142135623730951, 2.23606797749979, 3.0, 3.0, 561.3448138176748]"
images/custom/jack_cole/short/A/custom_jack_cole_short_A_2.jpg,6,False,False,90554180,"[1.0, 1.0, 1.0, 1.4142135623730951, 230.3584163862914, 504.9683158377365]"
images/custom/jack_cole/short/A/custom_jack_cole_short_A_3.jpg,5,False,False,94256717,"[1.4142135623730951, 1.4142135623730951, 3.1622776601683795, 3.605551275463989, 373.1621631409058]"
images/custom/jack_cole/short/A/custom_jack_cole_short_A_4.jpg,4,True,True,90069933,"[1.4142135623730951, 2.23606797749979, 2.23606797749979, 4.242640687119285]"
images/custom/jack_cole/short/B/custom_jack_cole_short_B_0.jpg,6,False,False,85831745,"[0.0, 1.0, 1.4142135623730951, 2.0, 326.33878102364724, 335.4519339637201]"
images/custom/jack_cole/short/B/custom_jack_cole_short_B_1.jpg,7,False,False,91949407,"[1.0, 1.0, 1.0, 2.0, 167.72000476985446, 225.85836269662454, 523.2150609453057]"
images/custom/jack_cole/short/B/custom_jack_cole_short_B_2.jpg,5,False,False,91617879,"[1.0, 1.0, 1.4142135623730951, 2.0, 228.4841351166422]"
images/custom/jack_cole/short/B/custom_jack_cole_short_B_3.jpg,4,True,True,88853410,"[0.0, 1.4142135623730951, 2.0, 2.0]"
images/custom/jack_cole/short/B/custom_jack_cole_short_B_4.jpg,4,True,True,87811779,"[0.0, 1.4142135623730951, 2.23606797749979, 2.8284271247461903]"
images/custom/jack_cole/short/C/custom_jack_cole_short_C_0.jpg,2,False,False,93453551,"[1.0, 2.23606797749979]"
images/custom/jack_cole/short/C/custom_jack_cole_short_C_1.jpg,4,True,False,94722177,"[2.23606797749979, 3.0, 239.9416595758227, 300.24823063591896]"
images/custom/jack_cole/short/C/custom_jack_cole_short_C_2.jpg,4,True,False,100874984,"[1.0, 2.0, 274.0164228654918, 438.9453268916301]"
images/custom/jack_cole/short/C/custom_jack_cole_short_C_3.jpg,4,True,False,85946427,"[2.23606797749979, 2.23606797749979, 438.32065887886233, 486.9917863783742]"
images/custom/jack_cole/short/C/custom_jack_cole_short_C_4.jpg,2,False,False,85526244,"[2.8284271247461903, 4.0]"
images/custom/jack_cole/short/D/custom_jack_cole_short_D_0.jpg,6,False,False,88691595,"[0.0, 1.4142135623730951, 2.0, 2.23606797749979, 332.91590529741893, 357.73314076277586]"
images/custom/jack_cole/short/D/custom_jack_cole_short_D_1.jpg,6,False,False,94225186,"[0.0, 1.4142135623730951, 2.23606797749979, 3.1622776601683795, 189.44656238633627, 232.31228981696168]"
images/custom/jack_cole/short/D/custom_jack_cole_short_D_2.jpg,5,False,False,98815993,"[1.0, 1.0, 1.4142135623730951, 1.4142135623730951, 333.44414824674914]"
images/custom/jack_cole/short/D/custom_jack_cole_short_D_3.jpg,4,True,True,92658294,"[0.0, 2.23606797749979, 2.23606797749979, 3.1622776601683795]"
images/custom/jack_cole/short/D/custom_jack_cole_short_D_4.jpg,4,True,True,86840160,"[2.0, 2.23606797749979, 2.8284271247461903, 2.8284271247461903]"
images/custom/john_honey/high/A/custom_john_honey_high_A_0.jpg,4,True,True,94620045,"[1.0, 1.0, 3.1622776601683795, 3.1622776601683795]"
images/custom/john_honey/high/A/custom_john_honey_high_A_1.jpg,2,False,False,98517798,"[1.4142135623730951, 5.0]"
images/custom/john_honey/high/A/custom_john_honey_high_A_2.jpg,4,True,True,100250058,"[0.0, 1.0, 1.4142135623730951, 1.4142135623730951]"
images/custom/john_honey/high/A/custom_john_honey_high_A_3.jpg,4,True,True,104045295,"[0.0, 1.0, 2.23606797749979, 2.8284271247461903]"
images/custom/john_honey/high/A/custom_john_honey_high_A_4.jpg,4,True,True,101715641,"[1.0, 1.0, 1.4142135623730951, 1.4142135623730951]"
images/custom/john_honey/high/B/custom_john_honey_high_B_0.jpg,3,False,False,101043323,"[1.0, 1.0, 2.0]"
images/custom/john_honey/high/B/custom_john_honey_high_B_1.jpg,3,False,False,94963432,"[1.0, 1.0, 1.4142135623730951]"
images/custom/john_honey/high/B/custom_john_honey_high_B_2.jpg,3,False,False,94152117,"[1.0, 2.0, 5.0]"
images/custom/john_honey/high/B/custom_john_honey_high_B_3.jpg,3,False,False,96862430,"[1.4142135623730951, 2.0, 3.0]"
images/custom/john_honey/high/B/custom_john_honey_high_B_4.jpg,3,False,False,96553107,"[1.0, 1.0, 1.4142135623730951]"
images/custom/john_honey/high/C/custom_john_honey_high_C_0.jpg,2,False,False,96251385,"[1.0, 1.0]"
images/custom/john_honey/high/C/custom_john_honey_high_C_1.jpg,2,False,False,93690422,"[2.23606797749979, 5.830951894845301]"
images/custom/john_honey/high/C/custom_john_honey_high_C_2.jpg,2,False,False,101694392,"[0.0, 1.0]"
images/custom/john_honey/high/C/custom_john_honey_high_C_3.jpg,1,False,False,104019602,[1.0]
images/custom/john_honey/high/C/custom_john_honey_high_C_4.jpg,2,False,False,95136497,"[1.0, 1.4142135623730951]"
images/custom/john_honey/high/D/custom_john_honey_high_D_0.jpg,4,True,True,98829622,"[1.0, 1.0, 1.4142135623730951, 2.23606797749979]"
images/custom/john_honey/high/D/custom_john_honey_high_D_1.jpg,4,True,True,102445569,"[1.0, 1.0, 1.4142135623730951, 2.23606797749979]"
images/custom/john_honey/high/D/custom_john_honey_high_D_2.jpg,4,True,True,101440327,"[0.0, 1.4142135623730951, 2.0, 2.0]"
images/custom/john_honey/high/D/custom_john_honey_high_D_3.jpg,4,True,True,101066915,"[0.0, 1.0, 1.4142135623730951, 1.4142135623730951]"
images/custom/john_honey/high/D/custom_john_honey_high_D_4.jpg,4,True,True,97257443,"[1.0, 1.0, 2.0, 2.23606797749979]"
images/custom/john_honey/medium/A/custom_john_honey_medium_A_0.jpg,4,True,True,100818859,"[0.0, 1.0, 1.0, 1.0]"
images/custom/john_honey/medium/A/custom_john_honey_medium_A_1.jpg,4,True,True,109251215,"[0.0, 1.0, 1.0, 1.4142135623730951]"
images/custom/john_honey/medium/A/custom_john_honey_medium_A_2.jpg,4,True,True,101960785,"[0.0, 0.0, 1.0, 1.4142135623730951]"
images/custom/john_honey/medium/A/custom_john_honey_medium_A_3.jpg,5,False,False,100949245,"[1.0, 1.4142135623730951, 1.4142135623730951, 2.0, 396.92064698123227]"
images/custom/john_honey/medium/A/custom_john_honey_medium_A_4.jpg,4,True,True,103689889,"[1.0, 1.0, 1.4142135623730951, 1.4142135623730951]"
images/custom/john_honey/medium/B/custom_john_honey_medium_B_0.jpg,5,False,False,106976977,"[1.0, 1.0, 1.0, 4.0, 367.03405836516043]"
images/custom/john_honey/medium/B/custom_john_honey_medium_B_1.jpg,4,True,True,102397115,"[1.0, 1.0, 2.23606797749979, 4.123105625617661]"
images/custom/john_honey/medium/B/custom_john_honey_medium_B_2.jpg,4,True,True,101334481,"[0.0, 1.4142135623730951, 2.23606797749979, 3.605551275463989]"
images/custom/john_honey/medium/B/custom_john_honey_medium_B_3.jpg,4,True,True,101255536,"[1.0, 1.0, 2.0, 2.8284271247461903]"
images/custom/john_honey/medium/B/custom_john_honey_medium_B_4.jpg,4,True,True,104280121,"[1.0, 1.4142135623730951, 2.23606797749979, 3.1622776601683795]"
images/custom/john_honey/medium/C/custom_john_honey_medium_C_0.jpg,2,False,False,105855273,"[1.0, 1.4142135623730951]"
images/custom/john_honey/medium/C/custom_john_honey_medium_C_1.jpg,2,False,False,103974499,"[1.0, 1.4142135623730951]"
images/custom/john_honey/medium/C/custom_john_honey_medium_C_2.jpg,2,False,False,104982116,"[1.0, 1.4142135623730951]"
images/custom/john_honey/medium/C/custom_john_honey_medium_C_3.jpg,2,False,False,108303665,"[1.0, 1.4142135623730951]"
images/custom/john_honey/medium/C/custom_john_honey_medium_C_4.jpg,2,False,False,101702892,"[1.0, 1.0]"
images/custom/john_honey/medium/D/custom_john_honey_medium_D_0.jpg,4,True,True,103018754,"[0.0, 1.0, 1.4142135623730951, 2.23606797749979]"
images/custom/john_honey/medium/D/custom_john_honey_medium_D_1.jpg,4,True,True,104400607,"[0.0, 1.0, 1.4142135623730951, 1.4142135623730951]"
images/custom/john_honey/medium/D/custom_john_honey_medium_D_2.jpg,4,True,True,104995648,"[0.0, 1.4142135623730951, 1.4142135623730951, 1.4142135623730951]"
images/custom/john_honey/medium/D/custom_john_honey_medium_D_3.jpg,4,True,True,103847149,"[1.0, 1.0, 1.0, 2.23606797749979]"
images/custom/john_honey/medium/D/custom_john_honey_medium_D_4.jpg,4,True,True,100306661,"[1.0, 1.4142135623730951, 1.4142135623730951, 2.23606797749979]"
images/custom/john_honey/short/A/custom_john_honey_short_A_0.jpg,5,False,False,100971624,"[0.0, 1.0, 1.4142135623730951, 2.0, 592.669385070631]"
images/custom/john_honey/short/A/custom_john_honey_short_A_1.jpg,5,False,False,108412020,"[1.4142135623730951, 2.23606797749979, 2.23606797749979, 3.0, 344.28040896920055]"
images/custom/john_honey/short/A/custom_john_honey_short_A_2.jpg,5,False,False,109436551,"[1.0, 1.0, 1.4142135623730951, 2.0, 511.2973694436536]"
images/custom/john_honey/short/A/custom_john_honey_short_A_3.jpg,4,True,True,110625172,"[1.0, 1.4142135623730951, 2.0, 2.0]"
images/custom/john_honey/short/A/custom_john_honey_short_A_4.jpg,4,True,True,102514569,"[0.0, 1.4142135623730951, 2.23606797749979, 2.23606797749979]"
images/custom/john_honey/short/B/custom_john_honey_short_B_0.jpg,5,False,False,111088963,"[1.0, 1.0, 2.23606797749979, 2.23606797749979, 546.2600113499066]"
images/custom/john_honey/short/B/custom_john_honey_short_B_1.jpg,4,True,True,107873243,"[1.0, 2.0, 2.23606797749979, 3.0]"
images/custom/john_honey/short/B/custom_john_honey_short_B_2.jpg,4,True,True,107719933,"[0.0, 1.0, 1.4142135623730951, 1.4142135623730951]"
images/custom/john_honey/short/B/custom_john_honey_short_B_3.jpg,4,True,True,106542343,"[1.0, 1.0, 1.0, 3.0]"
images/custom/john_honey/short/B/custom_john_honey_short_B_4.jpg,4,True,True,105225622,"[1.0, 1.0, 1.0, 3.0]"
images/custom/john_honey/short/C/custom_john_honey_short_C_0.jpg,3,False,False,112188093,"[1.4142135623730951, 2.8284271247461903, 506.0039525537325]"
images/custom/john_honey/short/C/custom_john_honey_short_C_1.jpg,2,False,False,104454688,"[1.0, 2.23606797749979]"
images/custom/john_honey/short/C/custom_john_honey_short_C_2.jpg,3,False,False,110271152,"[1.0, 4.123105625617661, 358.75479090877656]"
images/custom/john_honey/short/C/custom_john_honey_short_C_3.jpg,2,False,False,112714384,"[1.0, 2.0]"
images/custom/john_honey/short/C/custom_john_honey_short_C_4.jpg,2,False,False,102428782,"[1.4142135623730951, 1.4142135623730951]"
images/custom/john_honey/short/D/custom_john_honey_short_D_0.jpg,4,True,True,111940223,"[0.0, 1.0, 1.4142135623730951, 2.23606797749979]"
images/custom/john_honey/short/D/custom_john_honey_short_D_1.jpg,5,False,False,104307778,"[1.0, 1.0, 1.4142135623730951, 1.4142135623730951, 427.8469352467071]"
images/custom/john_honey/short/D/custom_john_honey_short_D_2.jpg,4,True,True,110077515,"[0.0, 1.4142135623730951, 1.4142135623730951, 2.23606797749979]"
images/custom/john_honey/short/D/custom_john_honey_short_D_3.jpg,4,True,True,103910944,"[0.0, 1.4142135623730951, 1.4142135623730951, 2.0]"
images/custom/john_honey/short/D/custom_john_honey_short_D_4.jpg,4,True,True,101097341,"[0.0, 1.0, 1.0, 1.4142135623730951]"
images/custom/michaels/high/A/custom_michaels_high_A_0.jpg,2,False,False,79163291,"[0.0, 0.0]"
images/custom/michaels/high/A/custom_michaels_high_A_1.jpg,2,False,False,84510406,"[1.0, 1.0]"
images/custom/michaels/high/A/custom_michaels_high_A_2.jpg,4,True,True,85977018,"[1.0, 1.0, 1.4142135623730951, 1.4142135623730951]"
images/custom/michaels/high/A/custom_michaels_high_A_3.jpg,5,False,False,93074769,"[0.0, 1.0, 1.0, 1.0, 166.85922210054798]"
images/custom/michaels/high/A/custom_michaels_high_A_4.jpg,4,True,True,83944796,"[0.0, 1.4142135623730951, 1.4142135623730951, 2.0]"
images/custom/michaels/high/B/custom_michaels_high_B_0.jpg,7,False,False,95875990,"[0.0, 1.0, 2.8284271247461903, 3.605551275463989, 114.54256850621083, 943.7059923514314, 954.1388787802329]"
images/custom/michaels/high/B/custom_michaels_high_B_1.jpg,5,False,False,81479516,"[1.0, 1.0, 1.4142135623730951, 2.0, 107.33592129385204]"
images/custom/michaels/high/B/custom_michaels_high_B_2.jpg,4,True,True,83732721,"[1.0, 1.4142135623730951, 1.4142135623730951, 2.23606797749979]"
images/custom/michaels/high/B/custom_michaels_high_B_3.jpg,4,True,False,86444784,"[1.0, 3.1622776601683795, 4.123105625617661, 354.0903839417275]"
images/custom/michaels/high/B/custom_michaels_high_B_4.jpg,5,False,False,90516915,"[0.0, 1.0, 1.4142135623730951, 2.0, 892.3866874847473]"
images/custom/michaels/high/C/custom_michaels_high_C_0.jpg,4,True,False,95736518,"[1.4142135623730951, 2.23606797749979, 245.7356303021603, 795.9095425989061]"
images/custom/michaels/high/C/custom_michaels_high_C_1.jpg,3,False,False,91796357,"[0.0, 1.0, 183.69812192834198]"
images/custom/michaels/high/C/custom_michaels_high_C_2.jpg,2,False,False,86654697,"[1.0, 1.0]"
images/custom/michaels/high/C/custom_michaels_high_C_3.jpg,2,False,False,84266161,"[1.0, 1.4142135623730951]"
images/custom/michaels/high/C/custom_michaels_high_C_4.jpg,2,False,False,76347709,"[1.0, 2.23606797749979]"
images/custom/michaels/high/D/custom_michaels_high_D_0.jpg,5,False,False,86843792,"[0.0, 0.0, 0.0, 1.4142135623730951, 175.31685600648902]"
images/custom/michaels/high/D/custom_michaels_high_D_1.jpg,4,True,True,88439523,"[1.0, 1.0, 1.4142135623730951, 2.23606797749979]"
images/custom/michaels/high/D/custom_michaels_high_D_2.jpg,4,True,False,83700238,"[1.0, 1.0, 1.0, 5.0]"
images/custom/michaels/high/D/custom_michaels_high_D_3.jpg,3,False,False,82987490,"[1.0, 2.23606797749979, 3.1622776601683795]"
images/custom/michaels/high/D/custom_michaels_high_D_4.jpg,3,False,False,80740228,"[1.0, 1.4142135623730951, 5.0]"
images/custom/michaels/medium/A/custom_michaels_medium_A_0.jpg,4,True,True,96196856,"[0.0, 1.4142135623730951, 2.0, 2.23606797749979]"
images/custom/michaels/medium/A/custom_michaels_medium_A_1.jpg,4,True,False,96005870,"[0.0, 1.0, 117.01709276853532, 227.86399452304877]"
images/custom/michaels/medium/A/custom_michaels_medium_A_2.jpg,4,True,True,86052579,"[1.0, 1.4142135623730951, 1.4142135623730951, 3.0]"
images/custom/michaels/medium/A/custom_michaels_medium_A_3.jpg,4,True,True,106237433,"[1.0, 1.0, 2.0, 2.23606797749979]"
images/custom/michaels/medium/A/custom_michaels_medium_A_4.jpg,3,False,False,90792487,"[0.0, 1.0, 1.4142135623730951]"
images/custom/michaels/medium/B/custom_michaels_medium_B_0.jpg,4,True,True,95734353,"[1.0, 1.0, 1.0, 1.4142135623730951]"
images/custom/michaels/medium/B/custom_michaels_medium_B_1.jpg,4,True,False,95279583,"[0.0, 1.4142135623730951, 2.8284271247461903, 11.180339887498949]"
images/custom/michaels/medium/B/custom_michaels_medium_B_2.jpg,5,False,False,90364173,"[0.0, 1.4142135623730951, 2.23606797749979, 2.23606797749979, 238.72997298202839]"
images/custom/michaels/medium/B/custom_michaels_medium_B_3.jpg,5,False,False,96672817,"[0.0, 1.0, 1.4142135623730951, 2.23606797749979, 227.89910048089263]"
images/custom/michaels/medium/B/custom_michaels_medium_B_4.jpg,4,True,True,91666855,"[1.0, 1.0, 1.4142135623730951, 2.0]"
images/custom/michaels/medium/C/custom_michaels_medium_C_0.jpg,1,False,False,92340362,[1.0]
images/custom/michaels/medium/C/custom_michaels_medium_C_1.jpg,2,False,False,96982600,"[1.0, 2.23606797749979]"
images/custom/michaels/medium/C/custom_michaels_medium_C_2.jpg,3,False,False,96543357,"[2.23606797749979, 4.123105625617661, 139.5313584826006]"
images/custom/michaels/medium/C/custom_michaels_medium_C_3.jpg,2,False,False,97997870,"[1.4142135623730951, 5.0990195135927845]"
images/custom/michaels/medium/C/custom_michaels_medium_C_4.jpg,2,False,False,88574049,"[0.0, 1.4142135623730951]"
images/custom/michaels/medium/D/custom_michaels_medium_D_0.jpg,4,True,False,95218200,"[1.0, 1.0, 1.0, 7.615773105863909]"
images/custom/michaels/medium/D/custom_michaels_medium_D_1.jpg,4,True,True,91612895,"[0.0, 0.0, 1.4142135623730951, 2.23606797749979]"
images/custom/michaels/medium/D/custom_michaels_medium_D_2.jpg,4,True,True,93320803,"[0.0, 0.0, 1.0, 1.4142135623730951]"
images/custom/michaels/medium/D/custom_michaels_medium_D_3.jpg,4,True,True,97584495,"[1.0, 1.0, 1.4142135623730951, 1.4142135623730951]"
images/custom/michaels/medium/D/custom_michaels_medium_D_4.jpg,4,True,True,91655525,"[0.0, 1.0, 1.4142135623730951, 2.23606797749979]"
images/custom/michaels/short/A/custom_michaels_short_A_0.jpg,4,True,True,92995969,"[1.0, 1.0, 1.0, 2.23606797749979]"
images/custom/michaels/short/A/custom_michaels_short_A_1.jpg,4,True,True,96235965,"[0.0, 1.0, 1.4142135623730951, 1.4142135623730951]"
images/custom/michaels/short/A/custom_michaels_short_A_2.jpg,4,True,True,93879708,"[0.0, 1.4142135623730951, 1.4142135623730951, 2.0]"
images/custom/michaels/short/A/custom_michaels_short_A_3.jpg,5,False,False,93393585,"[1.0, 2.23606797749979, 2.23606797749979, 2.23606797749979, 148.60013458944107]"
images/custom/michaels/short/A/custom_michaels_short_A_4.jpg,4,True,True,95992138,"[1.0, 1.4142135623730951, 2.23606797749979, 2.23606797749979]"
images/custom/michaels/short/B/custom_michaels_short_B_0.jpg,3,False,False,97134891,"[1.0, 1.4142135623730951, 6.0]"
images/custom/michaels/short/B/custom_michaels_short_B_1.jpg,4,True,True,98204800,"[1.0, 1.0, 2.23606797749979, 2.8284271247461903]"
images/custom/michaels/short/B/custom_michaels_short_B_2.jpg,4,True,True,96653664,"[0.0, 1.4142135623730951, 1.4142135623730951, 2.0]"
images/custom/michaels/short/B/custom_michaels_short_B_3.jpg,3,False,False,95446745,"[1.4142135623730951, 2.0, 4.123105625617661]"
images/custom/michaels/short/B/custom_michaels_short_B_4.jpg,3,False,False,94182691,"[1.4142135623730951, 2.0, 2.8284271247461903]"
images/custom/michaels/short/C/custom_michaels_short_C_0.jpg,2,False,False,91829154,"[0.0, 1.4142135623730951]"
images/custom/michaels/short/C/custom_michaels_short_C_1.jpg,2,False,False,91309351,"[1.0, 1.0]"
images/custom/michaels/short/C/custom_michaels_short_C_2.jpg,2,False,False,91680782,"[1.0, 1.0]"
images/custom/michaels/short/C/custom_michaels_short_C_3.jpg,1,False,False,93803384,[1.4142135623730951]
images/custom/michaels/short/C/custom_michaels_short_C_4.jpg,3,False,False,87098543,"[1.0, 1.4142135623730951, 793.0983545563564]"
images/custom/michaels/short/D/custom_michaels_short_D_0.jpg,4,True,False,93445893,"[1.4142135623730951, 2.0, 2.0, 9.486832980505138]"
images/custom/michaels/short/D/custom_michaels_short_D_1.jpg,4,True,True,91836498,"[1.0, 1.4142135623730951, 1.4142135623730951, 3.605551275463989]"
images/custom/michaels/short/D/custom_michaels_short_D_2.jpg,4,True,True,93187147,"[0.0, 2.0, 2.23606797749979, 2.23606797749979]"
images/custom/michaels/short/D/custom_michaels_short_D_3.jpg,4,True,True,95885110,"[1.4142135623730951, 1.4142135623730951, 1.4142135623730951, 3.0]"
images/custom/michaels/short/D/custom_michaels_short_D_4.jpg,4,True,True,92282601,"[0.0, 1.0, 2.0, 3.0]"
images/dark/davids/high/A/dark_davids_high_A_0.jpg,2,False,False,91907737,"[1.0, 1.0]"
images/dark/davids/high/A/dark_davids_high_A_1.jpg,1,False,False,91583640,[2.23606797749979]
images/dark/davids/high/A/dark_davids_high_A_2.jpg,4,True,False,91124898,"[0.0, 1.0, 1.0, 151.90786681406595]"
images/dark/davids/high/A/dark_davids_high_A_3.jpg,4,True,False,93927298,"[1.4142135623730951, 2.23606797749979, 2.23606797749979, 210.61813787041228]"
images/dark/davids/high/A/dark_davids_high_A_4.jpg,4,True,False,88378380,"[1.0, 1.0, 1.4142135623730951, 819.1825193447429]"
images/dark/davids/high/B/dark_davids_high_B_0.jpg,4,True,True,100107944,"[1.0, 1.0, 1.0, 1.0]"
images/dark/davids/high/B/dark_davids_high_B_1.jpg,4,True,True,90517425,"[1.0, 2.0, 2.0, 2.23606797749979]"
images/dark/davids/high/B/dark_davids_high_B_2.jpg,4,True,True,94702921,"[1.0, 1.0, 1.0, 2.23606797749979]"
images/dark/davids/high/B/dark_davids_high_B_3.jpg,5,False,False,93327217,"[1.0, 1.4142135623730951, 2.0, 2.23606797749979, 318.3111685128249]"
images/dark/davids/high/B/dark_davids_high_B_4.jpg,4,True,True,89582790,"[1.0, 1.4142135623730951, 1.4142135623730951, 1.4142135623730951]"
images/dark/davids/high/C/dark_davids_high_C_0.jpg,3,False,False,88778972,"[0.0, 1.4142135623730951, 2.23606797749979]"
images/dark/davids/high/C/dark_davids_high_C_1.jpg,3,False,False,95036587,"[0.0, 1.0, 1.4142135623730951]"
images/dark/davids/high/C/dark_davids_high_C_2.jpg,3,False,False,88070704,"[0.0, 1.0, 1.4142135623730951]"
images/dark/davids/high/C/dark_davids_high_C_3.jpg,3,False,False,93144034,"[1.0, 1.0, 2.0]"
images/dark/davids/high/C/dark_davids_high_C_4.jpg,3,False,False,91052736,"[1.0, 1.0, 2.0]"
images/dark/davids/high/D/dark_davids_high_D_0.jpg,1,False,False,95394801,[0.0]
images/dark/davids/high/D/dark_davids_high_D_1.jpg,1,False,False,96866430,[0.0]
images/dark/davids/high/D/dark_davids_high_D_2.jpg,1,False,False,95445332,[1.4142135623730951]
images/dark/davids/high/D/dark_davids_high_D_3.jpg,2,False,False,99621160,"[1.0, 235.64804263986576]"
images/dark/davids/high/D/dark_davids_high_D_4.jpg,1,False,False,90747762,[1.4142135623730951]
images/dark/davids/medium/A/dark_davids_medium_A_0.jpg,3,False,False,93926847,"[1.0, 1.4142135623730951, 2.23606797749979]"
images/dark/davids/medium/A/dark_davids_medium_A_1.jpg,3,False,False,106278067,"[1.0, 1.0, 1.4142135623730951]"
images/dark/davids/medium/A/dark_davids_medium_A_2.jpg,3,False,False,104846267,"[1.0, 1.0, 2.0]"
images/dark/davids/medium/A/dark_davids_medium_A_3.jpg,4,True,False,109259598,"[1.0, 2.23606797749979, 2.23606797749979, 397.7235220602372]"
images/dark/davids/medium/A/dark_davids_medium_A_4.jpg,3,False,False,88159111,"[1.4142135623730951, 1.4142135623730951, 2.23606797749979]"
images/dark/davids/medium/B/dark_davids_medium_B_0.jpg,6,False,False,92181533,"[1.0, 1.0, 1.4142135623730951, 2.0, 614.6494936140434, 671.1519947076072]"
images/dark/davids/medium/B/dark_davids_medium_B_1.jpg,6,False,False,99444375,"[1.0, 1.0, 2.0, 2.23606797749979, 474.911570716065, 543.3415132308593]"
images/dark/davids/medium/B/dark_davids_medium_B_2.jpg,7,False,False,94559435,"[1.4142135623730951, 1.4142135623730951, 2.0, 2.23606797749979, 470.8046303935423, 539.3922505932023, 647.6241193778997]"
images/dark/davids/medium/B/dark_davids_medium_B_3.jpg,6,False,False,97490118,"[1.4142135623730951, 1.4142135623730951, 1.4142135623730951, 2.23606797749979, 470.73665674132496, 539.3922505932023]"
images/dark/davids/medium/B/dark_davids_medium_B_4.jpg,6,False,False,90649159,"[1.0, 1.0, 1.4142135623730951, 2.23606797749979, 520.2547452931112, 589.6007123469238]"
images/dark/davids/medium/C/dark_davids_medium_C_0.jpg,4,True,False,93520695,"[0.0, 1.0, 1.4142135623730951, 919.6956018161661]"
images/dark/davids/medium/C/dark_davids_medium_C_1.jpg,3,False,False,94067019,"[1.0, 1.4142135623730951, 2.0]"
images/dark/davids/medium/C/dark_davids_medium_C_2.jpg,3,False,False,92450898,"[1.0, 1.0, 3.605551275463989]"
images/dark/davids/medium/C/dark_davids_medium_C_3.jpg,3,False,False,96035169,"[1.4142135623730951, 1.4142135623730951, 2.0]"
images/dark/davids/medium/C/dark_davids_medium_C_4.jpg,2,False,False,86065741,"[1.0, 1.4142135623730951]"
images/dark/davids/medium/D/dark_davids_medium_D_0.jpg,2,False,False,92509850,"[2.23606797749979, 590.0]"
images/dark/davids/medium/D/dark_davids_medium_D_1.jpg,2,False,False,91500116,"[1.0, 586.8466579950848]"
images/dark/davids/medium/D/dark_davids_medium_D_2.jpg,2,False,False,94217338,"[3.1622776601683795, 431.6132528085763]"
images/dark/davids/medium/D/dark_davids_medium_D_3.jpg,2,False,False,95705863,"[1.0, 435.15744277215344]"
images/dark/davids/medium/D/dark_davids_medium_D_4.jpg,2,False,False,92538211,"[1.0, 733.6163847679521]"
images/dark/davids/short/A/dark_davids_short_A_0.jpg,3,False,False,91436175,"[1.0, 2.0, 2.23606797749979]"
images/dark/davids/short/A/dark_davids_short_A_1.jpg,3,False,False,92866563,"[1.4142135623730951, 2.0, 2.0]"
images/dark/davids/short/A/dark_davids_short_A_2.jpg,3,False,False,95149271,"[1.0, 2.23606797749979, 3.1622776601683795]"
images/dark/davids/short/A/dark_davids_short_A_3.jpg,3,False,False,112683559,"[1.4142135623730951, 2.0, 4.0]"
images/dark/davids/short/A/dark_davids_short_A_4.jpg,3,False,False,91742327,"[1.0, 1.4142135623730951, 2.0]"
images/dark/davids/short/B/dark_davids_short_B_0.jpg,4,True,True,99648476,"[1.4142135623730951, 1.4142135623730951, 2.0, 3.605551275463989]"
images/dark/davids/short/B/dark_davids_short_B_1.jpg,5,False,False,96528914,"[1.0, 1.4142135623730951, 1.4142135623730951, 1.4142135623730951, 470.1063709417263]"
images/dark/davids/short/B/dark_davids_short_B_2.jpg,3,False,False,92557397,"[1.4142135623730951, 2.0, 3.1622776601683795]"
images/dark/davids/short/B/dark_davids_short_B_3.jpg,4,True,True,92439457,"[1.0, 1.4142135623730951, 3.0, 3.0]"
images/dark/davids/short/B/dark_davids_short_B_4.jpg,4,True,True,91844049,"[0.0, 1.0, 1.0, 2.23606797749979]"
images/dark/davids/short/C/dark_davids_short_C_0.jpg,3,False,False,92678997,"[1.4142135623730951, 1.4142135623730951, 2.23606797749979]"
images/dark/davids/short/C/dark_davids_short_C_1.jpg,3,False,False,94125318,"[1.0, 1.4142135623730951, 2.23606797749979]"
images/dark/davids/short/C/dark_davids_short_C_2.jpg,2,False,False,93042024,"[2.23606797749979, 3.1622776601683795]"
images/dark/davids/short/C/dark_davids_short_C_3.jpg,2,False,False,116816039,"[0.0, 1.4142135623730951]"
images/dark/davids/short/C/dark_davids_short_C_4.jpg,3,False,False,92452183,"[1.0, 2.23606797749979, 3.0]"
images/dark/davids/short/D/dark_davids_short_D_0.jpg,1,False,False,98273215,[1.0]
images/dark/davids/short/D/dark_davids_short_D_1.jpg,2,False,False,99028111,"[3.605551275463989, 122.11879462228572]"
images/dark/davids/short/D/dark_davids_short_D_2.jpg,1,False,False,91546445,[2.0]
images/dark/davids/short/D/dark_davids_short_D_3.jpg,1,False,False,90995739,[3.605551275463989]
images/dark/davids/short/D/dark_davids_short_D_4.jpg,1,False,False,89339459,[3.0]
images/dark/jack_cole/high/A/dark_jack_cole_high_A_0.jpg,3,False,False,88164748,"[0.0, 1.4142135623730951, 2.0]"
images/dark/jack_cole/high/A/dark_jack_cole_high_A_1.jpg,3,False,False,85380608,"[1.0, 1.4142135623730951, 2.23606797749979]"
images/dark/jack_cole/high/A/dark_jack_cole_high_A_2.jpg,4,True,False,85199659,"[0.0, 1.0, 3.1622776601683795, 187.9627622695517]"
images/dark/jack_cole/high/A/dark_jack_cole_high_A_3.jpg,4,True,False,87530116,"[0.0, 1.0, 1.0, 428.22540793371894]"
images/dark/jack_cole/high/A/dark_jack_cole_high_A_4.jpg,3,False,False,87740703,"[1.0, 1.4142135623730951, 2.23606797749979]"
images/dark/jack_cole/high/B/dark_jack_cole_high_B_0.jpg,4,True,True,92777230,"[1.0, 1.0, 1.0, 1.0]"
images/dark/jack_cole/high/B/dark_jack_cole_high_B_1.jpg,3,False,False,88136796,"[1.0, 1.4142135623730951, 2.0]"
images/dark/jack_cole/high/B/dark_jack_cole_high_B_2.jpg,4,True,True,87655005,"[1.0, 1.0, 2.0, 2.23606797749979]"
images/dark/jack_cole/high/B/dark_jack_cole_high_B_3.jpg,4,True,True,87402027,"[1.0, 1.0, 1.0, 3.0]"
images/dark/jack_cole/high/B/dark_jack_cole_high_B_4.jpg,4,True,True,83871358,"[1.0, 1.0, 1.0, 1.4142135623730951]"
images/dark/jack_cole/high/C/dark_jack_cole_high_C_0.jpg,4,True,False,87575006,"[1.0, 1.0, 1.4142135623730951, 315.49643421122846]"
images/dark/jack_cole/high/C/dark_jack_cole_high_C_1.jpg,3,False,False,89155056,"[1.0, 1.0, 1.4142135623730951]"
images/dark/jack_cole/high/C/dark_jack_cole_high_C_2.jpg,4,True,False,92108476,"[0.0, 2.23606797749979, 2.23606797749979, 329.460164511584]"
images/dark/jack_cole/high/C/dark_jack_cole_high_C_3.jpg,4,True,False,88237758,"[1.0, 1.4142135623730951, 2.23606797749979, 327.38509434609267]"
images/dark/jack_cole/high/C/dark_jack_cole_high_C_4.jpg,3,False,False,86118240,"[1.4142135623730951, 2.23606797749979, 2.23606797749979]"
images/dark/jack_cole/high/D/dark_jack_cole_high_D_0.jpg,1,False,False,87862653,[2.0]
images/dark/jack_cole/high/D/dark_jack_cole_high_D_1.jpg,1,False,False,82414216,[1.4142135623730951]
images/dark/jack_cole/high/D/dark_jack_cole_high_D_2.jpg,1,False,False,84634406,[1.0]
images/dark/jack_cole/high/D/dark_jack_cole_high_D_3.jpg,1,False,False,84586219,[1.0]
images/dark/jack_cole/high/D/dark_jack_cole_high_D_4.jpg,1,False,False,87865267,[1.4142135623730951]
images/dark/jack_cole/medium/A/dark_jack_cole_medium_A_0.jpg,3,False,False,90057999,"[1.0, 1.0, 2.23606797749979]"
images/dark/jack_cole/medium/A/dark_jack_cole_medium_A_1.jpg,3,False,False,91039642,"[2.23606797749979, 2.23606797749979, 2.8284271247461903]"
images/dark/jack_cole/medium/A/dark_jack_cole_medium_A_2.jpg,3,False,False,87313754,"[1.0, 1.4142135623730951, 3.0]"
images/dark/jack_cole/medium/A/dark_jack_cole_medium_A_3.jpg,2,False,False,88133643,"[0.0, 2.23606797749979]"
images/dark/jack_cole/medium/A/dark_jack_cole_medium_A_4.jpg,3,False,False,84577118,"[0.0, 0.0, 1.0]"
images/dark/jack_cole/medium/B/dark_jack_cole_medium_B_0.jpg,4,True,True,87078742,"[1.4142135623730951, 1.4142135623730951, 2.23606797749979, 3.0]"
images/dark/jack_cole/medium/B/dark_jack_cole_medium_B_1.jpg,5,False,False,83778691,"[1.0, 1.4142135623730951, 2.0, 2.23606797749979, 252.7152547829276]"
images/dark/jack_cole/medium/B/dark_jack_cole_medium_B_2.jpg,4,True,True,85992627,"[1.0, 2.0, 2.0, 2.23606797749979]"
images/dark/jack_cole/medium/B/dark_jack_cole_medium_B_3.jpg,3,False,False,86740407,"[0.0, 2.23606797749979, 2.8284271247461903]"
images/dark/jack_cole/medium/B/dark_jack_cole_medium_B_4.jpg,4,True,True,89546254,"[1.0, 1.4142135623730951, 1.4142135623730951, 3.605551275463989]"
images/dark/jack_cole/medium/C/dark_jack_cole_medium_C_0.jpg,4,True,False,88080060,"[0.0, 1.0, 1.4142135623730951, 751.5217894379377]"
images/dark/jack_cole/medium/C/dark_jack_cole_medium_C_1.jpg,4,True,False,84035678,"[1.0, 1.4142135623730951, 1.4142135623730951, 210.71782079359116]"
images/dark/jack_cole/medium/C/dark_jack_cole_medium_C_2.jpg,3,False,False,88573166,"[1.0, 1.0, 3.1622776601683795]"
images/dark/jack_cole/medium/C/dark_jack_cole_medium_C_3.jpg,3,False,False,93063947,"[0.0, 2.0, 3.0]"
images/dark/jack_cole/medium/C/dark_jack_cole_medium_C_4.jpg,3,False,False,91152735,"[1.0, 3.0, 3.0]"
images/dark/jack_cole/medium/D/dark_jack_cole_medium_D_0.jpg,1,False,False,93520502,[2.0]
images/dark/jack_cole/medium/D/dark_jack_cole_medium_D_1.jpg,1,False,False,94906192,[0.0]
images/dark/jack_cole/medium/D/dark_jack_cole_medium_D_2.jpg,1,False,False,92264545,[1.0]
images/dark/jack_cole/medium/D/dark_jack_cole_medium_D_3.jpg,1,False,False,91422998,[1.0]
images/dark/jack_cole/medium/D/dark_jack_cole_medium_D_4.jpg,1,False,False,82048219,[1.0]
images/dark/jack_cole/short/A/dark_jack_cole_short_A_0.jpg,3,False,False,80325057,"[0.0, 1.4142135623730951, 2.0]"
images/dark/jack_cole/short/A/dark_jack_cole_short_A_1.jpg,4,True,False,84228666,"[0.0, 1.0, 2.23606797749979, 452.0]"
images/dark/jack_cole/short/A/dark_jack_cole_short_A_2.jpg,3,False,False,84548088,"[1.0, 1.4142135623730951, 3.605551275463989]"
images/dark/jack_cole/short/A/dark_jack_cole_short_A_3.jpg,3,False,False,86572964,"[0.0, 2.23606797749979, 2.23606797749979]"
images/dark/jack_cole/short/A/dark_jack_cole_short_A_4.jpg,3,False,False,80092082,"[1.4142135623730951, 2.23606797749979, 2.23606797749979]"
images/dark/jack_cole/short/B/dark_jack_cole_short_B_0.jpg,7,False,False,88341061,"[1.4142135623730951, 2.0, 2.23606797749979, 3.1622776601683795, 275.04545078950133, 293.48253781102545, 318.3535770177555]"
images/dark/jack_cole/short/B/dark_jack_cole_short_B_1.jpg,5,False,False,86508438,"[1.4142135623730951, 2.23606797749979, 2.8284271247461903, 3.0, 370.06080581439585]"
images/dark/jack_cole/short/B/dark_jack_cole_short_B_2.jpg,4,True,True,85457884,"[1.4142135623730951, 1.4142135623730951, 1.4142135623730951, 2.8284271247461903]"
images/dark/jack_cole/short/B/dark_jack_cole_short_B_3.jpg,6,False,False,87761372,"[1.0, 1.0, 1.0, 1.4142135623730951, 372.5385886052611, 482.55362396318196]"
images/dark/jack_cole/short/B/dark_jack_cole_short_B_4.jpg,4,True,True,84931853,"[1.0, 1.4142135623730951, 2.23606797749979, 2.23606797749979]"
images/dark/jack_cole/short/C/dark_jack_cole_short_C_0.jpg,3,False,False,91004656,"[1.4142135623730951, 2.0, 2.23606797749979]"
images/dark/jack_cole/short/C/dark_jack_cole_short_C_1.jpg,3,False,False,87183070,"[1.0, 2.23606797749979, 2.8284271247461903]"
images/dark/jack_cole/short/C/dark_jack_cole_short_C_2.jpg,3,False,False,82202277,"[1.0, 1.4142135623730951, 1.4142135623730951]"
images/dark/jack_cole/short/C/dark_jack_cole_short_C_3.jpg,3,False,False,91329034,"[1.0, 1.0, 1.0]"
images/dark/jack_cole/short/C/dark_jack_cole_short_C_4.jpg,3,False,False,84654104,"[1.0, 1.0, 4.123105625617661]"
images/dark/jack_cole/short/D/dark_jack_cole_short_D_0.jpg,1,False,False,88980225,[3.1622776601683795]
images/dark/jack_cole/short/D/dark_jack_cole_short_D_1.jpg,1,False,False,88695774,[3.0]
images/dark/jack_cole/short/D/dark_jack_cole_short_D_2.jpg,2,False,False,87963151,"[1.4142135623730951, 315.5724956329369]"
images/dark/jack_cole/short/D/dark_jack_cole_short_D_3.jpg,1,False,False,90593875,[1.0]
images/dark/jack_cole/short/D/dark_jack_cole_short_D_4.jpg,1,False,False,84881077,[2.23606797749979]
images/dark/john_honey/high/A/dark_john_honey_high_A_0.jpg,3,False,False,101555472,"[0.0, 1.0, 2.23606797749979]"
images/dark/john_honey/high/A/dark_john_honey_high_A_1.jpg,3,False,False,105671202,"[1.4142135623730951, 1.4142135623730951, 10.295630140987]"
images/dark/john_honey/high/A/dark_john_honey_high_A_2.jpg,3,False,False,101094775,"[1.4142135623730951, 2.0, 2.8284271247461903]"
images/dark/john_honey/high/A/dark_john_honey_high_A_3.jpg,3,False,False,106401968,"[1.4142135623730951, 2.23606797749979, 2.8284271247461903]"
images/dark/john_honey/high/A/dark_john_honey_high_A_4.jpg,3,False,False,103542750,"[0.0, 1.0, 2.23606797749979]"
images/dark/john_honey/high/B/dark_john_honey_high_B_0.jpg,4,True,True,105179989,"[0.0, 1.0, 1.0, 1.4142135623730951]"
images/dark/john_honey/high/B/dark_john_honey_high_B_1.jpg,4,True,True,103284541,"[0.0, 1.0, 2.23606797749979, 2.8284271247461903]"
images/dark/john_honey/high/B/dark_john_honey_high_B_2.jpg,4,True,True,108964886,"[1.4142135623730951, 2.0, 2.23606797749979, 2.23606797749979]"
images/dark/john_honey/high/B/dark_john_honey_high_B_3.jpg,4,True,True,106756877,"[1.0, 1.4142135623730951, 2.0, 3.1622776601683795]"
images/dark/john_honey/high/B/dark_john_honey_high_B_4.jpg,4,True,True,98131060,"[1.4142135623730951, 1.4142135623730951, 2.0, 3.1622776601683795]"
images/dark/john_honey/high/C/dark_john_honey_high_C_0.jpg,3,False,False,102179661,"[0.0, 1.0, 1.4142135623730951]"
images/dark/john_honey/high/C/dark_john_honey_high_C_1.jpg,3,False,False,108733687,"[1.0, 1.0, 1.4142135623730951]"
images/dark/john_honey/high/C/dark_john_honey_high_C_2.jpg,3,False,False,102631230,"[1.0, 1.4142135623730951, 2.8284271247461903]"
images/dark/john_honey/high/C/dark_john_honey_high_C_3.jpg,3,False,False,106846130,"[1.0, 2.0, 2.23606797749979]"
images/dark/john_honey/high/C/dark_john_honey_high_C_4.jpg,3,False,False,101845607,"[1.0, 1.4142135623730951, 1.4142135623730951]"
images/dark/john_honey/high/D/dark_john_honey_high_D_0.jpg,1,False,False,102745474,[1.0]
images/dark/john_honey/high/D/dark_john_honey_high_D_1.jpg,1,False,False,102482623,[1.0]
images/dark/john_honey/high/D/dark_john_honey_high_D_2.jpg,2,False,False,104139157,"[2.23606797749979, 185.1944923587092]"
images/dark/john_honey/high/D/dark_john_honey_high_D_3.jpg,1,False,False,98165281,[1.4142135623730951]
images/dark/john_honey/high/D/dark_john_honey_high_D_4.jpg,1,False,False,100903016,[2.23606797749979]
images/dark/john_honey/medium/A/dark_john_honey_medium_A_0.jpg,3,False,False,99104729,"[1.4142135623730951, 2.23606797749979, 2.8284271247461903]"
images/dark/john_honey/medium/A/dark_john_honey_medium_A_1.jpg,3,False,False,105116412,"[1.0, 2.0, 2.23606797749979]"
images/dark/john_honey/medium/A/dark_john_honey_medium_A_2.jpg,4,True,False,101600567,"[0.0, 1.0, 2.0, 181.7470770053813]"
images/dark/john_honey/medium/A/dark_john_honey_medium_A_3.jpg,3,False,False,103711956,"[1.0, 1.4142135623730951, 3.1622776601683795]"
images/dark/john_honey/medium/A/dark_john_honey_medium_A_4.jpg,3,False,False,101469713,"[1.0, 1.0, 1.0]"
images/dark/john_honey/medium/B/dark_john_honey_medium_B_0.jpg,4,True,True,105320655,"[1.0, 1.0, 2.0, 2.23606797749979]"
images/dark/john_honey/medium/B/dark_john_honey_medium_B_1.jpg,5,False,False,100867465,"[0.0, 1.0, 2.23606797749979, 2.23606797749979, 208.02163349036562]"
images/dark/john_honey/medium/B/dark_john_honey_medium_B_2.jpg,6,False,False,106089035,"[0.0, 1.0, 1.4142135623730951, 2.0, 91.7877987534291, 176.61823235442031]"
images/dark/john_honey/medium/B/dark_john_honey_medium_B_3.jpg,4,True,True,105088816,"[1.0, 1.0, 2.0, 2.23606797749979]"
images/dark/john_honey/medium/B/dark_john_honey_medium_B_4.jpg,4,True,True,106087522,"[0.0, 0.0, 2.23606797749979, 2.23606797749979]"
images/dark/john_honey/medium/C/dark_john_honey_medium_C_0.jpg,3,False,False,100138673,"[1.0, 1.0, 1.0]"
images/dark/john_honey/medium/C/dark_john_honey_medium_C_1.jpg,3,False,False,105599806,"[1.4142135623730951, 1.4142135623730951, 2.23606797749979]"
images/dark/john_honey/medium/C/dark_john_honey_medium_C_2.jpg,3,False,False,104080358,"[1.0, 1.0, 2.0]"
images/dark/john_honey/medium/C/dark_john_honey_medium_C_3.jpg,3,False,False,102434091,"[0.0, 1.0, 2.0]"
images/dark/john_honey/medium/C/dark_john_honey_medium_C_4.jpg,3,False,False,100206292,"[2.23606797749979, 2.23606797749979, 2.23606797749979]"
images/dark/john_honey/medium/D/dark_john_honey_medium_D_0.jpg,1,False,False,102313912,[2.23606797749979]
images/dark/john_honey/medium/D/dark_john_honey_medium_D_1.jpg,1,False,False,102181235,[1.4142135623730951]
images/dark/john_honey/medium/D/dark_john_honey_medium_D_2.jpg,1,False,False,95942496,[1.4142135623730951]
images/dark/john_honey/medium/D/dark_john_honey_medium_D_3.jpg,1,False,False,97205924,[2.23606797749979]
images/dark/john_honey/medium/D/dark_john_honey_medium_D_4.jpg,1,False,False,96837773,[1.0]
images/dark/john_honey/short/A/dark_john_honey_short_A_0.jpg,5,False,False,99401284,"[1.4142135623730951, 3.1622776601683795, 3.1622776601683795, 189.52836199366047, 510.10685155171166]"
images/dark/john_honey/short/A/dark_john_honey_short_A_1.jpg,4,True,False,101265281,"[0.0, 1.0, 3.605551275463989, 465.6533045088373]"
images/dark/john_honey/short/A/dark_john_honey_short_A_2.jpg,3,False,False,98810707,"[0.0, 1.4142135623730951, 1.4142135623730951]"
images/dark/john_honey/short/A/dark_john_honey_short_A_3.jpg,2,False,False,97283670,"[2.0, 3.0]"
images/dark/john_honey/short/A/dark_john_honey_short_A_4.jpg,3,False,False,93355662,"[1.4142135623730951, 1.4142135623730951, 2.23606797749979]"
images/dark/john_honey/short/B/dark_john_honey_short_B_0.jpg,4,True,True,99593471,"[0.0, 1.0, 2.23606797749979, 2.23606797749979]"
images/dark/john_honey/short/B/dark_john_honey_short_B_1.jpg,5,False,False,99282735,"[1.4142135623730951, 1.4142135623730951, 2.23606797749979, 2.8284271247461903, 213.5158073773462]"
images/dark/john_honey/short/B/dark_john_honey_short_B_2.jpg,2,False,False,94202143,"[1.0, 2.23606797749979]"
images/dark/john_honey/short/B/dark_john_honey_short_B_3.jpg,2,False,False,107590261,"[1.0, 2.23606797749979]"
images/dark/john_honey/short/B/dark_john_honey_short_B_4.jpg,4,True,True,99182235,"[1.0, 1.0, 1.0, 1.4142135623730951]"
images/dark/john_honey/short/C/dark_john_honey_short_C_0.jpg,5,False,False,101695965,"[1.0, 1.0, 1.4142135623730951, 94.02127418834527, 242.52834885843757]"
images/dark/john_honey/short/C/dark_john_honey_short_C_1.jpg,4,True,False,103121639,"[0.0, 1.0, 1.0, 260.20376630633154]"
images/dark/john_honey/short/C/dark_john_honey_short_C_2.jpg,3,False,False,96539452,"[0.0, 1.4142135623730951, 2.23606797749979]"
images/dark/john_honey/short/C/dark_john_honey_short_C_3.jpg,3,False,False,112998302,"[1.4142135623730951, 2.23606797749979, 2.23606797749979]"
images/dark/john_honey/short/C/dark_john_honey_short_C_4.jpg,3,False,False,102986909,"[2.0, 2.8284271247461903, 4.0]"
images/dark/john_honey/short/D/dark_john_honey_short_D_0.jpg,1,False,False,110905648,[1.0]
images/dark/john_honey/short/D/dark_john_honey_short_D_1.jpg,1,False,False,113843210,[0.0]
images/dark/john_honey/short/D/dark_john_honey_short_D_2.jpg,1,False,False,109049255,[0.0]
images/dark/john_honey/short/D/dark_john_honey_short_D_3.jpg,2,False,False,101136587,"[2.0, 74.33034373659252]"
images/dark/john_honey/short/D/dark_john_honey_short_D_4.jpg,1,False,False,106669131,[2.23606797749979]
images/dark/michaels/high/A/dark_michaels_high_A_0.jpg,5,False,False,96794044,"[1.0, 1.4142135623730951, 3.1622776601683795, 838.084721254361, 907.0435491198865]"
images/dark/michaels/high/A/dark_michaels_high_A_1.jpg,4,True,False,95253545,"[0.0, 1.0, 2.23606797749979, 287.6421387766403]"
images/dark/michaels/high/A/dark_michaels_high_A_2.jpg,3,False,False,94216406,"[0.0, 1.0, 2.0]"
images/dark/michaels/high/A/dark_michaels_high_A_3.jpg,4,True,False,93162664,"[1.0, 1.4142135623730951, 2.23606797749979, 244.0327846827143]"
images/dark/michaels/high/A/dark_michaels_high_A_4.jpg,3,False,False,87648857,"[1.0, 1.4142135623730951, 1.4142135623730951]"
images/dark/michaels/high/B/dark_michaels_high_B_0.jpg,4,True,True,94702136,"[1.0, 1.0, 2.23606797749979, 3.1622776601683795]"
images/dark/michaels/high/B/dark_michaels_high_B_1.jpg,4,True,True,91719005,"[0.0, 1.0, 1.0, 2.23606797749979]"
images/dark/michaels/high/B/dark_michaels_high_B_2.jpg,4,True,True,94748007,"[1.0, 2.0, 2.0, 2.23606797749979]"
images/dark/michaels/high/B/dark_michaels_high_B_3.jpg,4,True,True,89705118,"[1.0, 1.0, 2.23606797749979, 3.1622776601683795]"
images/dark/michaels/high/B/dark_michaels_high_B_4.jpg,4,True,True,91039483,"[0.0, 1.4142135623730951, 2.0, 2.23606797749979]"
images/dark/michaels/high/C/dark_michaels_high_C_0.jpg,3,False,False,89474776,"[0.0, 1.0, 2.0]"
images/dark/michaels/high/C/dark_michaels_high_C_1.jpg,3,False,False,89573180,"[1.0, 1.4142135623730951, 2.23606797749979]"
images/dark/michaels/high/C/dark_michaels_high_C_2.jpg,3,False,False,90590166,"[1.0, 2.0, 2.23606797749979]"
images/dark/michaels/high/C/dark_michaels_high_C_3.jpg,3,False,False,95169106,"[1.0, 1.4142135623730951, 2.0]"
images/dark/michaels/high/C/dark_michaels_high_C_4.jpg,3,False,False,84951940,"[0.0, 2.0, 2.0]"
images/dark/michaels/high/D/dark_michaels_high_D_0.jpg,1,False,False,92603247,[3.0]
images/dark/michaels/high/D/dark_michaels_high_D_1.jpg,1,False,False,95037576,[2.0]
images/dark/michaels/high/D/dark_michaels_high_D_2.jpg,1,False,False,94575259,[3.0]
images/dark/michaels/high/D/dark_michaels_high_D_3.jpg,1,False,False,96896214,[2.23606797749979]
images/dark/michaels/high/D/dark_michaels_high_D_4.jpg,1,False,False,89827849,[1.4142135623730951]
images/dark/michaels/medium/A/dark_michaels_medium_A_0.jpg,2,False,False,97957945,"[0.0, 1.0]"
images/dark/michaels/medium/A/dark_michaels_medium_A_1.jpg,2,False,False,100130372,"[1.4142135623730951, 7.0710678118654755]"
images/dark/michaels/medium/A/dark_michaels_medium_A_2.jpg,3,False,False,98815734,"[2.0, 3.0, 3.1622776601683795]"
images/dark/michaels/medium/A/dark_michaels_medium_A_3.jpg,3,False,False,98467044,"[0.0, 2.23606797749979, 2.23606797749979]"
images/dark/michaels/medium/A/dark_michaels_medium_A_4.jpg,3,False,False,87219076,"[1.4142135623730951, 2.23606797749979, 2.23606797749979]"
images/dark/michaels/medium/B/dark_michaels_medium_B_0.jpg,3,False,False,94710014,"[2.0, 2.23606797749979, 2.23606797749979]"
images/dark/michaels/medium/B/dark_michaels_medium_B_1.jpg,3,False,False,99231685,"[0.0, 2.0, 3.0]"
images/dark/michaels/medium/B/dark_michaels_medium_B_2.jpg,4,True,False,97026969,"[2.8284271247461903, 2.8284271247461903, 5.0, 199.7298175035465]"
images/dark/michaels/medium/B/dark_michaels_medium_B_3.jpg,3,False,False,92985089,"[1.0, 2.8284271247461903, 3.0]"
images/dark/michaels/medium/B/dark_michaels_medium_B_4.jpg,3,False,False,89609177,"[1.4142135623730951, 2.0, 6.082762530298219]"
images/dark/michaels/medium/C/dark_michaels_medium_C_0.jpg,3,False,False,95805291,"[1.0, 1.0, 1.0]"
images/dark/michaels/medium/C/dark_michaels_medium_C_1.jpg,3,False,False,99481554,"[0.0, 1.4142135623730951, 2.23606797749979]"
images/dark/michaels/medium/C/dark_michaels_medium_C_2.jpg,3,False,False,95033021,"[0.0, 1.0, 1.4142135623730951]"
images/dark/michaels/medium/C/dark_michaels_medium_C_3.jpg,2,False,False,100243601,"[1.4142135623730951, 2.0]"
images/dark/michaels/medium/C/dark_michaels_medium_C_4.jpg,3,False,False,91751897,"[1.0, 3.0, 8.06225774829855]"
images/dark/michaels/medium/D/dark_michaels_medium_D_0.jpg,1,False,False,98075955,[2.0]
images/dark/michaels/medium/D/dark_michaels_medium_D_1.jpg,2,False,False,90731090,"[1.4142135623730951, 356.38181771801993]"
images/dark/michaels/medium/D/dark_michaels_medium_D_2.jpg,1,False,False,99219927,[1.4142135623730951]
images/dark/michaels/medium/D/dark_michaels_medium_D_3.jpg,2,False,False,100367802,"[1.4142135623730951, 143.1258187749506]"
images/dark/michaels/medium/D/dark_michaels_medium_D_4.jpg,1,False,False,93012109,[2.0]
images/dark/michaels/short/A/dark_michaels_short_A_0.jpg,3,False,False,97450325,"[0.0, 1.0, 2.8284271247461903]"
images/dark/michaels/short/A/dark_michaels_short_A_1.jpg,2,False,False,97134688,"[1.4142135623730951, 2.0]"
images/dark/michaels/short/A/dark_michaels_short_A_2.jpg,2,False,False,95998577,"[1.0, 2.0]"
images/dark/michaels/short/A/dark_michaels_short_A_3.jpg,2,False,False,90576013,"[1.4142135623730951, 3.1622776601683795]"
images/dark/michaels/short/A/dark_michaels_short_A_4.jpg,2,False,False,96299475,"[2.23606797749979, 2.8284271247461903]"
images/dark/michaels/short/B/dark_michaels_short_B_0.jpg,4,True,True,99269757,"[1.0, 2.23606797749979, 3.1622776601683795, 4.242640687119285]"
images/dark/michaels/short/B/dark_michaels_short_B_1.jpg,4,True,True,97436716,"[1.4142135623730951, 2.23606797749979, 3.0, 3.1622776601683795]"
images/dark/michaels/short/B/dark_michaels_short_B_2.jpg,4,True,True,95095488,"[1.4142135623730951, 1.4142135623730951, 1.4142135623730951, 1.4142135623730951]"
images/dark/michaels/short/B/dark_michaels_short_B_3.jpg,4,True,True,96132712,"[0.0, 1.0, 1.4142135623730951, 3.1622776601683795]"
images/dark/michaels/short/B/dark_michaels_short_B_4.jpg,4,True,True,91152211,"[0.0, 1.4142135623730951, 2.0, 2.23606797749979]"
images/dark/michaels/short/C/dark_michaels_short_C_0.jpg,3,False,False,94099810,"[1.4142135623730951, 2.0, 3.0]"
images/dark/michaels/short/C/dark_michaels_short_C_1.jpg,3,False,False,99644909,"[2.8284271247461903, 2.8284271247461903, 3.0]"
images/dark/michaels/short/C/dark_michaels_short_C_2.jpg,3,False,False,94092750,"[0.0, 2.0, 2.23606797749979]"
images/dark/michaels/short/C/dark_michaels_short_C_3.jpg,4,True,False,102656857,"[0.0, 1.4142135623730951, 2.23606797749979, 372.1464765384727]"
images/dark/michaels/short/C/dark_michaels_short_C_4.jpg,3,False,False,89328263,"[0.0, 1.0, 1.0]"
images/dark/michaels/short/D/dark_michaels_short_D_0.jpg,1,False,False,94984269,[1.4142135623730951]
images/dark/michaels/short/D/dark_michaels_short_D_1.jpg,1,False,False,98665461,[3.1622776601683795]
images/dark/michaels/short/D/dark_michaels_short_D_2.jpg,1,False,False,99173297,[2.0]
images/dark/michaels/short/D/dark_michaels_short_D_3.jpg,2,False,False,99385002,"[2.0, 274.5214017157861]"
images/dark/michaels/short/D/dark_michaels_short_D_4.jpg,1,False,False,91039485,[1.4142135623730951]
