,0,1,2,3,4
images/custom/davids/high/A/custom_davids_high_A_0.jpg,4,True,True,86685686,"[0.0, 0.0, 1.0, 1.0]"
images/custom/davids/high/A/custom_davids_high_A_1.jpg,4,True,True,87650034,"[1.0, 1.0, 1.0, 2.23606797749979]"
images/custom/davids/high/A/custom_davids_high_A_2.jpg,4,True,True,81131921,"[0.0, 1.0, 1.4142135623730951, 1.4142135623730951]"
images/custom/davids/high/A/custom_davids_high_A_3.jpg,4,True,True,86160312,"[1.0, 1.0, 2.0, 2.23606797749979]"
images/custom/davids/high/A/custom_davids_high_A_4.jpg,4,True,True,82622368,"[1.0, 1.0, 1.4142135623730951, 2.0]"
images/custom/davids/high/B/custom_davids_high_B_0.jpg,4,True,True,90232709,"[1.0, 1.0, 1.4142135623730951, 2.23606797749979]"
images/custom/davids/high/B/custom_davids_high_B_1.jpg,4,True,True,89713475,"[0.0, 1.0, 1.4142135623730951, 2.23606797749979]"
images/custom/davids/high/B/custom_davids_high_B_2.jpg,4,True,True,89896647,"[1.0, 1.0, 1.4142135623730951, 2.0]"
images/custom/davids/high/B/custom_davids_high_B_3.jpg,4,True,True,91597369,"[1.0, 1.0, 1.4142135623730951, 1.4142135623730951]"
images/custom/davids/high/B/custom_davids_high_B_4.jpg,4,True,True,78237442,"[1.0, 2.0, 2.0, 2.23606797749979]"
images/custom/davids/high/C/custom_davids_high_C_0.jpg,3,False,False,83427593,"[0.0, 1.4142135623730951, 2.8284271247461903]"
images/custom/davids/high/C/custom_davids_high_C_1.jpg,3,False,False,90008851,"[0.0, 1.0, 1.0]"
images/custom/davids/high/C/custom_davids_high_C_2.jpg,3,False,False,88632376,"[0.0, 0.0, 1.0]"
images/custom/davids/high/C/custom_davids_high_C_3.jpg,4,True,True,82975909,"[1.0, 1.0, 1.0, 2.0]"
images/custom/davids/high/C/custom_davids_high_C_4.jpg,4,True,True,82071422,"[1.4142135623730951, 1.4142135623730951, 2.0, 2.23606797749979]"
images/custom/davids/high/D/custom_davids_high_D_0.jpg,4,True,True,86057578,"[1.4142135623730951, 1.4142135623730951, 1.4142135623730951, 2.23606797749979]"
images/custom/davids/high/D/custom_davids_high_D_1.jpg,4,True,True,89392419,"[0.0, 1.0, 1.0, 1.4142135623730951]"
images/custom/davids/high/D/custom_davids_high_D_2.jpg,4,True,True,95595276,"[1.0, 1.4142135623730951, 2.23606797749979, 2.23606797749979]"
images/custom/davids/high/D/custom_davids_high_D_3.jpg,4,True,True,86878344,"[0.0, 1.0, 1.0, 1.4142135623730951]"
images/custom/davids/high/D/custom_davids_high_D_4.jpg,4,True,True,78654484,"[1.0, 1.0, 2.0, 2.23606797749979]"
images/custom/davids/medium/A/custom_davids_medium_A_0.jpg,4,True,True,84735333,"[1.0, 1.0, 1.0, 1.4142135623730951]"
images/custom/davids/medium/A/custom_davids_medium_A_1.jpg,4,True,True,87268657,"[1.0, 2.0, 2.0, 2.23606797749979]"
images/custom/davids/medium/A/custom_davids_medium_A_2.jpg,4,True,True,84412426,"[1.4142135623730951, 1.4142135623730951, 2.23606797749979, 2.23606797749979]"
images/custom/davids/medium/A/custom_davids_medium_A_3.jpg,4,True,True,94521400,"[0.0, 1.0, 1.4142135623730951, 2.0]"
images/custom/davids/medium/A/custom_davids_medium_A_4.jpg,4,True,True,83500522,"[0.0, 1.4142135623730951, 2.0, 2.8284271247461903]"
images/custom/davids/medium/B/custom_davids_medium_B_0.jpg,4,True,True,89152653,"[0.0, 1.0, 2.23606797749979, 2.23606797749979]"
images/custom/davids/medium/B/custom_davids_medium_B_1.jpg,4,True,True,90313615,"[0.0, 0.0, 1.4142135623730951, 2.23606797749979]"
images/custom/davids/medium/B/custom_davids_medium_B_2.jpg,4,True,True,95617947,"[0.0, 1.0, 1.0, 1.4142135623730951]"
images/custom/davids/medium/B/custom_davids_medium_B_3.jpg,4,True,True,93898103,"[0.0, 0.0, 1.0, 1.4142135623730951]"
images/custom/davids/medium/B/custom_davids_medium_B_4.jpg,4,True,True,85243132,"[0.0, 1.0, 1.0, 1.0]"
images/custom/davids/medium/C/custom_davids_medium_C_0.jpg,4,True,True,84792686,"[1.0, 1.4142135623730951, 1.4142135623730951, 2.23606797749979]"
images/custom/davids/medium/C/custom_davids_medium_C_1.jpg,4,True,True,84254477,"[1.0, 1.0, 1.4142135623730951, 2.23606797749979]"
images/custom/davids/medium/C/custom_davids_medium_C_2.jpg,4,True,False,85236186,"[0.0, 1.0, 2.0, 7.810249675906654]"
images/custom/davids/medium/C/custom_davids_medium_C_3.jpg,4,True,True,84927356,"[1.4142135623730951, 1.4142135623730951, 2.23606797749979, 2.23606797749979]"
images/custom/davids/medium/C/custom_davids_medium_C_4.jpg,4,True,True,84090228,"[1.0, 1.0, 1.4142135623730951, 1.4142135623730951]"
images/custom/davids/medium/D/custom_davids_medium_D_0.jpg,4,True,True,84933961,"[1.4142135623730951, 1.4142135623730951, 2.23606797749979, 2.23606797749979]"
images/custom/davids/medium/D/custom_davids_medium_D_1.jpg,4,True,True,86515987,"[1.0, 1.0, 2.23606797749979, 2.23606797749979]"
images/custom/davids/medium/D/custom_davids_medium_D_2.jpg,4,True,True,88251052,"[0.0, 1.0, 1.4142135623730951, 3.0]"
images/custom/davids/medium/D/custom_davids_medium_D_3.jpg,4,True,True,87748920,"[1.0, 1.0, 1.0, 2.23606797749979]"
images/custom/davids/medium/D/custom_davids_medium_D_4.jpg,4,True,True,85001289,"[0.0, 1.0, 1.0, 1.0]"
images/custom/davids/short/A/custom_davids_short_A_0.jpg,3,False,False,85519659,"[1.0, 1.0, 1.4142135623730951]"
images/custom/davids/short/A/custom_davids_short_A_1.jpg,4,True,True,89146734,"[1.0, 1.4142135623730951, 2.23606797749979, 2.23606797749979]"
images/custom/davids/short/A/custom_davids_short_A_2.jpg,2,False,False,89857767,"[1.0, 3.1622776601683795]"
images/custom/davids/short/A/custom_davids_short_A_3.jpg,4,True,True,94830640,"[0.0, 1.0, 1.4142135623730951, 2.0]"
images/custom/davids/short/A/custom_davids_short_A_4.jpg,2,False,False,86671292,"[2.8284271247461903, 2.8284271247461903]"
images/custom/davids/short/B/custom_davids_short_B_0.jpg,6,False,False,97096058,"[1.0, 1.0, 1.4142135623730951, 3.0, 345.3519943477958, 365.08766070630213]"
images/custom/davids/short/B/custom_davids_short_B_1.jpg,4,True,True,99210464,"[0.0, 1.0, 1.0, 2.23606797749979]"
images/custom/davids/short/B/custom_davids_short_B_2.jpg,4,True,True,94551917,"[0.0, 1.0, 1.0, 2.23606797749979]"
images/custom/davids/short/B/custom_davids_short_B_3.jpg,4,True,True,83106374,"[1.0, 1.0, 1.4142135623730951, 2.0]"
images/custom/davids/short/B/custom_davids_short_B_4.jpg,3,False,False,87721367,"[0.0, 1.0, 2.0]"
images/custom/davids/short/C/custom_davids_short_C_0.jpg,3,False,False,88281638,"[1.0, 2.0, 2.8284271247461903]"
images/custom/davids/short/C/custom_davids_short_C_1.jpg,3,False,False,85863101,"[0.0, 0.0, 2.0]"
images/custom/davids/short/C/custom_davids_short_C_2.jpg,5,False,False,87913969,"[1.0, 2.0, 3.0, 301.77143668677456, 342.6601815209932]"
images/custom/davids/short/C/custom_davids_short_C_3.jpg,2,False,False,91663471,"[1.0, 2.23606797749979]"
images/custom/davids/short/C/custom_davids_short_C_4.jpg,4,True,True,87841633,"[0.0, 1.4142135623730951, 2.23606797749979, 2.23606797749979]"
images/custom/davids/short/D/custom_davids_short_D_0.jpg,4,True,True,86065504,"[0.0, 0.0, 1.0, 1.4142135623730951]"
images/custom/davids/short/D/custom_davids_short_D_1.jpg,4,True,True,93454400,"[0.0, 1.0, 1.4142135623730951, 2.23606797749979]"
images/custom/davids/short/D/custom_davids_short_D_2.jpg,4,True,True,91460360,"[0.0, 0.0, 0.0, 1.0]"
images/custom/davids/short/D/custom_davids_short_D_3.jpg,3,False,False,88018746,"[0.0, 1.0, 1.0]"
images/custom/davids/short/D/custom_davids_short_D_4.jpg,4,True,True,86764286,"[1.0, 1.0, 1.0, 1.0]"
images/custom/jack_cole/high/A/custom_jack_cole_high_A_0.jpg,4,True,True,74978241,"[0.0, 1.4142135623730951, 2.0, 2.23606797749979]"
images/custom/jack_cole/high/A/custom_jack_cole_high_A_1.jpg,4,True,True,72987297,"[0.0, 1.0, 1.0, 2.23606797749979]"
images/custom/jack_cole/high/A/custom_jack_cole_high_A_2.jpg,4,True,True,77575630,"[1.4142135623730951, 1.4142135623730951, 1.4142135623730951, 2.0]"
images/custom/jack_cole/high/A/custom_jack_cole_high_A_3.jpg,4,True,True,79323724,"[1.0, 1.0, 1.0, 1.4142135623730951]"
images/custom/jack_cole/high/A/custom_jack_cole_high_A_4.jpg,4,True,True,73698409,"[0.0, 1.0, 2.23606797749979, 2.23606797749979]"
images/custom/jack_cole/high/B/custom_jack_cole_high_B_0.jpg,4,True,True,77864002,"[1.0, 1.0, 1.0, 1.0]"
images/custom/jack_cole/high/B/custom_jack_cole_high_B_1.jpg,4,True,True,75133151,"[1.0, 1.4142135623730951, 1.4142135623730951, 1.4142135623730951]"
images/custom/jack_cole/high/B/custom_jack_cole_high_B_2.jpg,4,True,True,80707212,"[1.0, 1.4142135623730951, 2.23606797749979, 2.23606797749979]"
images/custom/jack_cole/high/B/custom_jack_cole_high_B_3.jpg,4,True,True,82470088,"[0.0, 1.0, 1.4142135623730951, 1.4142135623730951]"
images/custom/jack_cole/high/B/custom_jack_cole_high_B_4.jpg,4,True,True,72710288,"[1.0, 1.0, 1.0, 1.0]"
images/custom/jack_cole/high/C/custom_jack_cole_high_C_0.jpg,3,False,False,79232880,"[1.4142135623730951, 2.0, 2.23606797749979]"
images/custom/jack_cole/high/C/custom_jack_cole_high_C_1.jpg,3,False,False,74879699,"[1.0, 1.0, 1.4142135623730951]"
images/custom/jack_cole/high/C/custom_jack_cole_high_C_2.jpg,3,False,False,77343617,"[0.0, 1.0, 2.23606797749979]"
images/custom/jack_cole/high/C/custom_jack_cole_high_C_3.jpg,3,False,False,79912403,"[1.0, 2.23606797749979, 2.23606797749979]"
images/custom/jack_cole/high/C/custom_jack_cole_high_C_4.jpg,3,False,False,75289171,"[0.0, 1.0, 1.0]"
images/custom/jack_cole/high/D/custom_jack_cole_high_D_0.jpg,4,True,True,82108653,"[1.4142135623730951, 2.0, 2.23606797749979, 2.23606797749979]"
images/custom/jack_cole/high/D/custom_jack_cole_high_D_1.jpg,4,True,True,74480210,"[0.0, 1.0, 2.0, 2.23606797749979]"
images/custom/jack_cole/high/D/custom_jack_cole_high_D_2.jpg,4,True,True,75622698,"[1.0, 1.4142135623730951, 1.4142135623730951, 2.23606797749979]"
images/custom/jack_cole/high/D/custom_jack_cole_high_D_3.jpg,4,True,True,82672418,"[1.0, 2.23606797749979, 2.23606797749979, 2.23606797749979]"
images/custom/jack_cole/high/D/custom_jack_cole_high_D_4.jpg,4,True,True,74890727,"[1.0, 1.0, 1.4142135623730951, 2.0]"
images/custom/jack_cole/medium/A/custom_jack_cole_medium_A_0.jpg,4,True,True,81650213,"[1.0, 1.0, 1.4142135623730951, 2.0]"
images/custom/jack_cole/medium/A/custom_jack_cole_medium_A_1.jpg,4,True,True,83270441,"[1.0, 2.23606797749979, 2.23606797749979, 3.0]"
images/custom/jack_cole/medium/A/custom_jack_cole_medium_A_2.jpg,4,True,True,80144922,"[1.0, 1.0, 1.0, 1.4142135623730951]"
images/custom/jack_cole/medium/A/custom_jack_cole_medium_A_3.jpg,4,True,True,84506298,"[0.0, 0.0, 1.4142135623730951, 2.23606797749979]"
images/custom/jack_cole/medium/A/custom_jack_cole_medium_A_4.jpg,4,True,True,75759936,"[1.0, 1.4142135623730951, 2.0, 2.23606797749979]"
images/custom/jack_cole/medium/B/custom_jack_cole_medium_B_0.jpg,4,True,True,81184200,"[1.0, 1.4142135623730951, 1.4142135623730951, 1.4142135623730951]"
images/custom/jack_cole/medium/B/custom_jack_cole_medium_B_1.jpg,4,True,True,84088825,"[0.0, 1.0, 2.23606797749979, 2.23606797749979]"
images/custom/jack_cole/medium/B/custom_jack_cole_medium_B_2.jpg,4,True,True,84595298,"[1.0, 2.0, 2.0, 2.23606797749979]"
images/custom/jack_cole/medium/B/custom_jack_cole_medium_B_3.jpg,4,True,True,81186149,"[2.23606797749979, 2.23606797749979, 2.23606797749979, 3.0]"
images/custom/jack_cole/medium/B/custom_jack_cole_medium_B_4.jpg,4,True,True,74602054,"[1.0, 1.0, 2.23606797749979, 2.23606797749979]"
images/custom/jack_cole/medium/C/custom_jack_cole_medium_C_0.jpg,4,True,True,77666553,"[1.0, 1.4142135623730951, 2.8284271247461903, 4.123105625617661]"
images/custom/jack_cole/medium/C/custom_jack_cole_medium_C_1.jpg,4,True,True,80821088,"[0.0, 1.0, 2.8284271247461903, 3.0]"
images/custom/jack_cole/medium/C/custom_jack_cole_medium_C_2.jpg,3,False,False,79899240,"[1.0, 1.0, 1.0]"
images/custom/jack_cole/medium/C/custom_jack_cole_medium_C_3.jpg,4,True,True,81207841,"[2.0, 2.0, 2.23606797749979, 2.23606797749979]"
images/custom/jack_cole/medium/C/custom_jack_cole_medium_C_4.jpg,3,False,False,78087692,"[1.4142135623730951, 2.23606797749979, 2.8284271247461903]"
images/custom/jack_cole/medium/D/custom_jack_cole_medium_D_0.jpg,4,True,True,81483166,"[2.0, 2.0, 2.0, 2.23606797749979]"
images/custom/jack_cole/medium/D/custom_jack_cole_medium_D_1.jpg,4,True,True,79995109,"[1.0, 1.0, 1.4142135623730951, 2.0]"
images/custom/jack_cole/medium/D/custom_jack_cole_medium_D_2.jpg,4,True,True,84860944,"[1.0, 1.4142135623730951, 2.0, 2.0]"
images/custom/jack_cole/medium/D/custom_jack_cole_medium_D_3.jpg,4,True,True,84127810,"[1.0, 1.4142135623730951, 1.4142135623730951, 2.23606797749979]"
images/custom/jack_cole/medium/D/custom_jack_cole_medium_D_4.jpg,4,True,True,78412410,"[1.0, 1.4142135623730951, 1.4142135623730951, 2.23606797749979]"
images/custom/jack_cole/short/A/custom_jack_cole_short_A_0.jpg,4,True,True,81656133,"[2.0, 2.23606797749979, 3.1622776601683795, 3.605551275463989]"
images/custom/jack_cole/short/A/custom_jack_cole_short_A_1.jpg,4,True,True,85028153,"[2.0, 2.23606797749979, 3.0, 3.0]"
images/custom/jack_cole/short/A/custom_jack_cole_short_A_2.jpg,4,True,True,83586404,"[0.0, 1.0, 1.4142135623730951, 1.4142135623730951]"
images/custom/jack_cole/short/A/custom_jack_cole_short_A_3.jpg,4,True,True,88719180,"[1.4142135623730951, 1.4142135623730951, 2.8284271247461903, 3.1622776601683795]"
images/custom/jack_cole/short/A/custom_jack_cole_short_A_4.jpg,4,True,True,84987661,"[1.4142135623730951, 2.23606797749979, 2.23606797749979, 3.605551275463989]"
images/custom/jack_cole/short/B/custom_jack_cole_short_B_0.jpg,4,True,True,83202955,"[1.0, 1.0, 2.0, 2.23606797749979]"
images/custom/jack_cole/short/B/custom_jack_cole_short_B_1.jpg,4,True,True,83317970,"[0.0, 1.0, 1.0, 2.0]"
images/custom/jack_cole/short/B/custom_jack_cole_short_B_2.jpg,3,False,False,84612750,"[1.0, 1.0, 1.4142135623730951]"
images/custom/jack_cole/short/B/custom_jack_cole_short_B_3.jpg,4,True,True,84203632,"[0.0, 1.0, 1.4142135623730951, 2.0]"
images/custom/jack_cole/short/B/custom_jack_cole_short_B_4.jpg,4,True,True,79736273,"[0.0, 1.4142135623730951, 1.4142135623730951, 2.23606797749979]"
images/custom/jack_cole/short/C/custom_jack_cole_short_C_0.jpg,4,True,True,85508258,"[1.0, 1.0, 1.0, 2.23606797749979]"
images/custom/jack_cole/short/C/custom_jack_cole_short_C_1.jpg,4,True,True,84387809,"[1.0, 1.0, 1.4142135623730951, 3.0]"
images/custom/jack_cole/short/C/custom_jack_cole_short_C_2.jpg,3,False,False,82566239,"[1.0, 2.0, 2.23606797749979]"
images/custom/jack_cole/short/C/custom_jack_cole_short_C_3.jpg,4,True,True,84516763,"[1.0, 2.0, 2.23606797749979, 3.1622776601683795]"
images/custom/jack_cole/short/C/custom_jack_cole_short_C_4.jpg,4,True,True,76204662,"[1.0, 2.8284271247461903, 2.8284271247461903, 3.0]"
images/custom/jack_cole/short/D/custom_jack_cole_short_D_0.jpg,4,True,True,82982010,"[1.0, 1.4142135623730951, 2.0, 2.23606797749979]"
images/custom/jack_cole/short/D/custom_jack_cole_short_D_1.jpg,4,True,True,79731424,"[0.0, 1.4142135623730951, 2.0, 2.23606797749979]"
images/custom/jack_cole/short/D/custom_jack_cole_short_D_2.jpg,4,True,True,86920325,"[1.0, 1.0, 1.4142135623730951, 2.23606797749979]"
images/custom/jack_cole/short/D/custom_jack_cole_short_D_3.jpg,3,False,False,82234691,"[2.23606797749979, 2.23606797749979, 3.1622776601683795]"
images/custom/jack_cole/short/D/custom_jack_cole_short_D_4.jpg,4,True,True,80354703,"[2.0, 2.23606797749979, 2.8284271247461903, 2.8284271247461903]"
images/custom/john_honey/high/A/custom_john_honey_high_A_0.jpg,4,True,True,94111019,"[0.0, 1.4142135623730951, 2.23606797749979, 3.0]"
images/custom/john_honey/high/A/custom_john_honey_high_A_1.jpg,4,True,True,99613021,"[1.4142135623730951, 1.4142135623730951, 1.4142135623730951, 2.23606797749979]"
images/custom/john_honey/high/A/custom_john_honey_high_A_2.jpg,5,False,False,94035420,"[0.0, 1.0, 1.4142135623730951, 1.4142135623730951, 658.7412238504586]"
images/custom/john_honey/high/A/custom_john_honey_high_A_3.jpg,5,False,False,94883508,"[0.0, 1.0, 2.23606797749979, 2.8284271247461903, 538.8524844519138]"
images/custom/john_honey/high/A/custom_john_honey_high_A_4.jpg,4,True,True,93997304,"[0.0, 1.0, 1.4142135623730951, 1.4142135623730951]"
images/custom/john_honey/high/B/custom_john_honey_high_B_0.jpg,5,False,False,90138762,"[1.0, 1.0, 2.0, 2.0, 613.5772160046362]"
images/custom/john_honey/high/B/custom_john_honey_high_B_1.jpg,4,True,True,86722314,"[0.0, 1.4142135623730951, 1.4142135623730951, 2.0]"
images/custom/john_honey/high/B/custom_john_honey_high_B_2.jpg,4,True,True,88121161,"[1.0, 2.0, 2.0, 3.1622776601683795]"
images/custom/john_honey/high/B/custom_john_honey_high_B_3.jpg,5,False,False,85025181,"[0.0, 1.4142135623730951, 2.0, 3.0, 622.9390018292321]"
images/custom/john_honey/high/B/custom_john_honey_high_B_4.jpg,4,True,True,86790933,"[1.0, 1.0, 1.0, 1.4142135623730951]"
images/custom/john_honey/high/C/custom_john_honey_high_C_0.jpg,3,False,False,89616673,"[1.0, 1.4142135623730951, 2.0]"
images/custom/john_honey/high/C/custom_john_honey_high_C_1.jpg,3,False,False,81515320,"[1.0, 1.0, 2.23606797749979]"
images/custom/john_honey/high/C/custom_john_honey_high_C_2.jpg,3,False,False,86612941,"[0.0, 0.0, 1.0]"
images/custom/john_honey/high/C/custom_john_honey_high_C_3.jpg,3,False,False,100528758,"[0.0, 1.0, 1.0]"
images/custom/john_honey/high/C/custom_john_honey_high_C_4.jpg,3,False,False,84678671,"[1.0, 1.4142135623730951, 1.4142135623730951]"
images/custom/john_honey/high/D/custom_john_honey_high_D_0.jpg,4,True,True,84122143,"[0.0, 1.0, 1.4142135623730951, 1.4142135623730951]"
images/custom/john_honey/high/D/custom_john_honey_high_D_1.jpg,4,True,True,85612963,"[1.0, 1.0, 1.0, 2.23606797749979]"
images/custom/john_honey/high/D/custom_john_honey_high_D_2.jpg,4,True,True,91730086,"[0.0, 1.0, 2.0, 2.23606797749979]"
images/custom/john_honey/high/D/custom_john_honey_high_D_3.jpg,3,False,False,88309983,"[1.0, 1.4142135623730951, 2.23606797749979]"
images/custom/john_honey/high/D/custom_john_honey_high_D_4.jpg,4,True,True,88647485,"[1.0, 1.0, 2.0, 2.23606797749979]"
images/custom/john_honey/medium/A/custom_john_honey_medium_A_0.jpg,4,True,True,88367359,"[0.0, 1.0, 1.0, 1.0]"
images/custom/john_honey/medium/A/custom_john_honey_medium_A_1.jpg,4,True,True,90694354,"[0.0, 1.0, 1.0, 1.4142135623730951]"
images/custom/john_honey/medium/A/custom_john_honey_medium_A_2.jpg,4,True,True,93438812,"[0.0, 0.0, 1.0, 1.4142135623730951]"
images/custom/john_honey/medium/A/custom_john_honey_medium_A_3.jpg,4,True,True,91942236,"[1.0, 1.4142135623730951, 1.4142135623730951, 2.0]"
images/custom/john_honey/medium/A/custom_john_honey_medium_A_4.jpg,4,True,True,85889489,"[1.0, 1.0, 1.4142135623730951, 1.4142135623730951]"
images/custom/john_honey/medium/B/custom_john_honey_medium_B_0.jpg,4,True,True,91038581,"[1.0, 1.0, 1.4142135623730951, 1.4142135623730951]"
images/custom/john_honey/medium/B/custom_john_honey_medium_B_1.jpg,3,False,False,87265900,"[1.0, 2.23606797749979, 231.21634890292685]"
images/custom/john_honey/medium/B/custom_john_honey_medium_B_2.jpg,4,True,True,90530745,"[0.0, 1.4142135623730951, 2.23606797749979, 2.23606797749979]"
images/custom/john_honey/medium/B/custom_john_honey_medium_B_3.jpg,4,True,True,86663704,"[0.0, 1.0, 2.0, 2.8284271247461903]"
images/custom/john_honey/medium/B/custom_john_honey_medium_B_4.jpg,4,True,True,96497087,"[1.0, 1.4142135623730951, 1.4142135623730951, 2.23606797749979]"
images/custom/john_honey/medium/C/custom_john_honey_medium_C_0.jpg,3,False,False,89281224,"[1.0, 1.4142135623730951, 1.4142135623730951]"
images/custom/john_honey/medium/C/custom_john_honey_medium_C_1.jpg,3,False,False,89090508,"[1.0, 1.4142135623730951, 1.4142135623730951]"
images/custom/john_honey/medium/C/custom_john_honey_medium_C_2.jpg,3,False,False,87924349,"[1.0, 1.4142135623730951, 2.0]"
images/custom/john_honey/medium/C/custom_john_honey_medium_C_3.jpg,2,False,False,85262761,"[1.4142135623730951, 2.0]"
images/custom/john_honey/medium/C/custom_john_honey_medium_C_4.jpg,3,False,False,85454236,"[1.0, 1.0, 1.0]"
images/custom/john_honey/medium/D/custom_john_honey_medium_D_0.jpg,4,True,True,89543675,"[0.0, 1.0, 1.4142135623730951, 2.23606797749979]"
images/custom/john_honey/medium/D/custom_john_honey_medium_D_1.jpg,4,True,True,87331370,"[0.0, 1.0, 1.4142135623730951, 1.4142135623730951]"
images/custom/john_honey/medium/D/custom_john_honey_medium_D_2.jpg,4,True,True,93603480,"[0.0, 1.0, 1.4142135623730951, 1.4142135623730951]"
images/custom/john_honey/medium/D/custom_john_honey_medium_D_3.jpg,4,True,True,90250600,"[0.0, 1.0, 1.0, 2.23606797749979]"
images/custom/john_honey/medium/D/custom_john_honey_medium_D_4.jpg,4,True,True,87674330,"[1.0, 1.4142135623730951, 2.23606797749979, 2.23606797749979]"
images/custom/john_honey/short/A/custom_john_honey_short_A_0.jpg,4,True,True,84891631,"[0.0, 1.0, 1.4142135623730951, 2.0]"
images/custom/john_honey/short/A/custom_john_honey_short_A_1.jpg,4,True,True,90276330,"[1.0, 1.4142135623730951, 2.23606797749979, 3.0]"
images/custom/john_honey/short/A/custom_john_honey_short_A_2.jpg,4,True,True,90400058,"[1.0, 1.0, 1.4142135623730951, 3.0]"
images/custom/john_honey/short/A/custom_john_honey_short_A_3.jpg,4,True,True,94366321,"[1.0, 1.4142135623730951, 2.0, 2.0]"
images/custom/john_honey/short/A/custom_john_honey_short_A_4.jpg,4,True,True,91375491,"[0.0, 1.4142135623730951, 2.23606797749979, 2.23606797749979]"
images/custom/john_honey/short/B/custom_john_honey_short_B_0.jpg,4,True,True,92352213,"[1.0, 1.0, 2.23606797749979, 2.23606797749979]"
images/custom/john_honey/short/B/custom_john_honey_short_B_1.jpg,4,True,True,92758968,"[1.0, 2.0, 2.0, 3.0]"
images/custom/john_honey/short/B/custom_john_honey_short_B_2.jpg,4,True,True,87311325,"[1.0, 1.0, 1.4142135623730951, 1.4142135623730951]"
images/custom/john_honey/short/B/custom_john_honey_short_B_3.jpg,4,True,True,90084942,"[1.0, 1.0, 1.0, 2.0]"
images/custom/john_honey/short/B/custom_john_honey_short_B_4.jpg,4,True,True,85021836,"[0.0, 1.0, 1.0, 1.4142135623730951]"
images/custom/john_honey/short/C/custom_john_honey_short_C_0.jpg,4,True,True,85065320,"[0.0, 1.4142135623730951, 1.4142135623730951, 2.0]"
images/custom/john_honey/short/C/custom_john_honey_short_C_1.jpg,4,True,True,86459251,"[0.0, 0.0, 1.0, 2.23606797749979]"
images/custom/john_honey/short/C/custom_john_honey_short_C_2.jpg,4,True,True,82627004,"[1.0, 1.0, 1.4142135623730951, 2.23606797749979]"
images/custom/john_honey/short/C/custom_john_honey_short_C_3.jpg,3,False,False,87974201,"[1.0, 1.4142135623730951, 2.0]"
images/custom/john_honey/short/C/custom_john_honey_short_C_4.jpg,3,False,False,86389951,"[0.0, 1.4142135623730951, 1.4142135623730951]"
images/custom/john_honey/short/D/custom_john_honey_short_D_0.jpg,4,True,True,92523683,"[0.0, 1.0, 1.4142135623730951, 2.23606797749979]"
images/custom/john_honey/short/D/custom_john_honey_short_D_1.jpg,4,True,True,93548426,"[1.0, 1.0, 1.4142135623730951, 1.4142135623730951]"
images/custom/john_honey/short/D/custom_john_honey_short_D_2.jpg,4,True,True,99082164,"[0.0, 1.4142135623730951, 1.4142135623730951, 2.0]"
images/custom/john_honey/short/D/custom_john_honey_short_D_3.jpg,4,True,True,95674389,"[0.0, 1.4142135623730951, 1.4142135623730951, 2.0]"
images/custom/john_honey/short/D/custom_john_honey_short_D_4.jpg,4,True,True,90570681,"[0.0, 1.0, 1.0, 2.23606797749979]"
images/custom/michaels/high/A/custom_michaels_high_A_0.jpg,4,True,True,76403493,"[0.0, 1.0, 1.4142135623730951, 2.23606797749979]"
images/custom/michaels/high/A/custom_michaels_high_A_1.jpg,4,True,True,77382592,"[1.0, 1.0, 1.0, 1.4142135623730951]"
images/custom/michaels/high/A/custom_michaels_high_A_2.jpg,4,True,True,76484746,"[1.0, 1.0, 1.4142135623730951, 1.4142135623730951]"
images/custom/michaels/high/A/custom_michaels_high_A_3.jpg,4,True,True,78230611,"[0.0, 1.0, 1.0, 1.0]"
images/custom/michaels/high/A/custom_michaels_high_A_4.jpg,4,True,True,70388863,"[0.0, 1.4142135623730951, 1.4142135623730951, 2.0]"
images/custom/michaels/high/B/custom_michaels_high_B_0.jpg,4,True,True,76287105,"[0.0, 1.0, 1.4142135623730951, 2.8284271247461903]"
images/custom/michaels/high/B/custom_michaels_high_B_1.jpg,4,True,True,79491693,"[1.0, 1.0, 1.4142135623730951, 2.0]"
images/custom/michaels/high/B/custom_michaels_high_B_2.jpg,4,True,True,82028567,"[0.0, 1.0, 1.0, 1.4142135623730951]"
images/custom/michaels/high/B/custom_michaels_high_B_3.jpg,4,True,True,81067891,"[0.0, 1.0, 1.0, 2.23606797749979]"
images/custom/michaels/high/B/custom_michaels_high_B_4.jpg,4,True,True,76853407,"[0.0, 1.0, 1.0, 1.4142135623730951]"
images/custom/michaels/high/C/custom_michaels_high_C_0.jpg,3,False,False,74288615,"[1.4142135623730951, 2.23606797749979, 3.1622776601683795]"
images/custom/michaels/high/C/custom_michaels_high_C_1.jpg,4,True,True,75526539,"[0.0, 1.0, 1.0, 2.23606797749979]"
images/custom/michaels/high/C/custom_michaels_high_C_2.jpg,4,True,True,77441659,"[1.0, 1.0, 1.4142135623730951, 1.4142135623730951]"
images/custom/michaels/high/C/custom_michaels_high_C_3.jpg,4,True,True,77387558,"[1.0, 1.0, 1.4142135623730951, 2.23606797749979]"
images/custom/michaels/high/C/custom_michaels_high_C_4.jpg,4,True,True,74067661,"[1.4142135623730951, 2.0, 2.23606797749979, 2.8284271247461903]"
images/custom/michaels/high/D/custom_michaels_high_D_0.jpg,4,True,True,82573696,"[0.0, 0.0, 1.0, 1.4142135623730951]"
images/custom/michaels/high/D/custom_michaels_high_D_1.jpg,4,True,True,75901080,"[1.0, 1.0, 1.4142135623730951, 2.23606797749979]"
images/custom/michaels/high/D/custom_michaels_high_D_2.jpg,4,True,True,76119831,"[1.0, 1.0, 1.0, 1.4142135623730951]"
images/custom/michaels/high/D/custom_michaels_high_D_3.jpg,4,True,True,78010055,"[1.0, 1.0, 1.0, 1.4142135623730951]"
images/custom/michaels/high/D/custom_michaels_high_D_4.jpg,4,True,True,74974384,"[1.0, 1.0, 1.4142135623730951, 1.4142135623730951]"
images/custom/michaels/medium/A/custom_michaels_medium_A_0.jpg,4,True,True,84202909,"[1.0, 1.4142135623730951, 2.23606797749979, 2.23606797749979]"
images/custom/michaels/medium/A/custom_michaels_medium_A_1.jpg,4,True,True,90471477,"[0.0, 0.0, 1.0, 2.0]"
images/custom/michaels/medium/A/custom_michaels_medium_A_2.jpg,4,True,True,82445875,"[1.0, 1.4142135623730951, 1.4142135623730951, 3.0]"
images/custom/michaels/medium/A/custom_michaels_medium_A_3.jpg,4,True,True,89995195,"[1.0, 1.0, 2.0, 2.23606797749979]"
images/custom/michaels/medium/A/custom_michaels_medium_A_4.jpg,4,True,True,87325316,"[0.0, 1.0, 1.0, 1.4142135623730951]"
images/custom/michaels/medium/B/custom_michaels_medium_B_0.jpg,4,True,True,89877905,"[1.0, 1.0, 1.0, 1.0]"
images/custom/michaels/medium/B/custom_michaels_medium_B_1.jpg,4,True,True,84320954,"[0.0, 0.0, 1.4142135623730951, 2.23606797749979]"
images/custom/michaels/medium/B/custom_michaels_medium_B_2.jpg,4,True,True,87311680,"[0.0, 1.4142135623730951, 2.23606797749979, 2.23606797749979]"
images/custom/michaels/medium/B/custom_michaels_medium_B_3.jpg,4,True,True,86672360,"[0.0, 1.0, 1.4142135623730951, 2.23606797749979]"
images/custom/michaels/medium/B/custom_michaels_medium_B_4.jpg,4,True,True,78623386,"[1.0, 1.0, 1.4142135623730951, 3.1622776601683795]"
images/custom/michaels/medium/C/custom_michaels_medium_C_0.jpg,3,False,False,82015706,"[1.0, 1.0, 2.0]"
images/custom/michaels/medium/C/custom_michaels_medium_C_1.jpg,3,False,False,87788252,"[1.0, 1.0, 1.4142135623730951]"
images/custom/michaels/medium/C/custom_michaels_medium_C_2.jpg,4,True,True,82219872,"[0.0, 1.0, 2.23606797749979, 2.23606797749979]"
images/custom/michaels/medium/C/custom_michaels_medium_C_3.jpg,4,True,True,85616332,"[1.0, 1.4142135623730951, 2.0, 2.23606797749979]"
images/custom/michaels/medium/C/custom_michaels_medium_C_4.jpg,4,True,True,82869527,"[0.0, 0.0, 1.0, 2.23606797749979]"
images/custom/michaels/medium/D/custom_michaels_medium_D_0.jpg,4,True,True,84064645,"[1.0, 1.0, 1.0, 1.0]"
images/custom/michaels/medium/D/custom_michaels_medium_D_1.jpg,4,True,True,84066476,"[0.0, 0.0, 1.4142135623730951, 2.23606797749979]"
images/custom/michaels/medium/D/custom_michaels_medium_D_2.jpg,4,True,True,86495540,"[0.0, 0.0, 1.0, 1.4142135623730951]"
images/custom/michaels/medium/D/custom_michaels_medium_D_3.jpg,4,True,True,84945593,"[1.0, 1.4142135623730951, 1.4142135623730951, 2.0]"
images/custom/michaels/medium/D/custom_michaels_medium_D_4.jpg,3,False,False,87882782,"[0.0, 1.0, 2.23606797749979]"
images/custom/michaels/short/A/custom_michaels_short_A_0.jpg,4,True,True,85909459,"[1.0, 1.0, 1.0, 2.23606797749979]"
images/custom/michaels/short/A/custom_michaels_short_A_1.jpg,4,True,True,86099068,"[0.0, 1.0, 1.0, 1.4142135623730951]"
images/custom/michaels/short/A/custom_michaels_short_A_2.jpg,4,True,True,84221787,"[0.0, 1.4142135623730951, 1.4142135623730951, 2.0]"
images/custom/michaels/short/A/custom_michaels_short_A_3.jpg,4,True,True,90212909,"[1.0, 2.23606797749979, 2.23606797749979, 2.23606797749979]"
images/custom/michaels/short/A/custom_michaels_short_A_4.jpg,2,False,False,85265252,"[2.0, 2.23606797749979]"
images/custom/michaels/short/B/custom_michaels_short_B_0.jpg,4,True,True,84500617,"[1.0, 1.4142135623730951, 1.4142135623730951, 2.23606797749979]"
images/custom/michaels/short/B/custom_michaels_short_B_1.jpg,4,True,True,84816059,"[1.0, 1.0, 2.23606797749979, 2.8284271247461903]"
images/custom/michaels/short/B/custom_michaels_short_B_2.jpg,4,True,True,86347261,"[0.0, 1.4142135623730951, 1.4142135623730951, 2.0]"
images/custom/michaels/short/B/custom_michaels_short_B_3.jpg,4,True,True,84738855,"[1.0, 1.4142135623730951, 1.4142135623730951, 2.23606797749979]"
images/custom/michaels/short/B/custom_michaels_short_B_4.jpg,4,True,True,84783347,"[1.0, 1.4142135623730951, 2.0, 2.23606797749979]"
images/custom/michaels/short/C/custom_michaels_short_C_0.jpg,4,True,True,83837455,"[0.0, 1.0, 2.0, 2.23606797749979]"
images/custom/michaels/short/C/custom_michaels_short_C_1.jpg,3,False,False,87365190,"[1.0, 1.0, 1.0]"
images/custom/michaels/short/C/custom_michaels_short_C_2.jpg,4,True,True,93073787,"[0.0, 1.0, 1.0, 2.23606797749979]"
images/custom/michaels/short/C/custom_michaels_short_C_3.jpg,3,False,False,88042107,"[1.0, 1.4142135623730951, 2.23606797749979]"
images/custom/michaels/short/C/custom_michaels_short_C_4.jpg,3,False,False,83827853,"[1.0, 1.0, 2.8284271247461903]"
images/custom/michaels/short/D/custom_michaels_short_D_0.jpg,4,True,True,87355094,"[1.0, 2.0, 2.0, 2.23606797749979]"
images/custom/michaels/short/D/custom_michaels_short_D_1.jpg,4,True,True,90117700,"[1.0, 1.0, 1.4142135623730951, 2.23606797749979]"
images/custom/michaels/short/D/custom_michaels_short_D_2.jpg,4,True,True,88116699,"[0.0, 2.23606797749979, 2.23606797749979, 2.23606797749979]"
images/custom/michaels/short/D/custom_michaels_short_D_3.jpg,2,False,False,83913867,"[1.4142135623730951, 3.0]"
images/custom/michaels/short/D/custom_michaels_short_D_4.jpg,3,False,False,88341038,"[1.0, 2.0, 2.0]"
images/dark/davids/high/A/dark_davids_high_A_0.jpg,4,True,True,84425270,"[1.0, 1.0, 1.0, 2.23606797749979]"
images/dark/davids/high/A/dark_davids_high_A_1.jpg,4,True,True,88953853,"[1.0, 1.0, 2.23606797749979, 2.23606797749979]"
images/dark/davids/high/A/dark_davids_high_A_2.jpg,4,True,True,82016695,"[0.0, 1.0, 1.0, 1.4142135623730951]"
images/dark/davids/high/A/dark_davids_high_A_3.jpg,4,True,True,84345898,"[1.0, 2.0, 2.23606797749979, 2.23606797749979]"
images/dark/davids/high/A/dark_davids_high_A_4.jpg,4,True,True,82504114,"[1.0, 1.0, 1.4142135623730951, 1.4142135623730951]"
images/dark/davids/high/B/dark_davids_high_B_0.jpg,4,True,True,89411086,"[1.0, 1.0, 1.0, 1.4142135623730951]"
images/dark/davids/high/B/dark_davids_high_B_1.jpg,4,True,True,87400407,"[1.4142135623730951, 2.0, 2.0, 2.23606797749979]"
images/dark/davids/high/B/dark_davids_high_B_2.jpg,4,True,True,88164279,"[1.0, 1.0, 1.0, 2.23606797749979]"
images/dark/davids/high/B/dark_davids_high_B_3.jpg,4,True,True,86664447,"[1.0, 1.4142135623730951, 2.0, 2.23606797749979]"
images/dark/davids/high/B/dark_davids_high_B_4.jpg,4,True,True,84949378,"[1.0, 1.4142135623730951, 1.4142135623730951, 1.4142135623730951]"
images/dark/davids/high/C/dark_davids_high_C_0.jpg,4,True,True,84503975,"[0.0, 1.0, 1.4142135623730951, 2.23606797749979]"
images/dark/davids/high/C/dark_davids_high_C_1.jpg,4,True,True,88881473,"[0.0, 0.0, 1.4142135623730951, 2.0]"
images/dark/davids/high/C/dark_davids_high_C_2.jpg,4,True,True,82411120,"[0.0, 1.0, 1.0, 1.4142135623730951]"
images/dark/davids/high/C/dark_davids_high_C_3.jpg,4,True,True,83468071,"[1.0, 1.4142135623730951, 1.4142135623730951, 2.0]"
images/dark/davids/high/C/dark_davids_high_C_4.jpg,4,True,True,80234756,"[0.0, 1.0, 1.0, 2.0]"
images/dark/davids/high/D/dark_davids_high_D_0.jpg,4,True,True,82495716,"[0.0, 0.0, 1.4142135623730951, 2.0]"
images/dark/davids/high/D/dark_davids_high_D_1.jpg,4,True,True,84452951,"[0.0, 0.0, 1.0, 1.4142135623730951]"
images/dark/davids/high/D/dark_davids_high_D_2.jpg,4,True,True,83212363,"[1.0, 1.0, 1.4142135623730951, 1.4142135623730951]"
images/dark/davids/high/D/dark_davids_high_D_3.jpg,4,True,True,80731571,"[0.0, 0.0, 1.0, 1.0]"
images/dark/davids/high/D/dark_davids_high_D_4.jpg,4,True,True,81751183,"[0.0, 1.0, 1.4142135623730951, 1.4142135623730951]"
images/dark/davids/medium/A/dark_davids_medium_A_0.jpg,3,False,False,88862610,"[0.0, 1.0, 2.23606797749979]"
images/dark/davids/medium/A/dark_davids_medium_A_1.jpg,4,True,True,90047714,"[0.0, 1.0, 1.0, 1.4142135623730951]"
images/dark/davids/medium/A/dark_davids_medium_A_2.jpg,4,True,True,86556135,"[0.0, 1.0, 1.0, 2.0]"
images/dark/davids/medium/A/dark_davids_medium_A_3.jpg,4,True,True,94808446,"[1.0, 1.4142135623730951, 2.23606797749979, 2.23606797749979]"
images/dark/davids/medium/A/dark_davids_medium_A_4.jpg,3,False,False,85011737,"[0.0, 1.4142135623730951, 1.4142135623730951]"
images/dark/davids/medium/B/dark_davids_medium_B_0.jpg,4,True,True,91396061,"[1.0, 1.4142135623730951, 1.4142135623730951, 2.0]"
images/dark/davids/medium/B/dark_davids_medium_B_1.jpg,4,True,True,89649075,"[1.0, 1.4142135623730951, 2.0, 2.23606797749979]"
images/dark/davids/medium/B/dark_davids_medium_B_2.jpg,2,False,False,82972081,"[1.4142135623730951, 2.0]"
images/dark/davids/medium/B/dark_davids_medium_B_3.jpg,4,True,True,81918005,"[1.4142135623730951, 1.4142135623730951, 1.4142135623730951, 2.23606797749979]"
images/dark/davids/medium/B/dark_davids_medium_B_4.jpg,2,False,False,81370688,"[1.4142135623730951, 2.23606797749979]"
images/dark/davids/medium/C/dark_davids_medium_C_0.jpg,4,True,True,85651999,"[0.0, 0.0, 1.0, 1.0]"
images/dark/davids/medium/C/dark_davids_medium_C_1.jpg,4,True,True,84357420,"[0.0, 1.0, 2.0, 2.23606797749979]"
images/dark/davids/medium/C/dark_davids_medium_C_2.jpg,4,True,True,81037604,"[0.0, 1.0, 1.0, 2.23606797749979]"
images/dark/davids/medium/C/dark_davids_medium_C_3.jpg,4,True,True,81041931,"[0.0, 0.0, 1.4142135623730951, 2.23606797749979]"
images/dark/davids/medium/C/dark_davids_medium_C_4.jpg,3,False,False,82680408,"[1.0, 1.4142135623730951, 2.23606797749979]"
images/dark/davids/medium/D/dark_davids_medium_D_0.jpg,4,True,True,81941600,"[1.4142135623730951, 1.4142135623730951, 2.23606797749979, 2.23606797749979]"
images/dark/davids/medium/D/dark_davids_medium_D_1.jpg,4,True,True,80991287,"[1.0, 1.0, 1.4142135623730951, 2.0]"
images/dark/davids/medium/D/dark_davids_medium_D_2.jpg,4,True,True,84374943,"[1.0, 2.0, 2.23606797749979, 3.1622776601683795]"
images/dark/davids/medium/D/dark_davids_medium_D_3.jpg,4,True,True,84637724,"[1.0, 1.0, 1.4142135623730951, 3.605551275463989]"
images/dark/davids/medium/D/dark_davids_medium_D_4.jpg,4,True,True,83376803,"[1.0, 1.0, 2.0, 2.23606797749979]"
images/dark/davids/short/A/dark_davids_short_A_0.jpg,4,True,True,87973194,"[1.4142135623730951, 2.0, 2.23606797749979, 3.605551275463989]"
images/dark/davids/short/A/dark_davids_short_A_1.jpg,4,True,True,86211436,"[1.0, 1.4142135623730951, 2.0, 2.0]"
images/dark/davids/short/A/dark_davids_short_A_2.jpg,4,True,True,87339570,"[1.0, 1.4142135623730951, 2.23606797749979, 3.1622776601683795]"
images/dark/davids/short/A/dark_davids_short_A_3.jpg,4,True,True,102575916,"[1.4142135623730951, 2.0, 2.23606797749979, 4.0]"
images/dark/davids/short/A/dark_davids_short_A_4.jpg,2,False,False,85050991,"[2.0, 2.23606797749979]"
images/dark/davids/short/B/dark_davids_short_B_0.jpg,4,True,True,91572629,"[1.4142135623730951, 1.4142135623730951, 2.0, 3.605551275463989]"
images/dark/davids/short/B/dark_davids_short_B_1.jpg,4,True,True,91149005,"[1.0, 1.0, 1.4142135623730951, 2.23606797749979]"
images/dark/davids/short/B/dark_davids_short_B_2.jpg,4,True,True,85627668,"[1.0, 1.0, 1.4142135623730951, 2.0]"
images/dark/davids/short/B/dark_davids_short_B_3.jpg,4,True,True,86263224,"[1.4142135623730951, 1.4142135623730951, 2.0, 3.0]"
images/dark/davids/short/B/dark_davids_short_B_4.jpg,1,False,False,88277311,[1.0]
images/dark/davids/short/C/dark_davids_short_C_0.jpg,2,False,False,82351689,"[1.0, 1.4142135623730951]"
images/dark/davids/short/C/dark_davids_short_C_1.jpg,4,True,True,87882320,"[1.0, 1.0, 1.4142135623730951, 2.23606797749979]"
images/dark/davids/short/C/dark_davids_short_C_2.jpg,2,False,False,86030787,"[2.23606797749979, 4.47213595499958]"
images/dark/davids/short/C/dark_davids_short_C_3.jpg,4,True,True,103407463,"[0.0, 1.0, 1.4142135623730951, 2.0]"
images/dark/davids/short/C/dark_davids_short_C_4.jpg,4,True,True,89550158,"[1.0, 1.4142135623730951, 1.4142135623730951, 3.0]"
images/dark/davids/short/D/dark_davids_short_D_0.jpg,4,True,True,93093186,"[0.0, 1.0, 1.4142135623730951, 1.4142135623730951]"
images/dark/davids/short/D/dark_davids_short_D_1.jpg,4,True,True,88391308,"[1.0, 1.4142135623730951, 3.0, 3.605551275463989]"
images/dark/davids/short/D/dark_davids_short_D_2.jpg,4,True,True,88144598,"[1.0, 1.0, 2.0, 2.0]"
images/dark/davids/short/D/dark_davids_short_D_3.jpg,4,True,True,84582421,"[0.0, 1.0, 1.0, 2.23606797749979]"
images/dark/davids/short/D/dark_davids_short_D_4.jpg,3,False,False,88240418,"[2.23606797749979, 3.0, 3.1622776601683795]"
images/dark/jack_cole/high/A/dark_jack_cole_high_A_0.jpg,4,True,True,81867031,"[0.0, 0.0, 1.4142135623730951, 2.0]"
images/dark/jack_cole/high/A/dark_jack_cole_high_A_1.jpg,4,True,True,78971452,"[0.0, 1.0, 1.4142135623730951, 1.4142135623730951]"
images/dark/jack_cole/high/A/dark_jack_cole_high_A_2.jpg,4,True,True,69383457,"[0.0, 1.0, 1.0, 3.1622776601683795]"
images/dark/jack_cole/high/A/dark_jack_cole_high_A_3.jpg,4,True,True,70690159,"[1.0, 1.0, 1.0, 1.0]"
images/dark/jack_cole/high/A/dark_jack_cole_high_A_4.jpg,4,True,True,74400998,"[1.0, 1.4142135623730951, 1.4142135623730951, 2.23606797749979]"
images/dark/jack_cole/high/B/dark_jack_cole_high_B_0.jpg,4,True,True,73540193,"[0.0, 1.0, 1.0, 1.0]"
images/dark/jack_cole/high/B/dark_jack_cole_high_B_1.jpg,4,True,True,79092506,"[1.0, 1.0, 1.4142135623730951, 2.0]"
images/dark/jack_cole/high/B/dark_jack_cole_high_B_2.jpg,4,True,True,83643420,"[1.0, 1.0, 2.0, 2.23606797749979]"
images/dark/jack_cole/high/B/dark_jack_cole_high_B_3.jpg,4,True,True,80585497,"[1.0, 1.0, 1.0, 3.0]"
images/dark/jack_cole/high/B/dark_jack_cole_high_B_4.jpg,4,True,True,77060534,"[1.0, 1.0, 1.0, 1.4142135623730951]"
images/dark/jack_cole/high/C/dark_jack_cole_high_C_0.jpg,4,True,True,75265060,"[1.0, 1.4142135623730951, 2.0, 2.23606797749979]"
images/dark/jack_cole/high/C/dark_jack_cole_high_C_1.jpg,4,True,True,81607292,"[1.0, 1.0, 1.0, 1.4142135623730951]"
images/dark/jack_cole/high/C/dark_jack_cole_high_C_2.jpg,4,True,True,81142794,"[0.0, 0.0, 1.4142135623730951, 2.23606797749979]"
images/dark/jack_cole/high/C/dark_jack_cole_high_C_3.jpg,4,True,True,82598420,"[1.0, 1.0, 1.4142135623730951, 2.23606797749979]"
images/dark/jack_cole/high/C/dark_jack_cole_high_C_4.jpg,4,True,True,70321098,"[1.4142135623730951, 1.4142135623730951, 2.23606797749979, 2.23606797749979]"
images/dark/jack_cole/high/D/dark_jack_cole_high_D_0.jpg,4,True,True,78343282,"[1.0, 1.4142135623730951, 2.0, 2.23606797749979]"
images/dark/jack_cole/high/D/dark_jack_cole_high_D_1.jpg,4,True,True,78264351,"[1.0, 1.4142135623730951, 2.0, 2.0]"
images/dark/jack_cole/high/D/dark_jack_cole_high_D_2.jpg,4,True,True,79786199,"[1.0, 1.0, 1.4142135623730951, 3.0]"
images/dark/jack_cole/high/D/dark_jack_cole_high_D_3.jpg,4,True,True,80854208,"[1.0, 1.4142135623730951, 2.0, 2.23606797749979]"
images/dark/jack_cole/high/D/dark_jack_cole_high_D_4.jpg,4,True,True,76931676,"[1.4142135623730951, 1.4142135623730951, 2.0, 2.23606797749979]"
images/dark/jack_cole/medium/A/dark_jack_cole_medium_A_0.jpg,4,True,True,76799987,"[1.0, 1.0, 1.0, 2.23606797749979]"
images/dark/jack_cole/medium/A/dark_jack_cole_medium_A_1.jpg,4,True,True,79067565,"[1.0, 1.4142135623730951, 2.23606797749979, 2.8284271247461903]"
images/dark/jack_cole/medium/A/dark_jack_cole_medium_A_2.jpg,4,True,True,78299718,"[1.0, 1.0, 1.4142135623730951, 3.0]"
images/dark/jack_cole/medium/A/dark_jack_cole_medium_A_3.jpg,4,True,True,76124587,"[0.0, 0.0, 2.23606797749979, 2.23606797749979]"
images/dark/jack_cole/medium/A/dark_jack_cole_medium_A_4.jpg,4,True,True,78175106,"[0.0, 1.0, 1.4142135623730951, 2.23606797749979]"
images/dark/jack_cole/medium/B/dark_jack_cole_medium_B_0.jpg,4,True,True,78162041,"[1.4142135623730951, 1.4142135623730951, 2.23606797749979, 3.0]"
images/dark/jack_cole/medium/B/dark_jack_cole_medium_B_1.jpg,4,True,True,78497548,"[1.0, 1.4142135623730951, 2.0, 2.23606797749979]"
images/dark/jack_cole/medium/B/dark_jack_cole_medium_B_2.jpg,4,True,True,83521271,"[1.0, 2.0, 2.0, 2.23606797749979]"
images/dark/jack_cole/medium/B/dark_jack_cole_medium_B_3.jpg,3,False,False,75179469,"[2.23606797749979, 2.23606797749979, 2.8284271247461903]"
images/dark/jack_cole/medium/B/dark_jack_cole_medium_B_4.jpg,4,True,True,80222244,"[1.0, 1.4142135623730951, 2.0, 2.0]"
images/dark/jack_cole/medium/C/dark_jack_cole_medium_C_0.jpg,4,True,True,78385261,"[1.0, 1.0, 1.4142135623730951, 1.4142135623730951]"
images/dark/jack_cole/medium/C/dark_jack_cole_medium_C_1.jpg,4,True,True,77663707,"[1.0, 1.0, 1.4142135623730951, 1.4142135623730951]"
images/dark/jack_cole/medium/C/dark_jack_cole_medium_C_2.jpg,4,True,True,79368954,"[1.0, 1.0, 2.23606797749979, 3.1622776601683795]"
images/dark/jack_cole/medium/C/dark_jack_cole_medium_C_3.jpg,4,True,True,87300199,"[0.0, 2.0, 2.8284271247461903, 3.0]"
images/dark/jack_cole/medium/C/dark_jack_cole_medium_C_4.jpg,4,True,True,80389747,"[1.0, 2.0, 2.23606797749979, 3.0]"
images/dark/jack_cole/medium/D/dark_jack_cole_medium_D_0.jpg,4,True,True,84327384,"[1.0, 2.0, 2.0, 3.1622776601683795]"
images/dark/jack_cole/medium/D/dark_jack_cole_medium_D_1.jpg,3,False,False,78375431,"[0.0, 1.0, 2.0]"
images/dark/jack_cole/medium/D/dark_jack_cole_medium_D_2.jpg,3,False,False,81946819,"[1.4142135623730951, 1.4142135623730951, 2.0]"
images/dark/jack_cole/medium/D/dark_jack_cole_medium_D_3.jpg,3,False,False,79343476,"[1.0, 1.0, 1.0]"
images/dark/jack_cole/medium/D/dark_jack_cole_medium_D_4.jpg,4,True,True,77864452,"[0.0, 1.0, 1.4142135623730951, 2.0]"
images/dark/jack_cole/short/A/dark_jack_cole_short_A_0.jpg,4,True,True,76937376,"[1.0, 1.0, 1.4142135623730951, 2.0]"
images/dark/jack_cole/short/A/dark_jack_cole_short_A_1.jpg,4,True,True,77212942,"[0.0, 1.0, 1.0, 2.23606797749979]"
images/dark/jack_cole/short/A/dark_jack_cole_short_A_2.jpg,4,True,True,76113529,"[1.4142135623730951, 1.4142135623730951, 3.605551275463989, 3.605551275463989]"
images/dark/jack_cole/short/A/dark_jack_cole_short_A_3.jpg,3,False,False,78429383,"[1.4142135623730951, 2.23606797749979, 2.23606797749979]"
images/dark/jack_cole/short/A/dark_jack_cole_short_A_4.jpg,3,False,False,75662421,"[1.4142135623730951, 2.23606797749979, 2.23606797749979]"
images/dark/jack_cole/short/B/dark_jack_cole_short_B_0.jpg,4,True,True,78321899,"[1.0, 1.4142135623730951, 2.23606797749979, 3.1622776601683795]"
images/dark/jack_cole/short/B/dark_jack_cole_short_B_1.jpg,4,True,True,80036065,"[1.4142135623730951, 2.0, 2.23606797749979, 2.8284271247461903]"
images/dark/jack_cole/short/B/dark_jack_cole_short_B_2.jpg,4,True,True,81032206,"[1.4142135623730951, 1.4142135623730951, 1.4142135623730951, 2.8284271247461903]"
images/dark/jack_cole/short/B/dark_jack_cole_short_B_3.jpg,4,True,True,81729098,"[1.0, 1.0, 1.0, 1.4142135623730951]"
images/dark/jack_cole/short/B/dark_jack_cole_short_B_4.jpg,4,True,True,77961376,"[1.0, 1.4142135623730951, 2.0, 2.23606797749979]"
images/dark/jack_cole/short/C/dark_jack_cole_short_C_0.jpg,4,True,True,81226189,"[1.4142135623730951, 2.0, 2.23606797749979, 2.23606797749979]"
images/dark/jack_cole/short/C/dark_jack_cole_short_C_1.jpg,4,True,True,81606039,"[1.0, 2.23606797749979, 2.8284271247461903, 4.123105625617661]"
images/dark/jack_cole/short/C/dark_jack_cole_short_C_2.jpg,4,True,True,78613988,"[1.0, 1.4142135623730951, 1.4142135623730951, 2.0]"
images/dark/jack_cole/short/C/dark_jack_cole_short_C_3.jpg,4,True,True,81549293,"[1.0, 1.0, 1.0, 2.0]"
images/dark/jack_cole/short/C/dark_jack_cole_short_C_4.jpg,4,True,True,79674196,"[1.0, 1.0, 2.23606797749979, 4.123105625617661]"
images/dark/jack_cole/short/D/dark_jack_cole_short_D_0.jpg,4,True,True,84290838,"[1.0, 1.0, 2.8284271247461903, 3.1622776601683795]"
images/dark/jack_cole/short/D/dark_jack_cole_short_D_1.jpg,3,False,False,84133951,"[2.23606797749979, 2.8284271247461903, 3.0]"
images/dark/jack_cole/short/D/dark_jack_cole_short_D_2.jpg,4,True,True,84546825,"[1.0, 2.23606797749979, 3.0, 3.1622776601683795]"
images/dark/jack_cole/short/D/dark_jack_cole_short_D_3.jpg,4,True,True,82335126,"[1.0, 1.0, 2.0, 2.23606797749979]"
images/dark/jack_cole/short/D/dark_jack_cole_short_D_4.jpg,4,True,True,76936394,"[2.23606797749979, 2.23606797749979, 2.23606797749979, 2.23606797749979]"
images/dark/john_honey/high/A/dark_john_honey_high_A_0.jpg,4,True,True,96669158,"[1.0, 1.0, 1.0, 2.23606797749979]"
images/dark/john_honey/high/A/dark_john_honey_high_A_1.jpg,4,True,True,100277459,"[1.4142135623730951, 1.4142135623730951, 1.4142135623730951, 2.23606797749979]"
images/dark/john_honey/high/A/dark_john_honey_high_A_2.jpg,4,True,True,98990289,"[0.0, 1.0, 2.0, 2.8284271247461903]"
images/dark/john_honey/high/A/dark_john_honey_high_A_3.jpg,4,True,True,101946053,"[1.0, 2.23606797749979, 2.23606797749979, 2.8284271247461903]"
images/dark/john_honey/high/A/dark_john_honey_high_A_4.jpg,4,True,True,98810710,"[0.0, 1.0, 1.0, 2.0]"
images/dark/john_honey/high/B/dark_john_honey_high_B_0.jpg,5,False,False,97944609,"[0.0, 1.0, 1.0, 1.0, 61.84658438426491]"
images/dark/john_honey/high/B/dark_john_honey_high_B_1.jpg,4,True,True,101873606,"[0.0, 1.0, 2.0, 2.23606797749979]"
images/dark/john_honey/high/B/dark_john_honey_high_B_2.jpg,5,False,False,108064262,"[1.4142135623730951, 2.0, 2.23606797749979, 2.23606797749979, 173.5280957078709]"
images/dark/john_honey/high/B/dark_john_honey_high_B_3.jpg,4,True,True,99520524,"[1.0, 1.4142135623730951, 2.23606797749979, 2.23606797749979]"
images/dark/john_honey/high/B/dark_john_honey_high_B_4.jpg,4,True,True,99346699,"[1.4142135623730951, 1.4142135623730951, 2.0, 4.123105625617661]"
images/dark/john_honey/high/C/dark_john_honey_high_C_0.jpg,3,False,False,100422944,"[0.0, 1.0, 1.4142135623730951]"
images/dark/john_honey/high/C/dark_john_honey_high_C_1.jpg,3,False,False,105522684,"[0.0, 1.0, 1.4142135623730951]"
images/dark/john_honey/high/C/dark_john_honey_high_C_2.jpg,3,False,False,101042672,"[1.0, 1.4142135623730951, 3.605551275463989]"
images/dark/john_honey/high/C/dark_john_honey_high_C_3.jpg,4,True,True,104551261,"[1.0, 1.4142135623730951, 2.23606797749979, 2.23606797749979]"
images/dark/john_honey/high/C/dark_john_honey_high_C_4.jpg,3,False,False,100763788,"[1.0, 1.4142135623730951, 1.4142135623730951]"
images/dark/john_honey/high/D/dark_john_honey_high_D_0.jpg,2,False,False,98852312,"[0.0, 1.0]"
images/dark/john_honey/high/D/dark_john_honey_high_D_1.jpg,3,False,False,96805476,"[2.0, 2.23606797749979, 6.0]"
images/dark/john_honey/high/D/dark_john_honey_high_D_2.jpg,3,False,False,97696024,"[2.23606797749979, 2.23606797749979, 2.23606797749979]"
images/dark/john_honey/high/D/dark_john_honey_high_D_3.jpg,4,True,True,95113531,"[1.0, 2.0, 2.8284271247461903, 4.123105625617661]"
images/dark/john_honey/high/D/dark_john_honey_high_D_4.jpg,3,False,False,96592513,"[1.0, 2.23606797749979, 2.8284271247461903]"
images/dark/john_honey/medium/A/dark_john_honey_medium_A_0.jpg,5,False,False,87400120,"[1.4142135623730951, 1.4142135623730951, 2.23606797749979, 2.8284271247461903, 241.82018112638985]"
images/dark/john_honey/medium/A/dark_john_honey_medium_A_1.jpg,4,True,True,98655093,"[1.4142135623730951, 2.0, 2.0, 2.23606797749979]"
images/dark/john_honey/medium/A/dark_john_honey_medium_A_2.jpg,4,True,True,86630521,"[0.0, 1.0, 2.0, 2.23606797749979]"
images/dark/john_honey/medium/A/dark_john_honey_medium_A_3.jpg,5,False,False,88168036,"[1.0, 1.0, 1.4142135623730951, 3.0, 731.9870217428721]"
images/dark/john_honey/medium/A/dark_john_honey_medium_A_4.jpg,4,True,True,83381209,"[1.0, 1.0, 1.0, 1.4142135623730951]"
images/dark/john_honey/medium/B/dark_john_honey_medium_B_0.jpg,5,False,False,85092307,"[1.0, 1.0, 2.0, 2.23606797749979, 399.43084507834396]"
images/dark/john_honey/medium/B/dark_john_honey_medium_B_1.jpg,4,True,True,93805015,"[0.0, 1.0, 1.4142135623730951, 2.23606797749979]"
images/dark/john_honey/medium/B/dark_john_honey_medium_B_2.jpg,5,False,False,91981128,"[1.0, 1.0, 1.4142135623730951, 2.0, 190.16834647227702]"
images/dark/john_honey/medium/B/dark_john_honey_medium_B_3.jpg,6,False,False,91581118,"[1.0, 1.0, 2.0, 2.23606797749979, 168.5852899869974, 431.7927743721518]"
images/dark/john_honey/medium/B/dark_john_honey_medium_B_4.jpg,4,True,True,90115860,"[0.0, 0.0, 1.0, 2.0]"
images/dark/john_honey/medium/C/dark_john_honey_medium_C_0.jpg,4,True,True,94278364,"[1.0, 1.0, 1.0, 1.0]"
images/dark/john_honey/medium/C/dark_john_honey_medium_C_1.jpg,4,True,True,96852595,"[1.4142135623730951, 1.4142135623730951, 1.4142135623730951, 2.23606797749979]"
images/dark/john_honey/medium/C/dark_john_honey_medium_C_2.jpg,4,True,True,91727541,"[1.0, 1.0, 2.23606797749979, 3.0]"
images/dark/john_honey/medium/C/dark_john_honey_medium_C_3.jpg,4,True,True,91365874,"[0.0, 1.0, 1.4142135623730951, 2.23606797749979]"
images/dark/john_honey/medium/C/dark_john_honey_medium_C_4.jpg,4,True,True,92810150,"[0.0, 2.23606797749979, 2.23606797749979, 2.23606797749979]"
images/dark/john_honey/medium/D/dark_john_honey_medium_D_0.jpg,5,False,False,89164180,"[0.0, 1.0, 2.0, 2.23606797749979, 361.3585477057378]"
images/dark/john_honey/medium/D/dark_john_honey_medium_D_1.jpg,4,True,True,89443087,"[0.0, 1.0, 1.0, 1.4142135623730951]"
images/dark/john_honey/medium/D/dark_john_honey_medium_D_2.jpg,4,True,True,93863395,"[0.0, 1.0, 1.4142135623730951, 2.0]"
images/dark/john_honey/medium/D/dark_john_honey_medium_D_3.jpg,4,True,True,96042252,"[1.4142135623730951, 2.0, 2.23606797749979, 2.23606797749979]"
images/dark/john_honey/medium/D/dark_john_honey_medium_D_4.jpg,5,False,False,93248178,"[1.0, 2.0, 2.23606797749979, 2.23606797749979, 263.20524310887123]"
images/dark/john_honey/short/A/dark_john_honey_short_A_0.jpg,4,True,True,85045272,"[1.0, 1.4142135623730951, 2.0, 2.23606797749979]"
images/dark/john_honey/short/A/dark_john_honey_short_A_1.jpg,4,True,True,95764159,"[0.0, 1.4142135623730951, 1.4142135623730951, 3.605551275463989]"
images/dark/john_honey/short/A/dark_john_honey_short_A_2.jpg,4,True,True,85966868,"[0.0, 1.0, 1.0, 1.4142135623730951]"
images/dark/john_honey/short/A/dark_john_honey_short_A_3.jpg,4,True,True,86534873,"[0.0, 2.0, 2.23606797749979, 3.0]"
images/dark/john_honey/short/A/dark_john_honey_short_A_4.jpg,4,True,True,77571204,"[1.0, 1.4142135623730951, 2.23606797749979, 2.23606797749979]"
images/dark/john_honey/short/B/dark_john_honey_short_B_0.jpg,4,True,True,84296465,"[0.0, 1.0, 1.4142135623730951, 2.23606797749979]"
images/dark/john_honey/short/B/dark_john_honey_short_B_1.jpg,4,True,True,81940657,"[1.4142135623730951, 1.4142135623730951, 2.23606797749979, 2.23606797749979]"
images/dark/john_honey/short/B/dark_john_honey_short_B_2.jpg,4,True,True,86895663,"[1.0, 1.4142135623730951, 2.23606797749979, 2.23606797749979]"
images/dark/john_honey/short/B/dark_john_honey_short_B_3.jpg,3,False,False,89830712,"[1.0, 2.23606797749979, 3.0]"
images/dark/john_honey/short/B/dark_john_honey_short_B_4.jpg,4,True,True,83028667,"[1.0, 1.0, 1.0, 1.4142135623730951]"
images/dark/john_honey/short/C/dark_john_honey_short_C_0.jpg,4,True,True,80991577,"[1.0, 1.4142135623730951, 1.4142135623730951, 2.23606797749979]"
images/dark/john_honey/short/C/dark_john_honey_short_C_1.jpg,4,True,True,85672223,"[0.0, 0.0, 1.0, 1.0]"
images/dark/john_honey/short/C/dark_john_honey_short_C_2.jpg,4,True,True,86542144,"[1.0, 1.4142135623730951, 1.4142135623730951, 2.23606797749979]"
images/dark/john_honey/short/C/dark_john_honey_short_C_3.jpg,4,True,True,97131293,"[1.4142135623730951, 1.4142135623730951, 2.23606797749979, 2.23606797749979]"
images/dark/john_honey/short/C/dark_john_honey_short_C_4.jpg,4,True,True,93955319,"[1.0, 2.0, 2.8284271247461903, 4.0]"
images/dark/john_honey/short/D/dark_john_honey_short_D_0.jpg,4,True,True,98242067,"[0.0, 1.0, 2.0, 2.23606797749979]"
images/dark/john_honey/short/D/dark_john_honey_short_D_1.jpg,4,True,True,99217357,"[0.0, 1.0, 1.4142135623730951, 2.23606797749979]"
images/dark/john_honey/short/D/dark_john_honey_short_D_2.jpg,4,True,True,91132755,"[0.0, 2.0, 2.23606797749979, 3.1622776601683795]"
images/dark/john_honey/short/D/dark_john_honey_short_D_3.jpg,4,True,True,89777335,"[1.0, 1.0, 2.0, 2.8284271247461903]"
images/dark/john_honey/short/D/dark_john_honey_short_D_4.jpg,4,True,True,88359133,"[1.0, 1.4142135623730951, 2.8284271247461903, 4.47213595499958]"
images/dark/michaels/high/A/dark_michaels_high_A_0.jpg,4,True,True,78460379,"[1.0, 1.0, 2.23606797749979, 3.1622776601683795]"
images/dark/michaels/high/A/dark_michaels_high_A_1.jpg,4,True,True,83726947,"[0.0, 1.4142135623730951, 2.0, 2.23606797749979]"
images/dark/michaels/high/A/dark_michaels_high_A_2.jpg,4,True,True,76652349,"[0.0, 1.0, 1.4142135623730951, 2.0]"
images/dark/michaels/high/A/dark_michaels_high_A_3.jpg,4,True,True,89032251,"[1.0, 1.4142135623730951, 2.0, 2.0]"
images/dark/michaels/high/A/dark_michaels_high_A_4.jpg,4,True,True,80689201,"[1.0, 1.0, 1.4142135623730951, 1.4142135623730951]"
images/dark/michaels/high/B/dark_michaels_high_B_0.jpg,4,True,True,85981936,"[0.0, 1.0, 2.23606797749979, 3.1622776601683795]"
images/dark/michaels/high/B/dark_michaels_high_B_1.jpg,4,True,True,83887026,"[0.0, 1.0, 1.0, 2.23606797749979]"
images/dark/michaels/high/B/dark_michaels_high_B_2.jpg,2,False,False,87128606,"[2.0, 2.23606797749979]"
images/dark/michaels/high/B/dark_michaels_high_B_3.jpg,4,True,True,88973291,"[1.0, 1.0, 2.23606797749979, 3.1622776601683795]"
images/dark/michaels/high/B/dark_michaels_high_B_4.jpg,4,True,True,85555446,"[0.0, 1.4142135623730951, 2.0, 2.23606797749979]"
images/dark/michaels/high/C/dark_michaels_high_C_0.jpg,4,True,True,82355296,"[0.0, 1.0, 1.0, 3.0]"
images/dark/michaels/high/C/dark_michaels_high_C_1.jpg,4,True,True,87575595,"[1.0, 1.4142135623730951, 2.23606797749979, 2.23606797749979]"
images/dark/michaels/high/C/dark_michaels_high_C_2.jpg,4,True,True,88996499,"[1.0, 1.4142135623730951, 2.0, 2.23606797749979]"
images/dark/michaels/high/C/dark_michaels_high_C_3.jpg,4,True,True,81331767,"[1.0, 1.0, 1.4142135623730951, 2.0]"
images/dark/michaels/high/C/dark_michaels_high_C_4.jpg,4,True,True,81334502,"[0.0, 1.4142135623730951, 2.0, 2.0]"
images/dark/michaels/high/D/dark_michaels_high_D_0.jpg,4,True,True,91511609,"[1.0, 1.0, 1.4142135623730951, 3.1622776601683795]"
images/dark/michaels/high/D/dark_michaels_high_D_1.jpg,4,True,True,87068383,"[1.0, 1.4142135623730951, 2.23606797749979, 2.23606797749979]"
images/dark/michaels/high/D/dark_michaels_high_D_2.jpg,4,True,True,87640155,"[1.4142135623730951, 2.23606797749979, 2.23606797749979, 3.0]"
images/dark/michaels/high/D/dark_michaels_high_D_3.jpg,3,False,False,84985908,"[2.0, 2.23606797749979, 2.23606797749979]"
images/dark/michaels/high/D/dark_michaels_high_D_4.jpg,4,True,True,79884310,"[1.0, 1.4142135623730951, 1.4142135623730951, 2.23606797749979]"
images/dark/michaels/medium/A/dark_michaels_medium_A_0.jpg,4,True,True,87769049,"[0.0, 1.0, 1.0, 2.23606797749979]"
images/dark/michaels/medium/A/dark_michaels_medium_A_1.jpg,4,True,True,90266512,"[1.4142135623730951, 1.4142135623730951, 2.0, 2.23606797749979]"
images/dark/michaels/medium/A/dark_michaels_medium_A_2.jpg,4,True,True,86149901,"[1.0, 2.0, 3.0, 3.1622776601683795]"
images/dark/michaels/medium/A/dark_michaels_medium_A_3.jpg,4,True,True,88914737,"[0.0, 2.23606797749979, 2.23606797749979, 2.23606797749979]"
images/dark/michaels/medium/A/dark_michaels_medium_A_4.jpg,4,True,True,80752939,"[1.4142135623730951, 2.23606797749979, 2.23606797749979, 3.1622776601683795]"
images/dark/michaels/medium/B/dark_michaels_medium_B_0.jpg,4,True,True,88905617,"[0.0, 1.4142135623730951, 2.0, 2.23606797749979]"
images/dark/michaels/medium/B/dark_michaels_medium_B_1.jpg,4,True,True,85425009,"[0.0, 1.0, 1.0, 2.0]"
images/dark/michaels/medium/B/dark_michaels_medium_B_2.jpg,4,True,True,87649894,"[1.0, 2.23606797749979, 2.8284271247461903, 2.8284271247461903]"
images/dark/michaels/medium/B/dark_michaels_medium_B_3.jpg,4,True,True,86191192,"[1.0, 1.0, 1.0, 2.23606797749979]"
images/dark/michaels/medium/B/dark_michaels_medium_B_4.jpg,4,True,True,80065560,"[1.0, 1.4142135623730951, 1.4142135623730951, 2.0]"
images/dark/michaels/medium/C/dark_michaels_medium_C_0.jpg,4,True,True,84600305,"[1.0, 1.0, 1.0, 2.0]"
images/dark/michaels/medium/C/dark_michaels_medium_C_1.jpg,4,True,True,88962906,"[0.0, 1.0, 2.0, 2.0]"
images/dark/michaels/medium/C/dark_michaels_medium_C_2.jpg,4,True,True,84531185,"[0.0, 1.0, 1.4142135623730951, 2.23606797749979]"
images/dark/michaels/medium/C/dark_michaels_medium_C_3.jpg,4,True,True,87759860,"[1.0, 1.4142135623730951, 1.4142135623730951, 2.0]"
images/dark/michaels/medium/C/dark_michaels_medium_C_4.jpg,4,True,True,82510774,"[1.0, 1.4142135623730951, 2.0, 2.0]"
images/dark/michaels/medium/D/dark_michaels_medium_D_0.jpg,4,True,True,86133482,"[2.0, 2.23606797749979, 2.23606797749979, 2.8284271247461903]"
images/dark/michaels/medium/D/dark_michaels_medium_D_1.jpg,4,True,True,85130288,"[1.0, 1.0, 1.4142135623730951, 3.1622776601683795]"
images/dark/michaels/medium/D/dark_michaels_medium_D_2.jpg,4,True,True,89280229,"[1.0, 1.0, 1.4142135623730951, 2.0]"
images/dark/michaels/medium/D/dark_michaels_medium_D_3.jpg,4,True,True,93024101,"[1.0, 1.0, 1.4142135623730951, 2.0]"
images/dark/michaels/medium/D/dark_michaels_medium_D_4.jpg,4,True,True,87740316,"[0.0, 1.0, 2.0, 2.23606797749979]"
images/dark/michaels/short/A/dark_michaels_short_A_0.jpg,4,True,True,88879249,"[0.0, 1.0, 1.0, 2.8284271247461903]"
images/dark/michaels/short/A/dark_michaels_short_A_1.jpg,4,True,True,89652791,"[1.4142135623730951, 1.4142135623730951, 1.4142135623730951, 2.0]"
images/dark/michaels/short/A/dark_michaels_short_A_2.jpg,3,False,False,83899641,"[1.0, 2.0, 2.0]"
images/dark/michaels/short/A/dark_michaels_short_A_3.jpg,4,True,True,85030765,"[1.0, 1.4142135623730951, 3.1622776601683795, 3.1622776601683795]"
images/dark/michaels/short/A/dark_michaels_short_A_4.jpg,4,True,True,82244205,"[1.0, 1.4142135623730951, 2.23606797749979, 2.8284271247461903]"
images/dark/michaels/short/B/dark_michaels_short_B_0.jpg,4,True,True,86891051,"[1.0, 2.23606797749979, 3.1622776601683795, 4.242640687119285]"
images/dark/michaels/short/B/dark_michaels_short_B_1.jpg,4,True,True,85920574,"[1.4142135623730951, 2.23606797749979, 3.0, 3.1622776601683795]"
images/dark/michaels/short/B/dark_michaels_short_B_2.jpg,4,True,True,86617779,"[1.4142135623730951, 1.4142135623730951, 1.4142135623730951, 1.4142135623730951]"
images/dark/michaels/short/B/dark_michaels_short_B_3.jpg,4,True,True,86456491,"[0.0, 1.0, 1.4142135623730951, 3.1622776601683795]"
images/dark/michaels/short/B/dark_michaels_short_B_4.jpg,4,True,True,84797929,"[0.0, 1.4142135623730951, 2.0, 2.23606797749979]"
images/dark/michaels/short/C/dark_michaels_short_C_0.jpg,4,True,True,85334013,"[1.4142135623730951, 2.0, 3.0, 3.0]"
images/dark/michaels/short/C/dark_michaels_short_C_1.jpg,4,True,True,85766574,"[1.0, 2.8284271247461903, 2.8284271247461903, 3.0]"
images/dark/michaels/short/C/dark_michaels_short_C_2.jpg,4,True,True,83686073,"[0.0, 1.4142135623730951, 1.4142135623730951, 2.0]"
images/dark/michaels/short/C/dark_michaels_short_C_3.jpg,4,True,True,89379711,"[0.0, 1.0, 1.4142135623730951, 2.23606797749979]"
images/dark/michaels/short/C/dark_michaels_short_C_4.jpg,4,True,True,81707913,"[0.0, 0.0, 0.0, 1.0]"
images/dark/michaels/short/D/dark_michaels_short_D_0.jpg,4,True,True,86438713,"[1.0, 1.0, 1.4142135623730951, 1.4142135623730951]"
images/dark/michaels/short/D/dark_michaels_short_D_1.jpg,4,True,True,85595522,"[1.0, 1.4142135623730951, 2.23606797749979, 3.1622776601683795]"
images/dark/michaels/short/D/dark_michaels_short_D_2.jpg,4,True,True,90348906,"[1.0, 1.0, 1.4142135623730951, 2.0]"
images/dark/michaels/short/D/dark_michaels_short_D_3.jpg,4,True,True,88222881,"[2.0, 2.0, 2.23606797749979, 3.1622776601683795]"
images/dark/michaels/short/D/dark_michaels_short_D_4.jpg,4,True,True,83625748,"[1.4142135623730951, 1.4142135623730951, 2.23606797749979, 2.23606797749979]"
