,0,1,2,3,4
images/custom/davids/high/A/custom_davids_high_A_0.jpg,5,False,False,37846058,"[0.0, 1.0, 1.0, 1.0, 885.641010793877]"
images/custom/davids/high/A/custom_davids_high_A_1.jpg,5,False,False,47016089,"[1.0, 1.0, 1.0, 2.23606797749979, 906.5208216031224]"
images/custom/davids/high/A/custom_davids_high_A_2.jpg,5,False,False,36675992,"[0.0, 1.0, 1.4142135623730951, 1.4142135623730951, 762.1679604916491]"
images/custom/davids/high/A/custom_davids_high_A_3.jpg,4,True,True,44566327,"[1.0, 1.0, 1.0, 2.23606797749979]"
images/custom/davids/high/A/custom_davids_high_A_4.jpg,4,True,True,35324829,"[1.0, 1.0, 1.4142135623730951, 2.0]"
images/custom/davids/high/B/custom_davids_high_B_0.jpg,4,True,True,34011503,"[1.0, 1.0, 2.23606797749979, 2.23606797749979]"
images/custom/davids/high/B/custom_davids_high_B_1.jpg,3,False,False,32965783,"[0.0, 1.0, 1.4142135623730951]"
images/custom/davids/high/B/custom_davids_high_B_2.jpg,4,True,True,35994100,"[1.0, 1.0, 1.4142135623730951, 2.0]"
images/custom/davids/high/B/custom_davids_high_B_3.jpg,4,True,True,45221629,"[1.0, 1.0, 1.4142135623730951, 1.4142135623730951]"
images/custom/davids/high/B/custom_davids_high_B_4.jpg,3,False,False,33861911,"[1.0, 1.0, 2.23606797749979]"
images/custom/davids/high/C/custom_davids_high_C_0.jpg,2,False,False,37243115,"[1.4142135623730951, 2.8284271247461903]"
images/custom/davids/high/C/custom_davids_high_C_1.jpg,3,False,False,39440401,"[0.0, 1.0, 1.0]"
images/custom/davids/high/C/custom_davids_high_C_2.jpg,2,False,False,42113145,"[0.0, 1.0]"
images/custom/davids/high/C/custom_davids_high_C_3.jpg,2,False,False,31162451,"[1.0, 1.0]"
images/custom/davids/high/C/custom_davids_high_C_4.jpg,2,False,False,32867506,"[1.4142135623730951, 2.0]"
images/custom/davids/high/D/custom_davids_high_D_0.jpg,4,True,True,30270878,"[1.4142135623730951, 1.4142135623730951, 1.4142135623730951, 2.23606797749979]"
images/custom/davids/high/D/custom_davids_high_D_1.jpg,4,True,True,42799424,"[0.0, 1.0, 1.0, 1.4142135623730951]"
images/custom/davids/high/D/custom_davids_high_D_2.jpg,4,True,True,39257631,"[1.0, 1.4142135623730951, 2.23606797749979, 2.23606797749979]"
images/custom/davids/high/D/custom_davids_high_D_3.jpg,4,True,True,39982561,"[0.0, 1.0, 1.0, 1.4142135623730951]"
images/custom/davids/high/D/custom_davids_high_D_4.jpg,4,True,True,30509223,"[1.0, 1.0, 2.0, 2.23606797749979]"
images/custom/davids/medium/A/custom_davids_medium_A_0.jpg,4,True,True,34026472,"[1.0, 1.0, 1.0, 1.0]"
images/custom/davids/medium/A/custom_davids_medium_A_1.jpg,4,True,True,35531689,"[1.0, 1.0, 2.0, 2.23606797749979]"
images/custom/davids/medium/A/custom_davids_medium_A_2.jpg,3,False,False,36208844,"[1.4142135623730951, 1.4142135623730951, 2.23606797749979]"
images/custom/davids/medium/A/custom_davids_medium_A_3.jpg,3,False,False,33871273,"[1.0, 1.4142135623730951, 2.0]"
images/custom/davids/medium/A/custom_davids_medium_A_4.jpg,3,False,False,42694327,"[1.0, 1.0, 1.4142135623730951]"
images/custom/davids/medium/B/custom_davids_medium_B_0.jpg,4,True,True,30162889,"[0.0, 0.0, 2.23606797749979, 2.23606797749979]"
images/custom/davids/medium/B/custom_davids_medium_B_1.jpg,4,True,True,46717555,"[0.0, 0.0, 1.4142135623730951, 2.23606797749979]"
images/custom/davids/medium/B/custom_davids_medium_B_2.jpg,4,True,True,37182502,"[0.0, 0.0, 1.0, 1.4142135623730951]"
images/custom/davids/medium/B/custom_davids_medium_B_3.jpg,4,True,True,46506696,"[0.0, 0.0, 1.0, 1.0]"
images/custom/davids/medium/B/custom_davids_medium_B_4.jpg,4,True,True,29093069,"[1.0, 1.0, 1.0, 1.0]"
images/custom/davids/medium/C/custom_davids_medium_C_0.jpg,3,False,False,25816787,"[1.0, 1.0, 1.4142135623730951]"
images/custom/davids/medium/C/custom_davids_medium_C_1.jpg,2,False,False,21757812,"[1.0, 2.23606797749979]"
images/custom/davids/medium/C/custom_davids_medium_C_2.jpg,2,False,False,29896476,"[0.0, 1.4142135623730951]"
images/custom/davids/medium/C/custom_davids_medium_C_3.jpg,1,False,False,39073567,[2.23606797749979]
images/custom/davids/medium/C/custom_davids_medium_C_4.jpg,2,False,False,26194525,"[1.4142135623730951, 1.4142135623730951]"
images/custom/davids/medium/D/custom_davids_medium_D_0.jpg,3,False,False,40838247,"[1.4142135623730951, 2.23606797749979, 2.23606797749979]"
images/custom/davids/medium/D/custom_davids_medium_D_1.jpg,4,True,True,37773754,"[1.0, 1.0, 2.23606797749979, 2.23606797749979]"
images/custom/davids/medium/D/custom_davids_medium_D_2.jpg,4,True,True,39805616,"[1.0, 1.0, 1.4142135623730951, 3.0]"
images/custom/davids/medium/D/custom_davids_medium_D_3.jpg,4,True,True,27359709,"[1.0, 1.0, 1.0, 2.23606797749979]"
images/custom/davids/medium/D/custom_davids_medium_D_4.jpg,4,True,True,31138354,"[0.0, 1.0, 1.0, 1.0]"
images/custom/davids/short/A/custom_davids_short_A_0.jpg,4,True,True,26912471,"[1.0, 1.0, 2.23606797749979, 2.23606797749979]"
images/custom/davids/short/A/custom_davids_short_A_1.jpg,4,True,True,28211611,"[1.0, 1.0, 1.4142135623730951, 2.23606797749979]"
images/custom/davids/short/A/custom_davids_short_A_2.jpg,4,True,True,30148921,"[1.0, 1.0, 1.0, 3.1622776601683795]"
images/custom/davids/short/A/custom_davids_short_A_3.jpg,2,False,False,37861236,"[0.0, 1.0]"
images/custom/davids/short/A/custom_davids_short_A_4.jpg,4,True,True,28092303,"[0.0, 1.4142135623730951, 2.8284271247461903, 2.8284271247461903]"
images/custom/davids/short/B/custom_davids_short_B_0.jpg,9,False,False,32858449,"[1.0, 1.4142135623730951, 3.0, 303.29523570277195, 318.7789202566569, 325.22146300636433, 334.43235489408016, 356.6791275081849, 365.08766070630213]"
images/custom/davids/short/B/custom_davids_short_B_1.jpg,3,False,False,31290692,"[0.0, 1.0, 1.0]"
images/custom/davids/short/B/custom_davids_short_B_2.jpg,3,False,False,33194664,"[0.0, 1.0, 2.23606797749979]"
images/custom/davids/short/B/custom_davids_short_B_3.jpg,3,False,False,31353640,"[1.0, 1.4142135623730951, 2.0]"
images/custom/davids/short/B/custom_davids_short_B_4.jpg,3,False,False,29893026,"[1.0, 1.0, 2.23606797749979]"
images/custom/davids/short/C/custom_davids_short_C_0.jpg,1,False,False,29282634,[1.0]
images/custom/davids/short/C/custom_davids_short_C_1.jpg,3,False,False,29846975,"[0.0, 1.0, 2.0]"
images/custom/davids/short/C/custom_davids_short_C_2.jpg,7,False,False,35213609,"[1.0, 2.0, 257.8003103178893, 287.3412605248331, 315.3696244092002, 329.802971484491, 343.4020966738555]"
images/custom/davids/short/C/custom_davids_short_C_3.jpg,2,False,False,30694627,"[1.0, 1.4142135623730951]"
images/custom/davids/short/C/custom_davids_short_C_4.jpg,2,False,False,24288871,"[0.0, 1.0]"
images/custom/davids/short/D/custom_davids_short_D_0.jpg,3,False,False,29952139,"[0.0, 1.0, 1.4142135623730951]"
images/custom/davids/short/D/custom_davids_short_D_1.jpg,3,False,False,35566953,"[0.0, 1.0, 2.23606797749979]"
images/custom/davids/short/D/custom_davids_short_D_2.jpg,3,False,False,32666152,"[0.0, 0.0, 1.0]"
images/custom/davids/short/D/custom_davids_short_D_3.jpg,6,False,False,30755877,"[0.0, 1.0, 2.0, 327.4522866006588, 350.6023388398885, 368.9173349139343]"
images/custom/davids/short/D/custom_davids_short_D_4.jpg,3,False,False,37231786,"[1.0, 1.0, 1.0]"
images/custom/jack_cole/high/A/custom_jack_cole_high_A_0.jpg,4,True,True,31345935,"[0.0, 1.4142135623730951, 2.0, 2.23606797749979]"
images/custom/jack_cole/high/A/custom_jack_cole_high_A_1.jpg,4,True,True,29187348,"[0.0, 1.0, 1.0, 2.23606797749979]"
images/custom/jack_cole/high/A/custom_jack_cole_high_A_2.jpg,4,True,True,35691055,"[1.4142135623730951, 1.4142135623730951, 1.4142135623730951, 2.0]"
images/custom/jack_cole/high/A/custom_jack_cole_high_A_3.jpg,4,True,True,29190152,"[1.0, 1.0, 1.0, 1.4142135623730951]"
images/custom/jack_cole/high/A/custom_jack_cole_high_A_4.jpg,4,True,True,24341419,"[0.0, 1.0, 2.23606797749979, 2.23606797749979]"
images/custom/jack_cole/high/B/custom_jack_cole_high_B_0.jpg,4,True,True,25125589,"[1.0, 1.0, 1.0, 1.4142135623730951]"
images/custom/jack_cole/high/B/custom_jack_cole_high_B_1.jpg,4,True,True,22920593,"[1.0, 1.4142135623730951, 1.4142135623730951, 1.4142135623730951]"
images/custom/jack_cole/high/B/custom_jack_cole_high_B_2.jpg,5,False,False,24609851,"[1.4142135623730951, 1.4142135623730951, 2.23606797749979, 2.23606797749979, 254.8803640926464]"
images/custom/jack_cole/high/B/custom_jack_cole_high_B_3.jpg,4,True,True,27287584,"[0.0, 1.0, 1.4142135623730951, 2.23606797749979]"
images/custom/jack_cole/high/B/custom_jack_cole_high_B_4.jpg,4,True,True,28478358,"[1.0, 1.0, 1.0, 1.0]"
images/custom/jack_cole/high/C/custom_jack_cole_high_C_0.jpg,3,False,False,27885136,"[1.4142135623730951, 2.23606797749979, 3.0]"
images/custom/jack_cole/high/C/custom_jack_cole_high_C_1.jpg,2,False,False,27315033,"[1.0, 1.0]"
images/custom/jack_cole/high/C/custom_jack_cole_high_C_2.jpg,2,False,False,25437143,"[0.0, 1.0]"
images/custom/jack_cole/high/C/custom_jack_cole_high_C_3.jpg,2,False,False,24593642,"[0.0, 2.23606797749979]"
images/custom/jack_cole/high/C/custom_jack_cole_high_C_4.jpg,2,False,False,29867248,"[1.0, 1.0]"
images/custom/jack_cole/high/D/custom_jack_cole_high_D_0.jpg,4,True,True,24897311,"[1.4142135623730951, 2.0, 2.23606797749979, 2.23606797749979]"
images/custom/jack_cole/high/D/custom_jack_cole_high_D_1.jpg,4,True,True,24698180,"[1.0, 1.0, 2.0, 2.23606797749979]"
images/custom/jack_cole/high/D/custom_jack_cole_high_D_2.jpg,4,True,True,25119047,"[1.0, 1.4142135623730951, 1.4142135623730951, 2.23606797749979]"
images/custom/jack_cole/high/D/custom_jack_cole_high_D_3.jpg,4,True,True,22998631,"[1.0, 1.0, 1.4142135623730951, 2.23606797749979]"
images/custom/jack_cole/high/D/custom_jack_cole_high_D_4.jpg,4,True,True,35078037,"[1.0, 1.0, 1.0, 2.0]"
images/custom/jack_cole/medium/A/custom_jack_cole_medium_A_0.jpg,4,True,True,38029822,"[1.0, 1.0, 1.4142135623730951, 2.0]"
images/custom/jack_cole/medium/A/custom_jack_cole_medium_A_1.jpg,4,True,True,38157165,"[1.0, 2.23606797749979, 2.23606797749979, 3.0]"
images/custom/jack_cole/medium/A/custom_jack_cole_medium_A_2.jpg,4,True,True,31821948,"[1.0, 1.0, 1.0, 2.23606797749979]"
images/custom/jack_cole/medium/A/custom_jack_cole_medium_A_3.jpg,4,True,True,23067941,"[0.0, 1.0, 1.4142135623730951, 2.23606797749979]"
images/custom/jack_cole/medium/A/custom_jack_cole_medium_A_4.jpg,4,True,True,43465443,"[1.0, 1.4142135623730951, 2.0, 2.23606797749979]"
images/custom/jack_cole/medium/B/custom_jack_cole_medium_B_0.jpg,4,True,True,29650226,"[1.0, 1.0, 1.4142135623730951, 1.4142135623730951]"
images/custom/jack_cole/medium/B/custom_jack_cole_medium_B_1.jpg,4,True,True,42614600,"[0.0, 1.0, 2.23606797749979, 2.23606797749979]"
images/custom/jack_cole/medium/B/custom_jack_cole_medium_B_2.jpg,4,True,True,44329562,"[1.0, 2.0, 2.0, 2.23606797749979]"
images/custom/jack_cole/medium/B/custom_jack_cole_medium_B_3.jpg,4,True,True,39608983,"[2.23606797749979, 2.23606797749979, 2.23606797749979, 3.0]"
images/custom/jack_cole/medium/B/custom_jack_cole_medium_B_4.jpg,4,True,True,36149120,"[1.0, 1.0, 2.23606797749979, 3.1622776601683795]"
images/custom/jack_cole/medium/C/custom_jack_cole_medium_C_0.jpg,3,False,False,44729393,"[1.0, 1.4142135623730951, 2.8284271247461903]"
images/custom/jack_cole/medium/C/custom_jack_cole_medium_C_1.jpg,2,False,False,43011581,"[0.0, 3.0]"
images/custom/jack_cole/medium/C/custom_jack_cole_medium_C_2.jpg,2,False,False,27648438,"[1.0, 2.0]"
images/custom/jack_cole/medium/C/custom_jack_cole_medium_C_3.jpg,2,False,False,28070631,"[2.23606797749979, 2.23606797749979]"
images/custom/jack_cole/medium/C/custom_jack_cole_medium_C_4.jpg,2,False,False,19964119,"[2.23606797749979, 2.8284271247461903]"
images/custom/jack_cole/medium/D/custom_jack_cole_medium_D_0.jpg,4,True,True,34325973,"[2.0, 2.0, 2.23606797749979, 3.0]"
images/custom/jack_cole/medium/D/custom_jack_cole_medium_D_1.jpg,4,True,True,28335077,"[0.0, 1.0, 1.4142135623730951, 2.0]"
images/custom/jack_cole/medium/D/custom_jack_cole_medium_D_2.jpg,4,True,True,41459500,"[1.0, 1.4142135623730951, 2.0, 2.0]"
images/custom/jack_cole/medium/D/custom_jack_cole_medium_D_3.jpg,4,True,True,24665954,"[1.0, 1.4142135623730951, 1.4142135623730951, 2.23606797749979]"
images/custom/jack_cole/medium/D/custom_jack_cole_medium_D_4.jpg,4,True,True,31744731,"[1.4142135623730951, 1.4142135623730951, 2.23606797749979, 2.23606797749979]"
images/custom/jack_cole/short/A/custom_jack_cole_short_A_0.jpg,4,True,True,51209276,"[1.0, 2.23606797749979, 3.1622776601683795, 3.605551275463989]"
images/custom/jack_cole/short/A/custom_jack_cole_short_A_1.jpg,4,True,True,57301558,"[2.0, 2.23606797749979, 3.0, 3.0]"
images/custom/jack_cole/short/A/custom_jack_cole_short_A_2.jpg,4,True,True,47998825,"[1.0, 1.0, 1.4142135623730951, 1.4142135623730951]"
images/custom/jack_cole/short/A/custom_jack_cole_short_A_3.jpg,4,True,True,59268298,"[1.4142135623730951, 1.4142135623730951, 2.8284271247461903, 3.1622776601683795]"
images/custom/jack_cole/short/A/custom_jack_cole_short_A_4.jpg,4,True,True,57696000,"[1.4142135623730951, 2.23606797749979, 2.23606797749979, 3.605551275463989]"
images/custom/jack_cole/short/B/custom_jack_cole_short_B_0.jpg,4,True,True,45466867,"[0.0, 1.0, 2.0, 2.23606797749979]"
images/custom/jack_cole/short/B/custom_jack_cole_short_B_1.jpg,4,True,True,52878795,"[0.0, 1.0, 1.0, 2.0]"
images/custom/jack_cole/short/B/custom_jack_cole_short_B_2.jpg,4,True,True,50858335,"[1.0, 1.0, 1.4142135623730951, 2.0]"
images/custom/jack_cole/short/B/custom_jack_cole_short_B_3.jpg,4,True,True,50048144,"[0.0, 1.0, 1.4142135623730951, 2.0]"
images/custom/jack_cole/short/B/custom_jack_cole_short_B_4.jpg,4,True,True,51237642,"[0.0, 1.0, 1.4142135623730951, 2.23606797749979]"
images/custom/jack_cole/short/C/custom_jack_cole_short_C_0.jpg,2,False,False,50081795,"[1.0, 1.0]"
images/custom/jack_cole/short/C/custom_jack_cole_short_C_1.jpg,2,False,False,52949450,"[1.4142135623730951, 3.0]"
images/custom/jack_cole/short/C/custom_jack_cole_short_C_2.jpg,2,False,False,47388561,"[1.0, 2.0]"
images/custom/jack_cole/short/C/custom_jack_cole_short_C_3.jpg,2,False,False,34003117,"[2.23606797749979, 3.1622776601683795]"
images/custom/jack_cole/short/C/custom_jack_cole_short_C_4.jpg,3,False,False,33335590,"[1.4142135623730951, 2.8284271247461903, 3.0]"
images/custom/jack_cole/short/D/custom_jack_cole_short_D_0.jpg,4,True,True,53617832,"[0.0, 1.4142135623730951, 2.0, 2.23606797749979]"
images/custom/jack_cole/short/D/custom_jack_cole_short_D_1.jpg,4,True,True,53798136,"[0.0, 1.4142135623730951, 2.0, 2.23606797749979]"
images/custom/jack_cole/short/D/custom_jack_cole_short_D_2.jpg,4,True,True,54533638,"[1.0, 1.0, 1.4142135623730951, 1.4142135623730951]"
images/custom/jack_cole/short/D/custom_jack_cole_short_D_3.jpg,4,True,True,57435073,"[0.0, 2.23606797749979, 2.23606797749979, 3.1622776601683795]"
images/custom/jack_cole/short/D/custom_jack_cole_short_D_4.jpg,4,True,True,54408214,"[2.0, 2.23606797749979, 2.8284271247461903, 2.8284271247461903]"
images/custom/john_honey/high/A/custom_john_honey_high_A_0.jpg,4,True,True,29779679,"[0.0, 1.0, 3.0, 3.1622776601683795]"
images/custom/john_honey/high/A/custom_john_honey_high_A_1.jpg,3,False,False,32505141,"[1.4142135623730951, 1.4142135623730951, 1.4142135623730951]"
images/custom/john_honey/high/A/custom_john_honey_high_A_2.jpg,4,True,True,31203356,"[0.0, 1.0, 1.4142135623730951, 1.4142135623730951]"
images/custom/john_honey/high/A/custom_john_honey_high_A_3.jpg,4,True,True,35855532,"[0.0, 1.0, 2.23606797749979, 2.8284271247461903]"
images/custom/john_honey/high/A/custom_john_honey_high_A_4.jpg,4,True,True,32831581,"[1.0, 1.0, 1.4142135623730951, 1.4142135623730951]"
images/custom/john_honey/high/B/custom_john_honey_high_B_0.jpg,3,False,False,29931569,"[1.0, 1.0, 2.0]"
images/custom/john_honey/high/B/custom_john_honey_high_B_1.jpg,3,False,False,32348053,"[0.0, 1.4142135623730951, 2.0]"
images/custom/john_honey/high/B/custom_john_honey_high_B_2.jpg,3,False,False,34600211,"[1.0, 2.0, 3.605551275463989]"
images/custom/john_honey/high/B/custom_john_honey_high_B_3.jpg,3,False,False,34829299,"[1.4142135623730951, 2.23606797749979, 3.0]"
images/custom/john_honey/high/B/custom_john_honey_high_B_4.jpg,3,False,False,35038618,"[1.0, 1.0, 1.4142135623730951]"
images/custom/john_honey/high/C/custom_john_honey_high_C_0.jpg,2,False,False,32136646,"[1.0, 1.4142135623730951]"
images/custom/john_honey/high/C/custom_john_honey_high_C_1.jpg,2,False,False,34231716,"[1.0, 2.23606797749979]"
images/custom/john_honey/high/C/custom_john_honey_high_C_2.jpg,3,False,False,37655086,"[0.0, 1.0, 224.32342722060932]"
images/custom/john_honey/high/C/custom_john_honey_high_C_3.jpg,2,False,False,33190444,"[1.0, 1.0]"
images/custom/john_honey/high/C/custom_john_honey_high_C_4.jpg,2,False,False,31692652,"[1.4142135623730951, 1.4142135623730951]"
images/custom/john_honey/high/D/custom_john_honey_high_D_0.jpg,4,True,True,30113284,"[0.0, 1.0, 1.0, 1.4142135623730951]"
images/custom/john_honey/high/D/custom_john_honey_high_D_1.jpg,4,True,True,34145635,"[1.0, 1.0, 1.0, 2.23606797749979]"
images/custom/john_honey/high/D/custom_john_honey_high_D_2.jpg,4,True,True,33753423,"[0.0, 1.0, 2.0, 2.23606797749979]"
images/custom/john_honey/high/D/custom_john_honey_high_D_3.jpg,4,True,True,33640898,"[1.0, 1.0, 1.4142135623730951, 1.4142135623730951]"
images/custom/john_honey/high/D/custom_john_honey_high_D_4.jpg,4,True,True,29697603,"[1.0, 1.0, 2.0, 2.23606797749979]"
images/custom/john_honey/medium/A/custom_john_honey_medium_A_0.jpg,4,True,True,33476301,"[0.0, 1.0, 1.0, 1.0]"
images/custom/john_honey/medium/A/custom_john_honey_medium_A_1.jpg,4,True,True,40347471,"[0.0, 1.0, 1.0, 1.4142135623730951]"
images/custom/john_honey/medium/A/custom_john_honey_medium_A_2.jpg,4,True,True,39122294,"[0.0, 1.0, 1.0, 1.4142135623730951]"
images/custom/john_honey/medium/A/custom_john_honey_medium_A_3.jpg,4,True,True,37183559,"[1.0, 1.0, 1.4142135623730951, 1.4142135623730951]"
images/custom/john_honey/medium/A/custom_john_honey_medium_A_4.jpg,4,True,True,39780775,"[1.0, 1.0, 1.4142135623730951, 1.4142135623730951]"
images/custom/john_honey/medium/B/custom_john_honey_medium_B_0.jpg,4,True,True,45942429,"[1.0, 1.0, 1.0, 1.4142135623730951]"
images/custom/john_honey/medium/B/custom_john_honey_medium_B_1.jpg,4,True,True,43902484,"[1.0, 1.0, 2.23606797749979, 2.23606797749979]"
images/custom/john_honey/medium/B/custom_john_honey_medium_B_2.jpg,4,True,True,37285235,"[0.0, 2.23606797749979, 2.23606797749979, 2.23606797749979]"
images/custom/john_honey/medium/B/custom_john_honey_medium_B_3.jpg,4,True,True,38432826,"[0.0, 1.0, 2.0, 2.8284271247461903]"
images/custom/john_honey/medium/B/custom_john_honey_medium_B_4.jpg,4,True,True,40668634,"[1.0, 1.0, 1.4142135623730951, 2.23606797749979]"
images/custom/john_honey/medium/C/custom_john_honey_medium_C_0.jpg,2,False,False,36364176,"[1.0, 1.4142135623730951]"
images/custom/john_honey/medium/C/custom_john_honey_medium_C_1.jpg,2,False,False,37210782,"[1.0, 1.4142135623730951]"
images/custom/john_honey/medium/C/custom_john_honey_medium_C_2.jpg,2,False,False,34295363,"[1.0, 1.4142135623730951]"
images/custom/john_honey/medium/C/custom_john_honey_medium_C_3.jpg,2,False,False,38772663,"[0.0, 1.4142135623730951]"
images/custom/john_honey/medium/C/custom_john_honey_medium_C_4.jpg,2,False,False,40729122,"[1.0, 1.0]"
images/custom/john_honey/medium/D/custom_john_honey_medium_D_0.jpg,4,True,True,38019014,"[0.0, 1.0, 1.4142135623730951, 2.23606797749979]"
images/custom/john_honey/medium/D/custom_john_honey_medium_D_1.jpg,4,True,True,36250136,"[0.0, 1.0, 1.4142135623730951, 1.4142135623730951]"
images/custom/john_honey/medium/D/custom_john_honey_medium_D_2.jpg,4,True,True,39217968,"[0.0, 1.4142135623730951, 1.4142135623730951, 1.4142135623730951]"
images/custom/john_honey/medium/D/custom_john_honey_medium_D_3.jpg,4,True,True,38770940,"[0.0, 1.0, 1.4142135623730951, 2.23606797749979]"
images/custom/john_honey/medium/D/custom_john_honey_medium_D_4.jpg,4,True,True,39151203,"[1.0, 1.4142135623730951, 1.4142135623730951, 2.23606797749979]"
images/custom/john_honey/short/A/custom_john_honey_short_A_0.jpg,4,True,True,46645085,"[0.0, 1.0, 1.4142135623730951, 2.0]"
images/custom/john_honey/short/A/custom_john_honey_short_A_1.jpg,4,True,True,45296134,"[1.0, 1.4142135623730951, 2.23606797749979, 3.0]"
images/custom/john_honey/short/A/custom_john_honey_short_A_2.jpg,4,True,True,43205596,"[1.0, 1.0, 1.4142135623730951, 2.0]"
images/custom/john_honey/short/A/custom_john_honey_short_A_3.jpg,4,True,True,44841237,"[1.0, 1.4142135623730951, 2.0, 2.0]"
images/custom/john_honey/short/A/custom_john_honey_short_A_4.jpg,4,True,True,48373948,"[0.0, 1.4142135623730951, 2.23606797749979, 2.23606797749979]"
images/custom/john_honey/short/B/custom_john_honey_short_B_0.jpg,4,True,True,43203594,"[1.0, 1.0, 2.23606797749979, 2.23606797749979]"
images/custom/john_honey/short/B/custom_john_honey_short_B_1.jpg,4,True,True,43816854,"[0.0, 2.0, 2.0, 3.0]"
images/custom/john_honey/short/B/custom_john_honey_short_B_2.jpg,4,True,True,40671815,"[0.0, 1.0, 1.4142135623730951, 1.4142135623730951]"
images/custom/john_honey/short/B/custom_john_honey_short_B_3.jpg,4,True,True,44467520,"[1.0, 1.0, 1.0, 3.0]"
images/custom/john_honey/short/B/custom_john_honey_short_B_4.jpg,4,True,True,46936914,"[1.0, 1.0, 1.0, 1.4142135623730951]"
images/custom/john_honey/short/C/custom_john_honey_short_C_0.jpg,2,False,False,44029934,"[1.4142135623730951, 1.4142135623730951]"
images/custom/john_honey/short/C/custom_john_honey_short_C_1.jpg,2,False,False,46696718,"[1.0, 2.23606797749979]"
images/custom/john_honey/short/C/custom_john_honey_short_C_2.jpg,2,False,False,43882696,"[1.0, 1.4142135623730951]"
images/custom/john_honey/short/C/custom_john_honey_short_C_3.jpg,3,False,False,43129261,"[1.0, 1.4142135623730951, 2.0]"
images/custom/john_honey/short/C/custom_john_honey_short_C_4.jpg,3,False,False,38008178,"[0.0, 1.4142135623730951, 1.4142135623730951]"
images/custom/john_honey/short/D/custom_john_honey_short_D_0.jpg,4,True,True,45992641,"[0.0, 1.4142135623730951, 1.4142135623730951, 2.23606797749979]"
images/custom/john_honey/short/D/custom_john_honey_short_D_1.jpg,4,True,True,42181234,"[1.0, 1.0, 1.4142135623730951, 1.4142135623730951]"
images/custom/john_honey/short/D/custom_john_honey_short_D_2.jpg,4,True,True,42411594,"[1.0, 1.4142135623730951, 1.4142135623730951, 2.0]"
images/custom/john_honey/short/D/custom_john_honey_short_D_3.jpg,4,True,True,42838459,"[0.0, 1.4142135623730951, 1.4142135623730951, 2.0]"
images/custom/john_honey/short/D/custom_john_honey_short_D_4.jpg,4,True,True,47017966,"[0.0, 1.0, 1.0, 1.4142135623730951]"
images/custom/michaels/high/A/custom_michaels_high_A_0.jpg,2,False,False,29221397,"[0.0, 2.0]"
images/custom/michaels/high/A/custom_michaels_high_A_1.jpg,2,False,False,31745745,"[1.0, 1.0]"
images/custom/michaels/high/A/custom_michaels_high_A_2.jpg,4,True,True,33114087,"[1.0, 1.0, 1.4142135623730951, 1.4142135623730951]"
images/custom/michaels/high/A/custom_michaels_high_A_3.jpg,4,True,True,34549785,"[0.0, 1.0, 1.0, 1.0]"
images/custom/michaels/high/A/custom_michaels_high_A_4.jpg,4,True,True,31786666,"[0.0, 1.4142135623730951, 1.4142135623730951, 2.0]"
images/custom/michaels/high/B/custom_michaels_high_B_0.jpg,3,False,False,26025668,"[0.0, 1.0, 2.8284271247461903]"
images/custom/michaels/high/B/custom_michaels_high_B_1.jpg,4,True,True,25594536,"[1.0, 1.0, 1.4142135623730951, 2.0]"
images/custom/michaels/high/B/custom_michaels_high_B_2.jpg,3,False,False,27202883,"[1.0, 1.4142135623730951, 1.4142135623730951]"
images/custom/michaels/high/B/custom_michaels_high_B_3.jpg,2,False,False,30609814,"[1.0, 2.23606797749979]"
images/custom/michaels/high/B/custom_michaels_high_B_4.jpg,3,False,False,35776314,"[0.0, 1.0, 1.4142135623730951]"
images/custom/michaels/high/C/custom_michaels_high_C_0.jpg,2,False,False,30910811,"[1.4142135623730951, 2.23606797749979]"
images/custom/michaels/high/C/custom_michaels_high_C_1.jpg,2,False,False,30614142,"[0.0, 1.4142135623730951]"
images/custom/michaels/high/C/custom_michaels_high_C_2.jpg,2,False,False,34686681,"[1.0, 1.0]"
images/custom/michaels/high/C/custom_michaels_high_C_3.jpg,2,False,False,29414120,"[1.0, 1.4142135623730951]"
images/custom/michaels/high/C/custom_michaels_high_C_4.jpg,2,False,False,33405888,"[2.0, 2.23606797749979]"
images/custom/michaels/high/D/custom_michaels_high_D_0.jpg,4,True,True,32757919,"[0.0, 0.0, 1.0, 1.4142135623730951]"
images/custom/michaels/high/D/custom_michaels_high_D_1.jpg,4,True,True,30105719,"[1.0, 1.0, 1.4142135623730951, 2.23606797749979]"
images/custom/michaels/high/D/custom_michaels_high_D_2.jpg,4,True,True,29140060,"[1.0, 1.0, 1.0, 2.23606797749979]"
images/custom/michaels/high/D/custom_michaels_high_D_3.jpg,4,True,True,31148503,"[1.0, 1.0, 1.0, 1.4142135623730951]"
images/custom/michaels/high/D/custom_michaels_high_D_4.jpg,3,False,False,31284957,"[1.0, 1.4142135623730951, 1.4142135623730951]"
images/custom/michaels/medium/A/custom_michaels_medium_A_0.jpg,4,True,True,33787566,"[0.0, 1.4142135623730951, 2.0, 2.23606797749979]"
images/custom/michaels/medium/A/custom_michaels_medium_A_1.jpg,4,True,True,34926209,"[0.0, 0.0, 1.0, 2.0]"
images/custom/michaels/medium/A/custom_michaels_medium_A_2.jpg,4,True,True,36346814,"[1.0, 1.4142135623730951, 1.4142135623730951, 3.0]"
images/custom/michaels/medium/A/custom_michaels_medium_A_3.jpg,4,True,True,31319003,"[1.0, 1.0, 2.0, 2.23606797749979]"
images/custom/michaels/medium/A/custom_michaels_medium_A_4.jpg,4,True,True,32964458,"[0.0, 1.0, 1.4142135623730951, 1.4142135623730951]"
images/custom/michaels/medium/B/custom_michaels_medium_B_0.jpg,4,True,True,39289621,"[1.0, 1.0, 1.0, 1.0]"
images/custom/michaels/medium/B/custom_michaels_medium_B_1.jpg,4,True,True,34077235,"[0.0, 0.0, 1.4142135623730951, 2.23606797749979]"
images/custom/michaels/medium/B/custom_michaels_medium_B_2.jpg,4,True,True,32250703,"[0.0, 1.4142135623730951, 2.23606797749979, 2.23606797749979]"
images/custom/michaels/medium/B/custom_michaels_medium_B_3.jpg,4,True,True,34761600,"[0.0, 1.0, 1.4142135623730951, 2.23606797749979]"
images/custom/michaels/medium/B/custom_michaels_medium_B_4.jpg,4,True,True,35028131,"[1.0, 1.0, 1.4142135623730951, 2.0]"
images/custom/michaels/medium/C/custom_michaels_medium_C_0.jpg,2,False,False,38073391,"[1.0, 1.0]"
images/custom/michaels/medium/C/custom_michaels_medium_C_1.jpg,2,False,False,35971890,"[1.0, 1.4142135623730951]"
images/custom/michaels/medium/C/custom_michaels_medium_C_2.jpg,2,False,False,35155037,"[1.4142135623730951, 2.23606797749979]"
images/custom/michaels/medium/C/custom_michaels_medium_C_3.jpg,2,False,False,34031077,"[1.4142135623730951, 2.23606797749979]"
images/custom/michaels/medium/C/custom_michaels_medium_C_4.jpg,2,False,False,32260830,"[0.0, 0.0]"
images/custom/michaels/medium/D/custom_michaels_medium_D_0.jpg,3,False,False,29924832,"[1.0, 1.0, 1.0]"
images/custom/michaels/medium/D/custom_michaels_medium_D_1.jpg,4,True,True,30883497,"[0.0, 0.0, 1.4142135623730951, 2.23606797749979]"
images/custom/michaels/medium/D/custom_michaels_medium_D_2.jpg,4,True,True,39372764,"[0.0, 0.0, 1.0, 1.4142135623730951]"
images/custom/michaels/medium/D/custom_michaels_medium_D_3.jpg,4,True,True,37016208,"[1.0, 1.4142135623730951, 1.4142135623730951, 2.0]"
images/custom/michaels/medium/D/custom_michaels_medium_D_4.jpg,4,True,True,36968311,"[0.0, 1.0, 1.4142135623730951, 2.23606797749979]"
images/custom/michaels/short/A/custom_michaels_short_A_0.jpg,4,True,True,40659723,"[1.0, 1.0, 1.0, 2.23606797749979]"
images/custom/michaels/short/A/custom_michaels_short_A_1.jpg,4,True,True,35476472,"[0.0, 1.0, 1.0, 1.4142135623730951]"
images/custom/michaels/short/A/custom_michaels_short_A_2.jpg,4,True,True,35089792,"[0.0, 1.4142135623730951, 1.4142135623730951, 2.0]"
images/custom/michaels/short/A/custom_michaels_short_A_3.jpg,4,True,True,29061190,"[1.0, 2.23606797749979, 2.23606797749979, 2.23606797749979]"
images/custom/michaels/short/A/custom_michaels_short_A_4.jpg,4,True,True,34836733,"[1.4142135623730951, 2.0, 2.23606797749979, 2.23606797749979]"
images/custom/michaels/short/B/custom_michaels_short_B_0.jpg,4,True,True,31868256,"[1.0, 1.4142135623730951, 1.4142135623730951, 2.23606797749979]"
images/custom/michaels/short/B/custom_michaels_short_B_1.jpg,4,True,True,33776511,"[1.0, 1.0, 2.23606797749979, 2.8284271247461903]"
images/custom/michaels/short/B/custom_michaels_short_B_2.jpg,4,True,True,36456678,"[0.0, 1.4142135623730951, 1.4142135623730951, 2.0]"
images/custom/michaels/short/B/custom_michaels_short_B_3.jpg,3,False,False,35248883,"[1.4142135623730951, 1.4142135623730951, 2.0]"
images/custom/michaels/short/B/custom_michaels_short_B_4.jpg,4,True,True,29820682,"[1.4142135623730951, 2.0, 2.0, 2.23606797749979]"
images/custom/michaels/short/C/custom_michaels_short_C_0.jpg,2,False,False,30950372,"[0.0, 1.0]"
images/custom/michaels/short/C/custom_michaels_short_C_1.jpg,2,False,False,30758525,"[1.0, 1.0]"
images/custom/michaels/short/C/custom_michaels_short_C_2.jpg,2,False,False,34217989,"[1.0, 1.0]"
images/custom/michaels/short/C/custom_michaels_short_C_3.jpg,3,False,False,34408537,"[1.4142135623730951, 1.4142135623730951, 2.23606797749979]"
images/custom/michaels/short/C/custom_michaels_short_C_4.jpg,2,False,False,32199654,"[1.0, 1.4142135623730951]"
images/custom/michaels/short/D/custom_michaels_short_D_0.jpg,3,False,False,35499781,"[1.4142135623730951, 2.0, 2.0]"
images/custom/michaels/short/D/custom_michaels_short_D_1.jpg,4,True,True,36248248,"[1.0, 1.0, 1.4142135623730951, 2.23606797749979]"
images/custom/michaels/short/D/custom_michaels_short_D_2.jpg,4,True,True,35194104,"[0.0, 2.0, 2.23606797749979, 2.23606797749979]"
images/custom/michaels/short/D/custom_michaels_short_D_3.jpg,4,True,True,31093829,"[1.4142135623730951, 1.4142135623730951, 1.4142135623730951, 3.0]"
images/custom/michaels/short/D/custom_michaels_short_D_4.jpg,4,True,True,32467981,"[1.0, 1.0, 2.0, 3.0]"
images/dark/davids/high/A/dark_davids_high_A_0.jpg,3,False,False,46537543,"[1.0, 1.0, 2.23606797749979]"
images/dark/davids/high/A/dark_davids_high_A_1.jpg,3,False,False,41027275,"[1.0, 1.0, 2.23606797749979]"
images/dark/davids/high/A/dark_davids_high_A_2.jpg,4,True,True,40875706,"[0.0, 1.0, 1.0, 1.4142135623730951]"
images/dark/davids/high/A/dark_davids_high_A_3.jpg,3,False,False,43106099,"[2.0, 2.23606797749979, 2.23606797749979]"
images/dark/davids/high/A/dark_davids_high_A_4.jpg,4,True,True,39066633,"[1.0, 1.0, 1.0, 1.4142135623730951]"
images/dark/davids/high/B/dark_davids_high_B_0.jpg,4,True,True,44246235,"[1.0, 1.0, 1.0, 1.4142135623730951]"
images/dark/davids/high/B/dark_davids_high_B_1.jpg,4,True,True,43371517,"[1.0, 1.0, 2.0, 2.23606797749979]"
images/dark/davids/high/B/dark_davids_high_B_2.jpg,4,True,True,43939221,"[1.0, 1.0, 1.4142135623730951, 2.23606797749979]"
images/dark/davids/high/B/dark_davids_high_B_3.jpg,4,True,True,42298573,"[1.0, 1.4142135623730951, 2.0, 2.23606797749979]"
images/dark/davids/high/B/dark_davids_high_B_4.jpg,4,True,True,47701396,"[1.0, 1.4142135623730951, 1.4142135623730951, 1.4142135623730951]"
images/dark/davids/high/C/dark_davids_high_C_0.jpg,4,True,True,47318106,"[0.0, 1.4142135623730951, 1.4142135623730951, 2.23606797749979]"
images/dark/davids/high/C/dark_davids_high_C_1.jpg,4,True,True,42974691,"[0.0, 1.0, 1.4142135623730951, 2.0]"
images/dark/davids/high/C/dark_davids_high_C_2.jpg,4,True,True,45207537,"[0.0, 1.0, 1.0, 1.4142135623730951]"
images/dark/davids/high/C/dark_davids_high_C_3.jpg,4,True,True,39302686,"[1.0, 1.0, 1.0, 2.0]"
images/dark/davids/high/C/dark_davids_high_C_4.jpg,4,True,True,40558800,"[0.0, 1.0, 1.0, 2.0]"
images/dark/davids/high/D/dark_davids_high_D_0.jpg,4,True,True,38978899,"[0.0, 0.0, 1.4142135623730951, 2.0]"
images/dark/davids/high/D/dark_davids_high_D_1.jpg,3,False,False,38104263,"[0.0, 1.0, 1.4142135623730951]"
images/dark/davids/high/D/dark_davids_high_D_2.jpg,2,False,False,47331543,"[1.0, 1.4142135623730951]"
images/dark/davids/high/D/dark_davids_high_D_3.jpg,1,False,False,41520889,[1.0]
images/dark/davids/high/D/dark_davids_high_D_4.jpg,3,False,False,42325005,"[0.0, 1.0, 1.4142135623730951]"
images/dark/davids/medium/A/dark_davids_medium_A_0.jpg,3,False,False,27789429,"[1.0, 1.4142135623730951, 1.4142135623730951]"
images/dark/davids/medium/A/dark_davids_medium_A_1.jpg,3,False,False,46021339,"[0.0, 1.0, 1.4142135623730951]"
images/dark/davids/medium/A/dark_davids_medium_A_2.jpg,4,True,True,48821007,"[1.0, 1.0, 1.0, 2.0]"
images/dark/davids/medium/A/dark_davids_medium_A_3.jpg,4,True,True,60406053,"[1.0, 1.4142135623730951, 2.23606797749979, 2.23606797749979]"
images/dark/davids/medium/A/dark_davids_medium_A_4.jpg,3,False,False,26045182,"[1.0, 1.4142135623730951, 2.23606797749979]"
images/dark/davids/medium/B/dark_davids_medium_B_0.jpg,6,False,False,41795564,"[1.0, 1.0, 1.4142135623730951, 2.0, 615.4421175057813, 671.8720116212611]"
images/dark/davids/medium/B/dark_davids_medium_B_1.jpg,6,False,False,46833700,"[1.0, 1.0, 2.0, 2.23606797749979, 474.911570716065, 543.111406619305]"
images/dark/davids/medium/B/dark_davids_medium_B_2.jpg,6,False,False,30243663,"[1.4142135623730951, 1.4142135623730951, 2.0, 2.23606797749979, 470.8046303935423, 539.971295533383]"
images/dark/davids/medium/B/dark_davids_medium_B_3.jpg,6,False,False,48789978,"[1.0, 1.4142135623730951, 1.4142135623730951, 2.23606797749979, 470.73665674132496, 539.1567490071881]"
images/dark/davids/medium/B/dark_davids_medium_B_4.jpg,6,False,False,26234828,"[1.0, 1.0, 1.4142135623730951, 2.23606797749979, 519.3110821078249, 589.6007123469238]"
images/dark/davids/medium/C/dark_davids_medium_C_0.jpg,4,True,True,44593396,"[0.0, 1.0, 1.0, 1.0]"
images/dark/davids/medium/C/dark_davids_medium_C_1.jpg,3,False,False,46183670,"[1.0, 2.0, 2.23606797749979]"
images/dark/davids/medium/C/dark_davids_medium_C_2.jpg,3,False,False,33379360,"[1.0, 1.0, 2.23606797749979]"
images/dark/davids/medium/C/dark_davids_medium_C_3.jpg,3,False,False,31977879,"[0.0, 1.4142135623730951, 1.4142135623730951]"
images/dark/davids/medium/C/dark_davids_medium_C_4.jpg,4,True,True,31523499,"[0.0, 1.0, 2.23606797749979, 2.23606797749979]"
images/dark/davids/medium/D/dark_davids_medium_D_0.jpg,3,False,False,32023894,"[1.4142135623730951, 2.23606797749979, 590.0]"
images/dark/davids/medium/D/dark_davids_medium_D_1.jpg,3,False,False,37772777,"[1.0, 2.0, 586.8466579950848]"
images/dark/davids/medium/D/dark_davids_medium_D_2.jpg,3,False,False,41860232,"[2.23606797749979, 3.1622776601683795, 431.6132528085763]"
images/dark/davids/medium/D/dark_davids_medium_D_3.jpg,3,False,False,43810058,"[1.0, 3.605551275463989, 435.15744277215344]"
images/dark/davids/medium/D/dark_davids_medium_D_4.jpg,4,True,False,33622128,"[1.0, 2.0, 2.23606797749979, 733.6163847679521]"
images/dark/davids/short/A/dark_davids_short_A_0.jpg,4,True,True,53488660,"[1.4142135623730951, 2.0, 2.23606797749979, 3.605551275463989]"
images/dark/davids/short/A/dark_davids_short_A_1.jpg,4,True,True,30645860,"[1.0, 1.4142135623730951, 2.0, 2.0]"
images/dark/davids/short/A/dark_davids_short_A_2.jpg,4,True,True,49172590,"[1.0, 1.4142135623730951, 2.23606797749979, 3.1622776601683795]"
images/dark/davids/short/A/dark_davids_short_A_3.jpg,4,True,True,44683097,"[1.4142135623730951, 2.0, 3.1622776601683795, 4.0]"
images/dark/davids/short/A/dark_davids_short_A_4.jpg,4,True,True,36280288,"[0.0, 1.0, 2.0, 2.23606797749979]"
images/dark/davids/short/B/dark_davids_short_B_0.jpg,4,True,True,40800265,"[1.4142135623730951, 1.4142135623730951, 2.0, 3.605551275463989]"
images/dark/davids/short/B/dark_davids_short_B_1.jpg,6,False,False,51671113,"[1.0, 1.0, 1.4142135623730951, 1.4142135623730951, 230.62523712724936, 267.67517628648346]"
images/dark/davids/short/B/dark_davids_short_B_2.jpg,4,True,True,30976463,"[1.0, 1.0, 1.4142135623730951, 2.0]"
images/dark/davids/short/B/dark_davids_short_B_3.jpg,4,True,True,31804032,"[1.0, 1.0, 3.0, 3.0]"
images/dark/davids/short/B/dark_davids_short_B_4.jpg,4,True,True,25979027,"[0.0, 1.0, 1.0, 2.23606797749979]"
images/dark/davids/short/C/dark_davids_short_C_0.jpg,4,True,True,30395273,"[1.0, 1.4142135623730951, 1.4142135623730951, 2.23606797749979]"
images/dark/davids/short/C/dark_davids_short_C_1.jpg,4,True,True,29561554,"[1.0, 1.4142135623730951, 1.4142135623730951, 2.23606797749979]"
images/dark/davids/short/C/dark_davids_short_C_2.jpg,4,True,True,24480227,"[2.23606797749979, 2.23606797749979, 2.23606797749979, 3.1622776601683795]"
images/dark/davids/short/C/dark_davids_short_C_3.jpg,5,False,False,39022611,"[0.0, 1.0, 1.4142135623730951, 181.27603261324978, 201.8142710513803]"
images/dark/davids/short/C/dark_davids_short_C_4.jpg,4,True,True,48435963,"[1.0, 1.4142135623730951, 1.4142135623730951, 3.0]"
images/dark/davids/short/D/dark_davids_short_D_0.jpg,7,False,False,36236177,"[0.0, 1.0, 1.4142135623730951, 1.4142135623730951, 180.0999722376436, 184.5453873712372, 194.20865068271289]"
images/dark/davids/short/D/dark_davids_short_D_1.jpg,4,True,True,45966013,"[1.0, 1.4142135623730951, 3.0, 3.605551275463989]"
images/dark/davids/short/D/dark_davids_short_D_2.jpg,3,False,False,46454865,"[1.0, 1.0, 2.0]"
images/dark/davids/short/D/dark_davids_short_D_3.jpg,3,False,False,34664359,"[1.0, 1.0, 2.23606797749979]"
images/dark/davids/short/D/dark_davids_short_D_4.jpg,4,True,True,26411380,"[2.0, 2.23606797749979, 3.0, 3.1622776601683795]"
images/dark/jack_cole/high/A/dark_jack_cole_high_A_0.jpg,4,True,True,32826242,"[0.0, 0.0, 1.4142135623730951, 2.0]"
images/dark/jack_cole/high/A/dark_jack_cole_high_A_1.jpg,4,True,True,28904198,"[0.0, 1.0, 1.4142135623730951, 1.4142135623730951]"
images/dark/jack_cole/high/A/dark_jack_cole_high_A_2.jpg,4,True,True,39537428,"[0.0, 1.0, 1.0, 3.1622776601683795]"
images/dark/jack_cole/high/A/dark_jack_cole_high_A_3.jpg,4,True,True,30383700,"[0.0, 1.0, 1.0, 1.0]"
images/dark/jack_cole/high/A/dark_jack_cole_high_A_4.jpg,4,True,True,34036223,"[1.0, 1.4142135623730951, 1.4142135623730951, 2.23606797749979]"
images/dark/jack_cole/high/B/dark_jack_cole_high_B_0.jpg,4,True,True,35595271,"[1.0, 1.0, 1.0, 1.4142135623730951]"
images/dark/jack_cole/high/B/dark_jack_cole_high_B_1.jpg,4,True,True,26972783,"[1.0, 1.0, 1.4142135623730951, 2.0]"
images/dark/jack_cole/high/B/dark_jack_cole_high_B_2.jpg,4,True,True,32180628,"[1.0, 1.0, 2.0, 2.23606797749979]"
images/dark/jack_cole/high/B/dark_jack_cole_high_B_3.jpg,4,True,True,28466345,"[1.0, 1.0, 1.0, 3.0]"
images/dark/jack_cole/high/B/dark_jack_cole_high_B_4.jpg,4,True,True,28109864,"[1.0, 1.0, 1.0, 1.4142135623730951]"
images/dark/jack_cole/high/C/dark_jack_cole_high_C_0.jpg,4,True,True,31652962,"[1.0, 1.4142135623730951, 2.0, 2.23606797749979]"
images/dark/jack_cole/high/C/dark_jack_cole_high_C_1.jpg,4,True,True,51936867,"[1.0, 1.0, 1.4142135623730951, 1.4142135623730951]"
images/dark/jack_cole/high/C/dark_jack_cole_high_C_2.jpg,4,True,True,41450995,"[0.0, 0.0, 2.23606797749979, 2.23606797749979]"
images/dark/jack_cole/high/C/dark_jack_cole_high_C_3.jpg,4,True,True,40711506,"[1.0, 1.0, 1.4142135623730951, 2.23606797749979]"
images/dark/jack_cole/high/C/dark_jack_cole_high_C_4.jpg,4,True,True,38175833,"[1.4142135623730951, 1.4142135623730951, 2.23606797749979, 2.23606797749979]"
images/dark/jack_cole/high/D/dark_jack_cole_high_D_0.jpg,4,True,True,28742743,"[1.0, 1.0, 2.0, 2.8284271247461903]"
images/dark/jack_cole/high/D/dark_jack_cole_high_D_1.jpg,3,False,False,28770259,"[1.0, 1.4142135623730951, 2.0]"
images/dark/jack_cole/high/D/dark_jack_cole_high_D_2.jpg,3,False,False,31140262,"[1.0, 1.0, 3.0]"
images/dark/jack_cole/high/D/dark_jack_cole_high_D_3.jpg,4,True,True,35209551,"[1.0, 1.0, 1.4142135623730951, 2.23606797749979]"
images/dark/jack_cole/high/D/dark_jack_cole_high_D_4.jpg,4,True,True,35801905,"[1.4142135623730951, 1.4142135623730951, 2.0, 2.23606797749979]"
images/dark/jack_cole/medium/A/dark_jack_cole_medium_A_0.jpg,4,True,True,39323580,"[1.0, 1.0, 1.0, 2.23606797749979]"
images/dark/jack_cole/medium/A/dark_jack_cole_medium_A_1.jpg,3,False,False,39342381,"[1.4142135623730951, 2.23606797749979, 2.8284271247461903]"
images/dark/jack_cole/medium/A/dark_jack_cole_medium_A_2.jpg,4,True,True,37463167,"[1.0, 1.0, 1.4142135623730951, 3.0]"
images/dark/jack_cole/medium/A/dark_jack_cole_medium_A_3.jpg,3,False,False,26824084,"[0.0, 2.0, 2.23606797749979]"
images/dark/jack_cole/medium/A/dark_jack_cole_medium_A_4.jpg,3,False,False,28002707,"[0.0, 1.0, 1.4142135623730951]"
images/dark/jack_cole/medium/B/dark_jack_cole_medium_B_0.jpg,4,True,True,27083499,"[1.4142135623730951, 1.4142135623730951, 2.23606797749979, 3.0]"
images/dark/jack_cole/medium/B/dark_jack_cole_medium_B_1.jpg,4,True,True,34313902,"[1.0, 1.4142135623730951, 2.0, 2.23606797749979]"
images/dark/jack_cole/medium/B/dark_jack_cole_medium_B_2.jpg,4,True,True,34921460,"[1.0, 2.0, 2.0, 2.23606797749979]"
images/dark/jack_cole/medium/B/dark_jack_cole_medium_B_3.jpg,4,True,True,27970366,"[0.0, 2.23606797749979, 2.23606797749979, 2.8284271247461903]"
images/dark/jack_cole/medium/B/dark_jack_cole_medium_B_4.jpg,4,True,True,42839309,"[1.0, 1.4142135623730951, 2.0, 2.0]"
images/dark/jack_cole/medium/C/dark_jack_cole_medium_C_0.jpg,4,True,True,42456122,"[0.0, 1.0, 1.0, 1.4142135623730951]"
images/dark/jack_cole/medium/C/dark_jack_cole_medium_C_1.jpg,4,True,True,38564853,"[1.0, 1.0, 1.4142135623730951, 1.4142135623730951]"
images/dark/jack_cole/medium/C/dark_jack_cole_medium_C_2.jpg,4,True,True,37880482,"[1.0, 1.0, 2.23606797749979, 3.1622776601683795]"
images/dark/jack_cole/medium/C/dark_jack_cole_medium_C_3.jpg,4,True,True,38262907,"[0.0, 2.0, 2.8284271247461903, 3.0]"
images/dark/jack_cole/medium/C/dark_jack_cole_medium_C_4.jpg,4,True,True,37415826,"[1.0, 2.0, 2.23606797749979, 3.0]"
images/dark/jack_cole/medium/D/dark_jack_cole_medium_D_0.jpg,4,True,True,35543296,"[1.0, 2.0, 2.0, 3.1622776601683795]"
images/dark/jack_cole/medium/D/dark_jack_cole_medium_D_1.jpg,4,True,True,37937775,"[0.0, 0.0, 0.0, 2.0]"
images/dark/jack_cole/medium/D/dark_jack_cole_medium_D_2.jpg,4,True,True,33395387,"[1.0, 1.4142135623730951, 2.0, 2.0]"
images/dark/jack_cole/medium/D/dark_jack_cole_medium_D_3.jpg,4,True,True,34762992,"[1.0, 1.0, 1.0, 1.4142135623730951]"
images/dark/jack_cole/medium/D/dark_jack_cole_medium_D_4.jpg,3,False,False,37754992,"[0.0, 1.0, 2.0]"
images/dark/jack_cole/short/A/dark_jack_cole_short_A_0.jpg,4,True,True,42478884,"[1.0, 1.0, 1.4142135623730951, 2.0]"
images/dark/jack_cole/short/A/dark_jack_cole_short_A_1.jpg,4,True,True,41659489,"[0.0, 1.0, 1.4142135623730951, 2.23606797749979]"
images/dark/jack_cole/short/A/dark_jack_cole_short_A_2.jpg,4,True,True,34459596,"[1.0, 1.4142135623730951, 3.605551275463989, 3.605551275463989]"
images/dark/jack_cole/short/A/dark_jack_cole_short_A_3.jpg,4,True,True,35273322,"[1.0, 2.23606797749979, 2.23606797749979, 2.23606797749979]"
images/dark/jack_cole/short/A/dark_jack_cole_short_A_4.jpg,4,True,True,42889401,"[1.4142135623730951, 2.23606797749979, 2.23606797749979, 3.1622776601683795]"
images/dark/jack_cole/short/B/dark_jack_cole_short_B_0.jpg,4,True,True,43310060,"[1.4142135623730951, 2.0, 2.23606797749979, 3.1622776601683795]"
images/dark/jack_cole/short/B/dark_jack_cole_short_B_1.jpg,4,True,True,45184908,"[1.4142135623730951, 2.0, 2.23606797749979, 2.8284271247461903]"
images/dark/jack_cole/short/B/dark_jack_cole_short_B_2.jpg,4,True,True,50048233,"[1.0, 1.4142135623730951, 1.4142135623730951, 2.8284271247461903]"
images/dark/jack_cole/short/B/dark_jack_cole_short_B_3.jpg,4,True,True,37095529,"[1.0, 1.0, 1.0, 1.4142135623730951]"
images/dark/jack_cole/short/B/dark_jack_cole_short_B_4.jpg,4,True,True,43521838,"[1.0, 1.4142135623730951, 2.0, 2.23606797749979]"
images/dark/jack_cole/short/C/dark_jack_cole_short_C_0.jpg,4,True,True,47395181,"[1.4142135623730951, 2.0, 2.23606797749979, 2.23606797749979]"
images/dark/jack_cole/short/C/dark_jack_cole_short_C_1.jpg,3,False,False,42899377,"[1.0, 2.23606797749979, 2.8284271247461903]"
images/dark/jack_cole/short/C/dark_jack_cole_short_C_2.jpg,4,True,True,44017890,"[1.0, 1.4142135623730951, 1.4142135623730951, 2.0]"
images/dark/jack_cole/short/C/dark_jack_cole_short_C_3.jpg,4,True,True,35827162,"[1.0, 1.0, 1.0, 2.0]"
images/dark/jack_cole/short/C/dark_jack_cole_short_C_4.jpg,4,True,True,44173301,"[0.0, 1.0, 2.23606797749979, 4.123105625617661]"
images/dark/jack_cole/short/D/dark_jack_cole_short_D_0.jpg,4,True,True,51162317,"[1.0, 1.0, 2.8284271247461903, 3.1622776601683795]"
images/dark/jack_cole/short/D/dark_jack_cole_short_D_1.jpg,3,False,False,47890010,"[2.23606797749979, 2.23606797749979, 3.0]"
images/dark/jack_cole/short/D/dark_jack_cole_short_D_2.jpg,4,True,True,45321035,"[1.4142135623730951, 2.23606797749979, 3.0, 3.1622776601683795]"
images/dark/jack_cole/short/D/dark_jack_cole_short_D_3.jpg,2,False,False,33129499,"[1.0, 1.0]"
images/dark/jack_cole/short/D/dark_jack_cole_short_D_4.jpg,4,True,True,40194634,"[2.23606797749979, 2.23606797749979, 2.23606797749979, 2.23606797749979]"
images/dark/john_honey/high/A/dark_john_honey_high_A_0.jpg,2,False,False,29852908,"[1.0, 2.23606797749979]"
images/dark/john_honey/high/A/dark_john_honey_high_A_1.jpg,2,False,False,31433407,"[1.4142135623730951, 1.4142135623730951]"
images/dark/john_honey/high/A/dark_john_honey_high_A_2.jpg,2,False,False,31020616,"[2.0, 2.8284271247461903]"
images/dark/john_honey/high/A/dark_john_honey_high_A_3.jpg,3,False,False,29865871,"[1.0, 2.23606797749979, 2.8284271247461903]"
images/dark/john_honey/high/A/dark_john_honey_high_A_4.jpg,3,False,False,31321375,"[0.0, 1.0, 2.0]"
images/dark/john_honey/high/B/dark_john_honey_high_B_0.jpg,3,False,False,30813310,"[0.0, 1.0, 1.0]"
images/dark/john_honey/high/B/dark_john_honey_high_B_1.jpg,3,False,False,31542444,"[1.0, 2.23606797749979, 2.8284271247461903]"
images/dark/john_honey/high/B/dark_john_honey_high_B_2.jpg,3,False,False,30525446,"[1.4142135623730951, 2.0, 2.23606797749979]"
images/dark/john_honey/high/B/dark_john_honey_high_B_3.jpg,3,False,False,30098362,"[0.0, 1.4142135623730951, 3.1622776601683795]"
images/dark/john_honey/high/B/dark_john_honey_high_B_4.jpg,3,False,False,30482603,"[1.4142135623730951, 1.4142135623730951, 2.0]"
images/dark/john_honey/high/C/dark_john_honey_high_C_0.jpg,3,False,False,28454019,"[0.0, 1.0, 1.4142135623730951]"
images/dark/john_honey/high/C/dark_john_honey_high_C_1.jpg,3,False,False,24112264,"[0.0, 1.0, 1.4142135623730951]"
images/dark/john_honey/high/C/dark_john_honey_high_C_2.jpg,3,False,False,30720591,"[1.0, 1.4142135623730951, 2.8284271247461903]"
images/dark/john_honey/high/C/dark_john_honey_high_C_3.jpg,3,False,False,33334141,"[1.0, 2.23606797749979, 2.23606797749979]"
images/dark/john_honey/high/C/dark_john_honey_high_C_4.jpg,3,False,False,30694895,"[1.0, 1.4142135623730951, 1.4142135623730951]"
images/dark/john_honey/high/D/dark_john_honey_high_D_0.jpg,1,False,False,30672413,[1.0]
images/dark/john_honey/high/D/dark_john_honey_high_D_1.jpg,1,False,False,31412599,[1.0]
images/dark/john_honey/high/D/dark_john_honey_high_D_2.jpg,1,False,False,32126428,[2.23606797749979]
images/dark/john_honey/high/D/dark_john_honey_high_D_3.jpg,2,False,False,31078040,"[2.0, 2.8284271247461903]"
images/dark/john_honey/high/D/dark_john_honey_high_D_4.jpg,1,False,False,29989141,[2.23606797749979]
images/dark/john_honey/medium/A/dark_john_honey_medium_A_0.jpg,4,True,True,36247053,"[1.4142135623730951, 1.4142135623730951, 2.23606797749979, 2.8284271247461903]"
images/dark/john_honey/medium/A/dark_john_honey_medium_A_1.jpg,3,False,False,34921228,"[1.4142135623730951, 2.0, 2.23606797749979]"
images/dark/john_honey/medium/A/dark_john_honey_medium_A_2.jpg,4,True,True,38381888,"[0.0, 1.0, 2.0, 2.23606797749979]"
images/dark/john_honey/medium/A/dark_john_honey_medium_A_3.jpg,3,False,False,37035607,"[1.0, 1.0, 3.0]"
images/dark/john_honey/medium/A/dark_john_honey_medium_A_4.jpg,3,False,False,38108739,"[1.0, 1.0, 1.0]"
images/dark/john_honey/medium/B/dark_john_honey_medium_B_0.jpg,4,True,True,39221053,"[1.0, 1.0, 2.0, 2.23606797749979]"
images/dark/john_honey/medium/B/dark_john_honey_medium_B_1.jpg,4,True,True,34412066,"[0.0, 1.0, 1.4142135623730951, 2.23606797749979]"
images/dark/john_honey/medium/B/dark_john_honey_medium_B_2.jpg,4,True,True,36300308,"[1.0, 1.0, 1.4142135623730951, 2.0]"
images/dark/john_honey/medium/B/dark_john_honey_medium_B_3.jpg,4,True,True,34249581,"[1.0, 1.0, 2.0, 2.23606797749979]"
images/dark/john_honey/medium/B/dark_john_honey_medium_B_4.jpg,4,True,True,31581300,"[0.0, 0.0, 1.0, 2.23606797749979]"
images/dark/john_honey/medium/C/dark_john_honey_medium_C_0.jpg,3,False,False,36041522,"[1.0, 1.0, 1.0]"
images/dark/john_honey/medium/C/dark_john_honey_medium_C_1.jpg,3,False,False,38748233,"[1.4142135623730951, 1.4142135623730951, 2.8284271247461903]"
images/dark/john_honey/medium/C/dark_john_honey_medium_C_2.jpg,4,True,True,36684004,"[1.0, 2.0, 2.0, 2.23606797749979]"
images/dark/john_honey/medium/C/dark_john_honey_medium_C_3.jpg,4,True,True,39200935,"[0.0, 1.4142135623730951, 2.0, 2.23606797749979]"
images/dark/john_honey/medium/C/dark_john_honey_medium_C_4.jpg,4,True,True,36704767,"[0.0, 2.23606797749979, 2.23606797749979, 2.23606797749979]"
images/dark/john_honey/medium/D/dark_john_honey_medium_D_0.jpg,2,False,False,39327203,"[2.0, 2.23606797749979]"
images/dark/john_honey/medium/D/dark_john_honey_medium_D_1.jpg,2,False,False,36937549,"[0.0, 1.4142135623730951]"
images/dark/john_honey/medium/D/dark_john_honey_medium_D_2.jpg,1,False,False,36488888,[1.4142135623730951]
images/dark/john_honey/medium/D/dark_john_honey_medium_D_3.jpg,2,False,False,35342668,"[2.0, 2.23606797749979]"
images/dark/john_honey/medium/D/dark_john_honey_medium_D_4.jpg,3,False,False,40608778,"[1.0, 2.0, 2.23606797749979]"
images/dark/john_honey/short/A/dark_john_honey_short_A_0.jpg,3,False,False,36484914,"[1.4142135623730951, 2.0, 3.1622776601683795]"
images/dark/john_honey/short/A/dark_john_honey_short_A_1.jpg,3,False,False,31485755,"[0.0, 1.0, 3.605551275463989]"
images/dark/john_honey/short/A/dark_john_honey_short_A_2.jpg,3,False,False,38333936,"[0.0, 1.0, 1.4142135623730951]"
images/dark/john_honey/short/A/dark_john_honey_short_A_3.jpg,2,False,False,33108789,"[2.0, 3.0]"
images/dark/john_honey/short/A/dark_john_honey_short_A_4.jpg,4,True,True,32460003,"[1.0, 1.4142135623730951, 1.4142135623730951, 2.23606797749979]"
images/dark/john_honey/short/B/dark_john_honey_short_B_0.jpg,4,True,True,30831219,"[0.0, 1.0, 1.4142135623730951, 2.23606797749979]"
images/dark/john_honey/short/B/dark_john_honey_short_B_1.jpg,4,True,True,31174223,"[1.4142135623730951, 1.4142135623730951, 2.23606797749979, 2.23606797749979]"
images/dark/john_honey/short/B/dark_john_honey_short_B_2.jpg,3,False,False,33041383,"[1.0, 2.23606797749979, 2.23606797749979]"
images/dark/john_honey/short/B/dark_john_honey_short_B_3.jpg,3,False,False,29894135,"[1.0, 1.4142135623730951, 2.23606797749979]"
images/dark/john_honey/short/B/dark_john_honey_short_B_4.jpg,4,True,True,37115525,"[1.0, 1.0, 1.0, 1.4142135623730951]"
images/dark/john_honey/short/C/dark_john_honey_short_C_0.jpg,4,True,True,32239038,"[1.0, 1.4142135623730951, 1.4142135623730951, 2.23606797749979]"
images/dark/john_honey/short/C/dark_john_honey_short_C_1.jpg,4,True,True,32828484,"[0.0, 0.0, 1.0, 1.0]"
images/dark/john_honey/short/C/dark_john_honey_short_C_2.jpg,4,True,True,34967989,"[0.0, 1.4142135623730951, 1.4142135623730951, 2.23606797749979]"
images/dark/john_honey/short/C/dark_john_honey_short_C_3.jpg,4,True,True,40543845,"[1.4142135623730951, 1.4142135623730951, 2.23606797749979, 2.23606797749979]"
images/dark/john_honey/short/C/dark_john_honey_short_C_4.jpg,4,True,True,40473192,"[1.0, 2.0, 2.8284271247461903, 4.0]"
images/dark/john_honey/short/D/dark_john_honey_short_D_0.jpg,4,True,True,42164995,"[0.0, 1.0, 2.0, 2.8284271247461903]"
images/dark/john_honey/short/D/dark_john_honey_short_D_1.jpg,1,False,False,37453259,[1.0]
images/dark/john_honey/short/D/dark_john_honey_short_D_2.jpg,4,True,True,37735789,"[0.0, 2.0, 2.23606797749979, 3.0]"
images/dark/john_honey/short/D/dark_john_honey_short_D_3.jpg,4,True,True,38343839,"[1.0, 2.0, 2.0, 2.8284271247461903]"
images/dark/john_honey/short/D/dark_john_honey_short_D_4.jpg,4,True,True,40459635,"[1.0, 1.4142135623730951, 2.8284271247461903, 4.47213595499958]"
images/dark/michaels/high/A/dark_michaels_high_A_0.jpg,4,True,True,31849976,"[1.0, 1.0, 1.4142135623730951, 3.1622776601683795]"
images/dark/michaels/high/A/dark_michaels_high_A_1.jpg,4,True,True,38034619,"[0.0, 2.0, 2.23606797749979, 2.23606797749979]"
images/dark/michaels/high/A/dark_michaels_high_A_2.jpg,4,True,True,31254504,"[0.0, 1.0, 1.4142135623730951, 2.0]"
images/dark/michaels/high/A/dark_michaels_high_A_3.jpg,4,True,True,36526952,"[1.0, 1.4142135623730951, 2.0, 2.0]"
images/dark/michaels/high/A/dark_michaels_high_A_4.jpg,4,True,True,34837039,"[1.0, 1.0, 1.4142135623730951, 1.4142135623730951]"
images/dark/michaels/high/B/dark_michaels_high_B_0.jpg,4,True,True,35400096,"[1.0, 1.0, 2.23606797749979, 3.1622776601683795]"
images/dark/michaels/high/B/dark_michaels_high_B_1.jpg,4,True,True,29910843,"[0.0, 1.0, 1.0, 2.23606797749979]"
images/dark/michaels/high/B/dark_michaels_high_B_2.jpg,4,True,True,32601920,"[1.0, 2.0, 2.0, 2.23606797749979]"
images/dark/michaels/high/B/dark_michaels_high_B_3.jpg,4,True,True,35582052,"[1.0, 1.0, 2.23606797749979, 3.1622776601683795]"
images/dark/michaels/high/B/dark_michaels_high_B_4.jpg,4,True,True,41412022,"[0.0, 1.4142135623730951, 2.0, 2.23606797749979]"
images/dark/michaels/high/C/dark_michaels_high_C_0.jpg,4,True,True,34044275,"[0.0, 1.0, 1.0, 3.0]"
images/dark/michaels/high/C/dark_michaels_high_C_1.jpg,4,True,True,41462816,"[1.0, 1.4142135623730951, 2.23606797749979, 2.23606797749979]"
images/dark/michaels/high/C/dark_michaels_high_C_2.jpg,4,True,True,38604849,"[1.0, 1.4142135623730951, 2.0, 2.23606797749979]"
images/dark/michaels/high/C/dark_michaels_high_C_3.jpg,4,True,True,39696049,"[1.0, 1.0, 1.4142135623730951, 2.0]"
images/dark/michaels/high/C/dark_michaels_high_C_4.jpg,4,True,True,38196994,"[0.0, 1.4142135623730951, 2.0, 2.0]"
images/dark/michaels/high/D/dark_michaels_high_D_0.jpg,2,False,False,36567786,"[1.4142135623730951, 3.1622776601683795]"
images/dark/michaels/high/D/dark_michaels_high_D_1.jpg,3,False,False,35979534,"[1.0, 1.4142135623730951, 2.0]"
images/dark/michaels/high/D/dark_michaels_high_D_2.jpg,1,False,False,29215622,[3.0]
images/dark/michaels/high/D/dark_michaels_high_D_3.jpg,2,False,False,33905432,"[2.23606797749979, 2.8284271247461903]"
images/dark/michaels/high/D/dark_michaels_high_D_4.jpg,2,False,False,32406474,"[1.4142135623730951, 1.4142135623730951]"
images/dark/michaels/medium/A/dark_michaels_medium_A_0.jpg,4,True,True,37574819,"[0.0, 1.0, 1.0, 1.4142135623730951]"
images/dark/michaels/medium/A/dark_michaels_medium_A_1.jpg,1,False,False,35100177,[1.4142135623730951]
images/dark/michaels/medium/A/dark_michaels_medium_A_2.jpg,4,True,True,38688806,"[1.0, 2.0, 3.0, 3.1622776601683795]"
images/dark/michaels/medium/A/dark_michaels_medium_A_3.jpg,4,True,True,39555013,"[0.0, 2.23606797749979, 2.23606797749979, 2.23606797749979]"
images/dark/michaels/medium/A/dark_michaels_medium_A_4.jpg,4,True,True,34213341,"[1.4142135623730951, 2.23606797749979, 2.23606797749979, 3.1622776601683795]"
images/dark/michaels/medium/B/dark_michaels_medium_B_0.jpg,3,False,False,42799975,"[1.4142135623730951, 2.0, 2.23606797749979]"
images/dark/michaels/medium/B/dark_michaels_medium_B_1.jpg,3,False,False,39598263,"[0.0, 1.0, 2.0]"
images/dark/michaels/medium/B/dark_michaels_medium_B_2.jpg,3,False,False,31464829,"[1.0, 2.8284271247461903, 2.8284271247461903]"
images/dark/michaels/medium/B/dark_michaels_medium_B_3.jpg,2,False,False,34737814,"[1.0, 2.23606797749979]"
images/dark/michaels/medium/B/dark_michaels_medium_B_4.jpg,4,True,True,32759525,"[1.0, 1.4142135623730951, 2.0, 2.23606797749979]"
images/dark/michaels/medium/C/dark_michaels_medium_C_0.jpg,4,True,True,33937010,"[1.0, 1.0, 1.0, 2.0]"
images/dark/michaels/medium/C/dark_michaels_medium_C_1.jpg,4,True,True,35480258,"[0.0, 0.0, 2.0, 2.0]"
images/dark/michaels/medium/C/dark_michaels_medium_C_2.jpg,4,True,True,42797321,"[0.0, 1.0, 1.4142135623730951, 2.23606797749979]"
images/dark/michaels/medium/C/dark_michaels_medium_C_3.jpg,3,False,False,45412693,"[1.0, 1.4142135623730951, 1.4142135623730951]"
images/dark/michaels/medium/C/dark_michaels_medium_C_4.jpg,3,False,False,35170556,"[1.0, 1.4142135623730951, 2.0]"
images/dark/michaels/medium/D/dark_michaels_medium_D_0.jpg,1,False,False,41721984,[2.0]
images/dark/michaels/medium/D/dark_michaels_medium_D_1.jpg,2,False,False,29887327,"[1.0, 1.4142135623730951]"
images/dark/michaels/medium/D/dark_michaels_medium_D_2.jpg,2,False,False,33766236,"[1.4142135623730951, 2.0]"
images/dark/michaels/medium/D/dark_michaels_medium_D_3.jpg,2,False,False,33324675,"[1.0, 1.4142135623730951]"
images/dark/michaels/medium/D/dark_michaels_medium_D_4.jpg,4,True,True,34899619,"[0.0, 1.0, 2.0, 2.23606797749979]"
images/dark/michaels/short/A/dark_michaels_short_A_0.jpg,4,True,True,32285007,"[0.0, 1.0, 1.0, 2.8284271247461903]"
images/dark/michaels/short/A/dark_michaels_short_A_1.jpg,4,True,True,32837642,"[1.4142135623730951, 1.4142135623730951, 1.4142135623730951, 2.0]"
images/dark/michaels/short/A/dark_michaels_short_A_2.jpg,4,True,True,30653737,"[1.0, 1.0, 2.0, 2.0]"
images/dark/michaels/short/A/dark_michaels_short_A_3.jpg,4,True,True,32142503,"[1.0, 1.4142135623730951, 3.1622776601683795, 3.1622776601683795]"
images/dark/michaels/short/A/dark_michaels_short_A_4.jpg,4,True,True,32072310,"[1.4142135623730951, 1.4142135623730951, 2.23606797749979, 2.8284271247461903]"
images/dark/michaels/short/B/dark_michaels_short_B_0.jpg,4,True,True,33780238,"[1.0, 2.23606797749979, 3.1622776601683795, 4.242640687119285]"
images/dark/michaels/short/B/dark_michaels_short_B_1.jpg,4,True,True,27232631,"[1.4142135623730951, 2.0, 2.23606797749979, 3.1622776601683795]"
images/dark/michaels/short/B/dark_michaels_short_B_2.jpg,4,True,True,31769045,"[1.4142135623730951, 1.4142135623730951, 1.4142135623730951, 2.23606797749979]"
images/dark/michaels/short/B/dark_michaels_short_B_3.jpg,4,True,True,31802113,"[0.0, 1.0, 1.4142135623730951, 3.0]"
images/dark/michaels/short/B/dark_michaels_short_B_4.jpg,4,True,True,38333992,"[0.0, 1.4142135623730951, 2.0, 2.23606797749979]"
images/dark/michaels/short/C/dark_michaels_short_C_0.jpg,4,True,True,35119746,"[1.4142135623730951, 2.0, 3.0, 3.0]"
images/dark/michaels/short/C/dark_michaels_short_C_1.jpg,4,True,True,29618124,"[1.0, 2.23606797749979, 2.8284271247461903, 3.0]"
images/dark/michaels/short/C/dark_michaels_short_C_2.jpg,4,True,True,30850875,"[0.0, 1.4142135623730951, 2.0, 2.23606797749979]"
images/dark/michaels/short/C/dark_michaels_short_C_3.jpg,4,True,True,38018088,"[1.0, 1.0, 1.4142135623730951, 2.23606797749979]"
images/dark/michaels/short/C/dark_michaels_short_C_4.jpg,4,True,True,28680878,"[1.0, 1.0, 1.0, 1.0]"
images/dark/michaels/short/D/dark_michaels_short_D_0.jpg,4,True,True,33218614,"[1.0, 1.0, 1.4142135623730951, 1.4142135623730951]"
images/dark/michaels/short/D/dark_michaels_short_D_1.jpg,2,False,False,28852884,"[1.0, 3.1622776601683795]"
images/dark/michaels/short/D/dark_michaels_short_D_2.jpg,2,False,False,31746728,"[1.4142135623730951, 2.23606797749979]"
images/dark/michaels/short/D/dark_michaels_short_D_3.jpg,4,True,True,30954273,"[2.0, 2.0, 2.23606797749979, 3.1622776601683795]"
images/dark/michaels/short/D/dark_michaels_short_D_4.jpg,3,False,False,31114550,"[1.4142135623730951, 2.23606797749979, 2.23606797749979]"
