,0,1,2,3,4
images/custom/davids/high/A/custom_davids_high_A_0.jpg,6,False,False,47840059,"[0.0, 1.0, 1.0, 1.0, 408.57067931999234, 885.641010793877]"
images/custom/davids/high/A/custom_davids_high_A_1.jpg,5,False,False,38152996,"[1.0, 1.0, 1.0, 2.23606797749979, 906.5208216031224]"
images/custom/davids/high/A/custom_davids_high_A_2.jpg,5,False,False,44387790,"[0.0, 1.0, 1.4142135623730951, 1.4142135623730951, 762.1679604916491]"
images/custom/davids/high/A/custom_davids_high_A_3.jpg,4,True,True,53141498,"[1.0, 1.4142135623730951, 2.0, 2.0]"
images/custom/davids/high/A/custom_davids_high_A_4.jpg,4,True,True,42909911,"[1.0, 1.0, 1.4142135623730951, 2.0]"
images/custom/davids/high/B/custom_davids_high_B_0.jpg,4,True,True,37656239,"[1.0, 1.0, 2.23606797749979, 3.1622776601683795]"
images/custom/davids/high/B/custom_davids_high_B_1.jpg,2,False,False,51307816,"[0.0, 1.0]"
images/custom/davids/high/B/custom_davids_high_B_2.jpg,4,True,True,39194673,"[0.0, 1.0, 1.4142135623730951, 2.0]"
images/custom/davids/high/B/custom_davids_high_B_3.jpg,4,True,True,45275391,"[1.0, 1.4142135623730951, 1.4142135623730951, 2.0]"
images/custom/davids/high/B/custom_davids_high_B_4.jpg,3,False,False,35586333,"[1.0, 2.0, 7.0]"
images/custom/davids/high/C/custom_davids_high_C_0.jpg,2,False,False,33468655,"[1.4142135623730951, 2.23606797749979]"
images/custom/davids/high/C/custom_davids_high_C_1.jpg,2,False,False,44351468,"[0.0, 4.47213595499958]"
images/custom/davids/high/C/custom_davids_high_C_2.jpg,2,False,False,41076694,"[0.0, 1.0]"
images/custom/davids/high/C/custom_davids_high_C_3.jpg,2,False,False,35866866,"[1.0, 1.0]"
images/custom/davids/high/C/custom_davids_high_C_4.jpg,2,False,False,30595499,"[1.4142135623730951, 2.0]"
images/custom/davids/high/D/custom_davids_high_D_0.jpg,4,True,True,36754210,"[1.4142135623730951, 1.4142135623730951, 1.4142135623730951, 2.23606797749979]"
images/custom/davids/high/D/custom_davids_high_D_1.jpg,5,False,False,44564028,"[0.0, 1.0, 1.0, 1.4142135623730951, 318.3237345847777]"
images/custom/davids/high/D/custom_davids_high_D_2.jpg,4,True,True,45225089,"[1.0, 1.0, 2.23606797749979, 2.23606797749979]"
images/custom/davids/high/D/custom_davids_high_D_3.jpg,4,True,True,36831375,"[0.0, 1.0, 1.0, 1.4142135623730951]"
images/custom/davids/high/D/custom_davids_high_D_4.jpg,4,True,True,43394336,"[1.0, 1.0, 2.0, 2.23606797749979]"
images/custom/davids/medium/A/custom_davids_medium_A_0.jpg,4,True,True,41967991,"[1.0, 1.0, 1.0, 1.0]"
images/custom/davids/medium/A/custom_davids_medium_A_1.jpg,4,True,True,37723297,"[1.0, 2.0, 2.0, 2.23606797749979]"
images/custom/davids/medium/A/custom_davids_medium_A_2.jpg,3,False,False,36320476,"[1.4142135623730951, 1.4142135623730951, 2.23606797749979]"
images/custom/davids/medium/A/custom_davids_medium_A_3.jpg,3,False,False,40910793,"[1.4142135623730951, 1.4142135623730951, 170.75128110793196]"
images/custom/davids/medium/A/custom_davids_medium_A_4.jpg,1,False,False,32882033,[2.0]
images/custom/davids/medium/B/custom_davids_medium_B_0.jpg,6,False,False,39278952,"[0.0, 0.0, 2.23606797749979, 2.23606797749979, 301.7614952242913, 303.22269044383864]"
images/custom/davids/medium/B/custom_davids_medium_B_1.jpg,8,False,False,49284859,"[0.0, 0.0, 1.4142135623730951, 2.23606797749979, 414.45023826751503, 442.7572698443245, 456.1578674099571, 466.43863476345956]"
images/custom/davids/medium/B/custom_davids_medium_B_2.jpg,8,False,False,42082349,"[0.0, 1.0, 1.0, 1.0, 368.0230971012553, 380.60084077679073, 392.1683312048539, 627.5420304648925]"
images/custom/davids/medium/B/custom_davids_medium_B_3.jpg,8,False,False,44996340,"[0.0, 0.0, 1.4142135623730951, 1.4142135623730951, 296.05742686174926, 333.94610343586885, 336.02976058676705, 608.9375994303522]"
images/custom/davids/medium/B/custom_davids_medium_B_4.jpg,4,True,True,37589101,"[0.0, 1.0, 1.0, 1.0]"
images/custom/davids/medium/C/custom_davids_medium_C_0.jpg,2,False,False,42285488,"[1.0, 1.4142135623730951]"
images/custom/davids/medium/C/custom_davids_medium_C_1.jpg,5,False,False,35672741,"[1.0, 2.23606797749979, 115.10864433221339, 121.40016474453401, 158.04113388608675]"
images/custom/davids/medium/C/custom_davids_medium_C_2.jpg,2,False,False,34544148,"[0.0, 1.0]"
images/custom/davids/medium/C/custom_davids_medium_C_3.jpg,1,False,False,38602033,[1.4142135623730951]
images/custom/davids/medium/C/custom_davids_medium_C_4.jpg,1,False,False,33165804,[1.4142135623730951]
images/custom/davids/medium/D/custom_davids_medium_D_0.jpg,2,False,False,31909640,"[1.4142135623730951, 2.23606797749979]"
images/custom/davids/medium/D/custom_davids_medium_D_1.jpg,3,False,False,38049680,"[1.0, 2.23606797749979, 2.23606797749979]"
images/custom/davids/medium/D/custom_davids_medium_D_2.jpg,4,True,True,35822516,"[1.0, 1.0, 1.4142135623730951, 3.0]"
images/custom/davids/medium/D/custom_davids_medium_D_3.jpg,4,True,True,45990759,"[1.0, 1.0, 1.0, 2.23606797749979]"
images/custom/davids/medium/D/custom_davids_medium_D_4.jpg,4,True,True,36099248,"[0.0, 1.0, 1.0, 2.0]"
images/custom/davids/short/A/custom_davids_short_A_0.jpg,4,True,True,36798651,"[1.0, 1.0, 1.4142135623730951, 2.23606797749979]"
images/custom/davids/short/A/custom_davids_short_A_1.jpg,3,False,False,36579660,"[1.0, 1.0, 2.23606797749979]"
images/custom/davids/short/A/custom_davids_short_A_2.jpg,3,False,False,34693975,"[1.0, 1.0, 3.1622776601683795]"
images/custom/davids/short/A/custom_davids_short_A_3.jpg,1,False,False,30945067,[0.0]
images/custom/davids/short/A/custom_davids_short_A_4.jpg,2,False,False,34986712,"[0.0, 2.8284271247461903]"
images/custom/davids/short/B/custom_davids_short_B_0.jpg,8,False,False,46022693,"[1.0, 1.4142135623730951, 1.4142135623730951, 3.0, 318.7789202566569, 325.25989608311687, 334.43235489408016, 356.6791275081849]"
images/custom/davids/short/B/custom_davids_short_B_1.jpg,3,False,False,45505799,"[0.0, 1.0, 3.1622776601683795]"
images/custom/davids/short/B/custom_davids_short_B_2.jpg,3,False,False,41330221,"[1.0, 2.23606797749979, 568.8699324098611]"
images/custom/davids/short/B/custom_davids_short_B_3.jpg,2,False,False,33895842,"[1.0, 2.0]"
images/custom/davids/short/B/custom_davids_short_B_4.jpg,3,False,False,31981416,"[1.0, 1.0, 2.0]"
images/custom/davids/short/C/custom_davids_short_C_0.jpg,1,False,False,32592204,[1.0]
images/custom/davids/short/C/custom_davids_short_C_1.jpg,2,False,False,39707647,"[1.0, 2.0]"
images/custom/davids/short/C/custom_davids_short_C_2.jpg,4,True,False,31309038,"[1.0, 288.1700886629284, 300.3747659175118, 329.802971484491]"
images/custom/davids/short/C/custom_davids_short_C_3.jpg,2,False,False,42916283,"[1.0, 1.4142135623730951]"
images/custom/davids/short/C/custom_davids_short_C_4.jpg,2,False,False,34765094,"[0.0, 2.0]"
images/custom/davids/short/D/custom_davids_short_D_0.jpg,3,False,False,44963322,"[0.0, 1.0, 1.0]"
images/custom/davids/short/D/custom_davids_short_D_1.jpg,3,False,False,48413092,"[0.0, 1.0, 2.23606797749979]"
images/custom/davids/short/D/custom_davids_short_D_2.jpg,4,True,True,43341627,"[0.0, 0.0, 1.0, 4.123105625617661]"
images/custom/davids/short/D/custom_davids_short_D_3.jpg,5,False,False,43581438,"[0.0, 1.0, 2.0, 351.0056979594491, 389.5600082143956]"
images/custom/davids/short/D/custom_davids_short_D_4.jpg,2,False,False,30234613,"[1.0, 1.0]"
images/custom/jack_cole/high/A/custom_jack_cole_high_A_0.jpg,4,True,True,34019091,"[0.0, 1.0, 1.4142135623730951, 2.23606797749979]"
images/custom/jack_cole/high/A/custom_jack_cole_high_A_1.jpg,4,True,True,35721092,"[0.0, 1.0, 1.0, 2.23606797749979]"
images/custom/jack_cole/high/A/custom_jack_cole_high_A_2.jpg,4,True,True,30328095,"[1.4142135623730951, 1.4142135623730951, 2.0, 2.23606797749979]"
images/custom/jack_cole/high/A/custom_jack_cole_high_A_3.jpg,4,True,True,31498108,"[1.0, 1.0, 1.0, 1.4142135623730951]"
images/custom/jack_cole/high/A/custom_jack_cole_high_A_4.jpg,4,True,True,27496831,"[0.0, 1.0, 2.0, 2.23606797749979]"
images/custom/jack_cole/high/B/custom_jack_cole_high_B_0.jpg,4,True,True,28958894,"[1.0, 1.0, 1.0, 1.4142135623730951]"
images/custom/jack_cole/high/B/custom_jack_cole_high_B_1.jpg,4,True,True,31269362,"[1.0, 1.4142135623730951, 1.4142135623730951, 1.4142135623730951]"
images/custom/jack_cole/high/B/custom_jack_cole_high_B_2.jpg,4,True,True,34015779,"[1.0, 1.4142135623730951, 2.23606797749979, 2.23606797749979]"
images/custom/jack_cole/high/B/custom_jack_cole_high_B_3.jpg,4,True,True,41877797,"[0.0, 1.0, 1.0, 1.4142135623730951]"
images/custom/jack_cole/high/B/custom_jack_cole_high_B_4.jpg,4,True,True,31692052,"[0.0, 1.0, 1.0, 1.0]"
images/custom/jack_cole/high/C/custom_jack_cole_high_C_0.jpg,2,False,False,30913399,"[1.4142135623730951, 3.0]"
images/custom/jack_cole/high/C/custom_jack_cole_high_C_1.jpg,2,False,False,28931282,"[1.0, 1.0]"
images/custom/jack_cole/high/C/custom_jack_cole_high_C_2.jpg,2,False,False,37916900,"[0.0, 1.0]"
images/custom/jack_cole/high/C/custom_jack_cole_high_C_3.jpg,2,False,False,34155628,"[1.0, 1.4142135623730951]"
images/custom/jack_cole/high/C/custom_jack_cole_high_C_4.jpg,1,False,False,28199528,[1.4142135623730951]
images/custom/jack_cole/high/D/custom_jack_cole_high_D_0.jpg,4,True,True,28138402,"[1.4142135623730951, 2.0, 2.23606797749979, 2.23606797749979]"
images/custom/jack_cole/high/D/custom_jack_cole_high_D_1.jpg,3,False,False,30981670,"[1.0, 1.0, 1.4142135623730951]"
images/custom/jack_cole/high/D/custom_jack_cole_high_D_2.jpg,2,False,False,30988754,"[1.0, 1.4142135623730951]"
images/custom/jack_cole/high/D/custom_jack_cole_high_D_3.jpg,3,False,False,38868559,"[1.0, 1.4142135623730951, 2.23606797749979]"
images/custom/jack_cole/high/D/custom_jack_cole_high_D_4.jpg,4,True,True,26810719,"[1.0, 1.0, 1.4142135623730951, 2.0]"
images/custom/jack_cole/medium/A/custom_jack_cole_medium_A_0.jpg,4,True,True,30310706,"[1.0, 1.0, 1.4142135623730951, 2.0]"
images/custom/jack_cole/medium/A/custom_jack_cole_medium_A_1.jpg,4,True,True,29021204,"[1.0, 1.4142135623730951, 2.23606797749979, 3.0]"
images/custom/jack_cole/medium/A/custom_jack_cole_medium_A_2.jpg,4,True,True,28667007,"[1.0, 1.0, 1.0, 1.4142135623730951]"
images/custom/jack_cole/medium/A/custom_jack_cole_medium_A_3.jpg,4,True,True,33861700,"[0.0, 0.0, 1.4142135623730951, 2.23606797749979]"
images/custom/jack_cole/medium/A/custom_jack_cole_medium_A_4.jpg,4,True,True,34206008,"[1.0, 1.4142135623730951, 1.4142135623730951, 2.0]"
images/custom/jack_cole/medium/B/custom_jack_cole_medium_B_0.jpg,4,True,True,25725486,"[1.0, 1.0, 1.4142135623730951, 1.4142135623730951]"
images/custom/jack_cole/medium/B/custom_jack_cole_medium_B_1.jpg,4,True,True,28246242,"[0.0, 1.0, 2.23606797749979, 2.23606797749979]"
images/custom/jack_cole/medium/B/custom_jack_cole_medium_B_2.jpg,4,True,True,31095243,"[1.0, 1.4142135623730951, 2.0, 2.0]"
images/custom/jack_cole/medium/B/custom_jack_cole_medium_B_3.jpg,4,True,True,29304806,"[1.4142135623730951, 2.23606797749979, 2.23606797749979, 3.0]"
images/custom/jack_cole/medium/B/custom_jack_cole_medium_B_4.jpg,3,False,False,34301970,"[0.0, 1.0, 3.1622776601683795]"
images/custom/jack_cole/medium/C/custom_jack_cole_medium_C_0.jpg,1,False,False,27224906,[1.4142135623730951]
images/custom/jack_cole/medium/C/custom_jack_cole_medium_C_1.jpg,2,False,False,30509294,"[0.0, 4.0]"
images/custom/jack_cole/medium/C/custom_jack_cole_medium_C_2.jpg,2,False,False,42662521,"[1.0, 4.47213595499958]"
images/custom/jack_cole/medium/C/custom_jack_cole_medium_C_3.jpg,2,False,False,40000853,"[2.23606797749979, 2.23606797749979]"
images/custom/jack_cole/medium/C/custom_jack_cole_medium_C_4.jpg,2,False,False,30745680,"[2.23606797749979, 2.23606797749979]"
images/custom/jack_cole/medium/D/custom_jack_cole_medium_D_0.jpg,4,True,True,29120748,"[2.0, 2.0, 2.23606797749979, 3.0]"
images/custom/jack_cole/medium/D/custom_jack_cole_medium_D_1.jpg,4,True,True,35526632,"[0.0, 1.0, 1.4142135623730951, 2.0]"
images/custom/jack_cole/medium/D/custom_jack_cole_medium_D_2.jpg,4,True,True,35239124,"[1.0, 1.0, 1.4142135623730951, 2.0]"
images/custom/jack_cole/medium/D/custom_jack_cole_medium_D_3.jpg,4,True,True,37891369,"[1.0, 1.4142135623730951, 1.4142135623730951, 2.23606797749979]"
images/custom/jack_cole/medium/D/custom_jack_cole_medium_D_4.jpg,3,False,False,29553074,"[1.0, 1.4142135623730951, 2.23606797749979]"
images/custom/jack_cole/short/A/custom_jack_cole_short_A_0.jpg,4,True,True,31501566,"[1.0, 2.23606797749979, 3.1622776601683795, 3.605551275463989]"
images/custom/jack_cole/short/A/custom_jack_cole_short_A_1.jpg,4,True,True,34153841,"[1.0, 2.23606797749979, 3.0, 3.0]"
images/custom/jack_cole/short/A/custom_jack_cole_short_A_2.jpg,4,True,True,32511679,"[1.0, 1.0, 1.0, 1.4142135623730951]"
images/custom/jack_cole/short/A/custom_jack_cole_short_A_3.jpg,5,False,False,29559181,"[1.4142135623730951, 1.4142135623730951, 2.8284271247461903, 3.1622776601683795, 373.1621631409058]"
images/custom/jack_cole/short/A/custom_jack_cole_short_A_4.jpg,3,False,False,31436185,"[2.23606797749979, 2.23606797749979, 2.23606797749979]"
images/custom/jack_cole/short/B/custom_jack_cole_short_B_0.jpg,4,True,True,30050470,"[1.0, 1.0, 1.4142135623730951, 2.0]"
images/custom/jack_cole/short/B/custom_jack_cole_short_B_1.jpg,3,False,False,29090097,"[1.0, 1.0, 2.0]"
images/custom/jack_cole/short/B/custom_jack_cole_short_B_2.jpg,3,False,False,27883510,"[1.0, 1.4142135623730951, 2.0]"
images/custom/jack_cole/short/B/custom_jack_cole_short_B_3.jpg,4,True,True,33286947,"[0.0, 1.4142135623730951, 2.0, 2.0]"
images/custom/jack_cole/short/B/custom_jack_cole_short_B_4.jpg,4,True,True,28967463,"[0.0, 1.4142135623730951, 2.23606797749979, 2.23606797749979]"
images/custom/jack_cole/short/C/custom_jack_cole_short_C_0.jpg,1,False,False,29383657,[1.0]
images/custom/jack_cole/short/C/custom_jack_cole_short_C_1.jpg,2,False,False,26661318,"[2.23606797749979, 3.0]"
images/custom/jack_cole/short/C/custom_jack_cole_short_C_2.jpg,2,False,False,31286521,"[1.0, 2.0]"
images/custom/jack_cole/short/C/custom_jack_cole_short_C_3.jpg,2,False,False,29263013,"[2.23606797749979, 2.23606797749979]"
images/custom/jack_cole/short/C/custom_jack_cole_short_C_4.jpg,1,False,False,26312768,[2.8284271247461903]
images/custom/jack_cole/short/D/custom_jack_cole_short_D_0.jpg,4,True,True,29054588,"[0.0, 1.4142135623730951, 2.0, 2.23606797749979]"
images/custom/jack_cole/short/D/custom_jack_cole_short_D_1.jpg,4,True,True,33678883,"[0.0, 1.4142135623730951, 2.23606797749979, 3.1622776601683795]"
images/custom/jack_cole/short/D/custom_jack_cole_short_D_2.jpg,4,True,True,28443118,"[1.0, 1.0, 1.4142135623730951, 1.4142135623730951]"
images/custom/jack_cole/short/D/custom_jack_cole_short_D_3.jpg,4,True,True,30209583,"[0.0, 2.23606797749979, 2.23606797749979, 3.1622776601683795]"
images/custom/jack_cole/short/D/custom_jack_cole_short_D_4.jpg,4,True,True,27331207,"[2.0, 2.23606797749979, 2.8284271247461903, 2.8284271247461903]"
images/custom/john_honey/high/A/custom_john_honey_high_A_0.jpg,4,True,True,41609423,"[0.0, 1.0, 2.23606797749979, 3.1622776601683795]"
images/custom/john_honey/high/A/custom_john_honey_high_A_1.jpg,2,False,False,43192187,"[1.4142135623730951, 5.0]"
images/custom/john_honey/high/A/custom_john_honey_high_A_2.jpg,4,True,True,39862987,"[0.0, 1.0, 1.4142135623730951, 1.4142135623730951]"
images/custom/john_honey/high/A/custom_john_honey_high_A_3.jpg,4,True,True,43997586,"[0.0, 1.4142135623730951, 2.23606797749979, 2.8284271247461903]"
images/custom/john_honey/high/A/custom_john_honey_high_A_4.jpg,4,True,True,43334488,"[1.0, 1.0, 1.4142135623730951, 1.4142135623730951]"
images/custom/john_honey/high/B/custom_john_honey_high_B_0.jpg,3,False,False,40946128,"[1.0, 1.0, 2.0]"
images/custom/john_honey/high/B/custom_john_honey_high_B_1.jpg,3,False,False,38485201,"[0.0, 1.0, 1.4142135623730951]"
images/custom/john_honey/high/B/custom_john_honey_high_B_2.jpg,3,False,False,43306378,"[1.0, 2.0, 5.0]"
images/custom/john_honey/high/B/custom_john_honey_high_B_3.jpg,3,False,False,45754993,"[1.4142135623730951, 2.0, 3.0]"
images/custom/john_honey/high/B/custom_john_honey_high_B_4.jpg,3,False,False,38068895,"[1.0, 1.0, 1.4142135623730951]"
images/custom/john_honey/high/C/custom_john_honey_high_C_0.jpg,2,False,False,39161231,"[1.0, 1.4142135623730951]"
images/custom/john_honey/high/C/custom_john_honey_high_C_1.jpg,2,False,False,37895509,"[2.23606797749979, 5.830951894845301]"
images/custom/john_honey/high/C/custom_john_honey_high_C_2.jpg,2,False,False,45433783,"[0.0, 1.0]"
images/custom/john_honey/high/C/custom_john_honey_high_C_3.jpg,1,False,False,44051014,[1.0]
images/custom/john_honey/high/C/custom_john_honey_high_C_4.jpg,2,False,False,39912319,"[1.0, 1.4142135623730951]"
images/custom/john_honey/high/D/custom_john_honey_high_D_0.jpg,3,False,False,38540719,"[1.0, 1.0, 1.4142135623730951]"
images/custom/john_honey/high/D/custom_john_honey_high_D_1.jpg,3,False,False,40587848,"[1.0, 1.0, 2.23606797749979]"
images/custom/john_honey/high/D/custom_john_honey_high_D_2.jpg,4,True,True,49886894,"[0.0, 1.0, 2.0, 2.23606797749979]"
images/custom/john_honey/high/D/custom_john_honey_high_D_3.jpg,4,True,True,42397449,"[1.0, 1.0, 1.4142135623730951, 2.23606797749979]"
images/custom/john_honey/high/D/custom_john_honey_high_D_4.jpg,4,True,True,39753503,"[1.0, 1.0, 2.0, 2.23606797749979]"
images/custom/john_honey/medium/A/custom_john_honey_medium_A_0.jpg,4,True,True,45433876,"[0.0, 1.0, 1.0, 1.4142135623730951]"
images/custom/john_honey/medium/A/custom_john_honey_medium_A_1.jpg,4,True,True,46596054,"[0.0, 1.0, 1.0, 1.4142135623730951]"
images/custom/john_honey/medium/A/custom_john_honey_medium_A_2.jpg,4,True,True,42029576,"[0.0, 0.0, 1.0, 1.4142135623730951]"
images/custom/john_honey/medium/A/custom_john_honey_medium_A_3.jpg,4,True,True,43733890,"[1.0, 1.4142135623730951, 1.4142135623730951, 2.0]"
images/custom/john_honey/medium/A/custom_john_honey_medium_A_4.jpg,4,True,True,45074224,"[1.0, 1.0, 1.4142135623730951, 1.4142135623730951]"
images/custom/john_honey/medium/B/custom_john_honey_medium_B_0.jpg,4,True,True,45901642,"[1.0, 1.0, 1.0, 4.0]"
images/custom/john_honey/medium/B/custom_john_honey_medium_B_1.jpg,4,True,False,43388447,"[1.0, 1.0, 2.23606797749979, 5.0990195135927845]"
images/custom/john_honey/medium/B/custom_john_honey_medium_B_2.jpg,4,True,True,44415324,"[0.0, 1.4142135623730951, 2.23606797749979, 4.47213595499958]"
images/custom/john_honey/medium/B/custom_john_honey_medium_B_3.jpg,4,True,True,42599421,"[1.0, 1.0, 2.0, 2.8284271247461903]"
images/custom/john_honey/medium/B/custom_john_honey_medium_B_4.jpg,4,True,True,47447962,"[1.0, 1.4142135623730951, 2.23606797749979, 2.23606797749979]"
images/custom/john_honey/medium/C/custom_john_honey_medium_C_0.jpg,2,False,False,47621865,"[1.0, 1.4142135623730951]"
images/custom/john_honey/medium/C/custom_john_honey_medium_C_1.jpg,2,False,False,41556274,"[1.0, 1.4142135623730951]"
images/custom/john_honey/medium/C/custom_john_honey_medium_C_2.jpg,2,False,False,49124730,"[1.0, 1.4142135623730951]"
images/custom/john_honey/medium/C/custom_john_honey_medium_C_3.jpg,2,False,False,46940372,"[1.0, 1.4142135623730951]"
images/custom/john_honey/medium/C/custom_john_honey_medium_C_4.jpg,2,False,False,41212327,"[1.0, 1.0]"
images/custom/john_honey/medium/D/custom_john_honey_medium_D_0.jpg,4,True,True,45679557,"[0.0, 1.0, 1.4142135623730951, 2.23606797749979]"
images/custom/john_honey/medium/D/custom_john_honey_medium_D_1.jpg,4,True,True,43832303,"[0.0, 1.0, 1.4142135623730951, 1.4142135623730951]"
images/custom/john_honey/medium/D/custom_john_honey_medium_D_2.jpg,4,True,True,47683942,"[0.0, 1.4142135623730951, 1.4142135623730951, 1.4142135623730951]"
images/custom/john_honey/medium/D/custom_john_honey_medium_D_3.jpg,4,True,True,47125887,"[0.0, 1.0, 1.0, 2.23606797749979]"
images/custom/john_honey/medium/D/custom_john_honey_medium_D_4.jpg,4,True,True,41687011,"[1.0, 1.4142135623730951, 1.4142135623730951, 2.23606797749979]"
images/custom/john_honey/short/A/custom_john_honey_short_A_0.jpg,4,True,True,44115314,"[0.0, 1.0, 1.4142135623730951, 2.0]"
images/custom/john_honey/short/A/custom_john_honey_short_A_1.jpg,4,True,True,47968229,"[1.4142135623730951, 2.23606797749979, 2.23606797749979, 3.0]"
images/custom/john_honey/short/A/custom_john_honey_short_A_2.jpg,4,True,True,49148940,"[1.0, 1.0, 1.4142135623730951, 2.0]"
images/custom/john_honey/short/A/custom_john_honey_short_A_3.jpg,4,True,True,46286924,"[1.0, 1.4142135623730951, 2.0, 2.0]"
images/custom/john_honey/short/A/custom_john_honey_short_A_4.jpg,4,True,True,44829161,"[0.0, 1.4142135623730951, 2.23606797749979, 2.23606797749979]"
images/custom/john_honey/short/B/custom_john_honey_short_B_0.jpg,4,True,True,47225614,"[1.0, 1.4142135623730951, 2.23606797749979, 2.23606797749979]"
images/custom/john_honey/short/B/custom_john_honey_short_B_1.jpg,4,True,True,45494245,"[1.0, 2.0, 2.23606797749979, 3.0]"
images/custom/john_honey/short/B/custom_john_honey_short_B_2.jpg,4,True,True,39934270,"[1.0, 1.0, 1.4142135623730951, 1.4142135623730951]"
images/custom/john_honey/short/B/custom_john_honey_short_B_3.jpg,4,True,True,46595911,"[1.0, 1.0, 2.0, 3.0]"
images/custom/john_honey/short/B/custom_john_honey_short_B_4.jpg,4,True,True,43541284,"[1.0, 1.0, 1.0, 3.0]"
images/custom/john_honey/short/C/custom_john_honey_short_C_0.jpg,2,False,False,46124067,"[1.4142135623730951, 3.605551275463989]"
images/custom/john_honey/short/C/custom_john_honey_short_C_1.jpg,2,False,False,46639758,"[1.0, 2.23606797749979]"
images/custom/john_honey/short/C/custom_john_honey_short_C_2.jpg,2,False,False,45281257,"[1.0, 5.0]"
images/custom/john_honey/short/C/custom_john_honey_short_C_3.jpg,2,False,False,44201769,"[1.0, 2.0]"
images/custom/john_honey/short/C/custom_john_honey_short_C_4.jpg,2,False,False,43770125,"[1.4142135623730951, 1.4142135623730951]"
images/custom/john_honey/short/D/custom_john_honey_short_D_0.jpg,4,True,True,51530992,"[0.0, 1.4142135623730951, 1.4142135623730951, 2.23606797749979]"
images/custom/john_honey/short/D/custom_john_honey_short_D_1.jpg,4,True,True,44754112,"[1.0, 1.0, 1.4142135623730951, 1.4142135623730951]"
images/custom/john_honey/short/D/custom_john_honey_short_D_2.jpg,4,True,True,43506883,"[0.0, 1.4142135623730951, 1.4142135623730951, 2.0]"
images/custom/john_honey/short/D/custom_john_honey_short_D_3.jpg,4,True,True,41153186,"[0.0, 1.4142135623730951, 1.4142135623730951, 2.0]"
images/custom/john_honey/short/D/custom_john_honey_short_D_4.jpg,4,True,True,41229510,"[0.0, 1.0, 1.0, 1.4142135623730951]"
images/custom/michaels/high/A/custom_michaels_high_A_0.jpg,1,False,False,38181772,[0.0]
images/custom/michaels/high/A/custom_michaels_high_A_1.jpg,2,False,False,34380968,"[1.0, 1.0]"
images/custom/michaels/high/A/custom_michaels_high_A_2.jpg,4,True,True,33958103,"[1.0, 1.0, 1.4142135623730951, 1.4142135623730951]"
images/custom/michaels/high/A/custom_michaels_high_A_3.jpg,4,True,True,46046532,"[0.0, 1.0, 1.0, 1.0]"
images/custom/michaels/high/A/custom_michaels_high_A_4.jpg,4,True,True,32548890,"[1.0, 1.4142135623730951, 1.4142135623730951, 2.0]"
images/custom/michaels/high/B/custom_michaels_high_B_0.jpg,4,True,True,49268692,"[1.0, 1.0, 2.8284271247461903, 4.47213595499958]"
images/custom/michaels/high/B/custom_michaels_high_B_1.jpg,4,True,True,34126664,"[1.0, 1.0, 1.4142135623730951, 2.0]"
images/custom/michaels/high/B/custom_michaels_high_B_2.jpg,4,True,True,33530231,"[1.0, 1.4142135623730951, 1.4142135623730951, 3.1622776601683795]"
images/custom/michaels/high/B/custom_michaels_high_B_3.jpg,2,False,False,35782124,"[1.0, 3.1622776601683795]"
images/custom/michaels/high/B/custom_michaels_high_B_4.jpg,4,True,True,46037245,"[0.0, 1.0, 1.4142135623730951, 2.0]"
images/custom/michaels/high/C/custom_michaels_high_C_0.jpg,2,False,False,44324395,"[1.4142135623730951, 2.23606797749979]"
images/custom/michaels/high/C/custom_michaels_high_C_1.jpg,2,False,False,46081316,"[1.0, 1.4142135623730951]"
images/custom/michaels/high/C/custom_michaels_high_C_2.jpg,2,False,False,32965622,"[0.0, 1.0]"
images/custom/michaels/high/C/custom_michaels_high_C_3.jpg,2,False,False,32550131,"[1.0, 1.4142135623730951]"
images/custom/michaels/high/C/custom_michaels_high_C_4.jpg,2,False,False,34504589,"[1.0, 2.23606797749979]"
images/custom/michaels/high/D/custom_michaels_high_D_0.jpg,4,True,True,33808236,"[0.0, 0.0, 1.0, 1.4142135623730951]"
images/custom/michaels/high/D/custom_michaels_high_D_1.jpg,4,True,True,41845885,"[1.0, 1.0, 1.4142135623730951, 2.23606797749979]"
images/custom/michaels/high/D/custom_michaels_high_D_2.jpg,3,False,False,33034049,"[1.0, 1.0, 1.0]"
images/custom/michaels/high/D/custom_michaels_high_D_3.jpg,2,False,False,33175626,"[1.0, 3.1622776601683795]"
images/custom/michaels/high/D/custom_michaels_high_D_4.jpg,3,False,False,28292710,"[1.0, 1.4142135623730951, 5.0]"
images/custom/michaels/medium/A/custom_michaels_medium_A_0.jpg,4,True,True,36072023,"[0.0, 1.4142135623730951, 2.0, 2.23606797749979]"
images/custom/michaels/medium/A/custom_michaels_medium_A_1.jpg,2,False,False,41693990,"[0.0, 1.0]"
images/custom/michaels/medium/A/custom_michaels_medium_A_2.jpg,4,True,True,32066044,"[1.0, 1.4142135623730951, 1.4142135623730951, 3.0]"
images/custom/michaels/medium/A/custom_michaels_medium_A_3.jpg,4,True,True,37222349,"[1.0, 1.0, 2.0, 2.23606797749979]"
images/custom/michaels/medium/A/custom_michaels_medium_A_4.jpg,3,False,False,39748993,"[0.0, 1.0, 1.4142135623730951]"
images/custom/michaels/medium/B/custom_michaels_medium_B_0.jpg,4,True,True,34270068,"[1.0, 1.0, 1.0, 1.0]"
images/custom/michaels/medium/B/custom_michaels_medium_B_1.jpg,3,False,False,36635534,"[0.0, 1.0, 2.23606797749979]"
images/custom/michaels/medium/B/custom_michaels_medium_B_2.jpg,5,False,False,36912932,"[0.0, 1.4142135623730951, 2.23606797749979, 2.23606797749979, 770.2733281115218]"
images/custom/michaels/medium/B/custom_michaels_medium_B_3.jpg,4,True,True,35194329,"[0.0, 1.0, 1.4142135623730951, 2.23606797749979]"
images/custom/michaels/medium/B/custom_michaels_medium_B_4.jpg,4,True,True,32552528,"[1.0, 1.0, 1.4142135623730951, 2.0]"
images/custom/michaels/medium/C/custom_michaels_medium_C_0.jpg,1,False,False,34358388,[1.0]
images/custom/michaels/medium/C/custom_michaels_medium_C_1.jpg,2,False,False,39530903,"[1.0, 1.4142135623730951]"
images/custom/michaels/medium/C/custom_michaels_medium_C_2.jpg,2,False,False,35806489,"[2.23606797749979, 5.0990195135927845]"
images/custom/michaels/medium/C/custom_michaels_medium_C_3.jpg,1,False,False,35024802,[1.4142135623730951]
images/custom/michaels/medium/C/custom_michaels_medium_C_4.jpg,2,False,False,32416570,"[0.0, 1.4142135623730951]"
images/custom/michaels/medium/D/custom_michaels_medium_D_0.jpg,3,False,False,31908854,"[1.0, 1.0, 1.0]"
images/custom/michaels/medium/D/custom_michaels_medium_D_1.jpg,4,True,True,36041289,"[0.0, 0.0, 1.4142135623730951, 2.23606797749979]"
images/custom/michaels/medium/D/custom_michaels_medium_D_2.jpg,4,True,True,37364543,"[0.0, 0.0, 1.0, 1.4142135623730951]"
images/custom/michaels/medium/D/custom_michaels_medium_D_3.jpg,4,True,True,33929759,"[1.0, 1.0, 1.4142135623730951, 1.4142135623730951]"
images/custom/michaels/medium/D/custom_michaels_medium_D_4.jpg,4,True,True,32352966,"[0.0, 1.0, 1.4142135623730951, 2.23606797749979]"
images/custom/michaels/short/A/custom_michaels_short_A_0.jpg,4,True,True,34939553,"[1.0, 1.0, 1.0, 2.23606797749979]"
images/custom/michaels/short/A/custom_michaels_short_A_1.jpg,4,True,True,40288953,"[0.0, 1.0, 1.4142135623730951, 1.4142135623730951]"
images/custom/michaels/short/A/custom_michaels_short_A_2.jpg,4,True,True,36812855,"[0.0, 1.4142135623730951, 1.4142135623730951, 2.0]"
images/custom/michaels/short/A/custom_michaels_short_A_3.jpg,4,True,True,31681570,"[1.0, 2.23606797749979, 2.23606797749979, 2.23606797749979]"
images/custom/michaels/short/A/custom_michaels_short_A_4.jpg,4,True,True,33898351,"[1.4142135623730951, 2.0, 2.23606797749979, 2.23606797749979]"
images/custom/michaels/short/B/custom_michaels_short_B_0.jpg,3,False,False,38864885,"[1.0, 1.4142135623730951, 6.0]"
images/custom/michaels/short/B/custom_michaels_short_B_1.jpg,4,True,True,31587639,"[1.0, 1.0, 2.23606797749979, 2.8284271247461903]"
images/custom/michaels/short/B/custom_michaels_short_B_2.jpg,4,True,True,34880743,"[0.0, 1.4142135623730951, 1.4142135623730951, 2.0]"
images/custom/michaels/short/B/custom_michaels_short_B_3.jpg,3,False,False,42383934,"[1.4142135623730951, 2.0, 5.0990195135927845]"
images/custom/michaels/short/B/custom_michaels_short_B_4.jpg,2,False,False,35315822,"[1.4142135623730951, 2.0]"
images/custom/michaels/short/C/custom_michaels_short_C_0.jpg,2,False,False,31551383,"[0.0, 1.4142135623730951]"
images/custom/michaels/short/C/custom_michaels_short_C_1.jpg,2,False,False,33019378,"[1.0, 1.0]"
images/custom/michaels/short/C/custom_michaels_short_C_2.jpg,2,False,False,38222331,"[0.0, 1.0]"
images/custom/michaels/short/C/custom_michaels_short_C_3.jpg,1,False,False,33629447,[1.4142135623730951]
images/custom/michaels/short/C/custom_michaels_short_C_4.jpg,2,False,False,34373473,"[1.0, 1.4142135623730951]"
images/custom/michaels/short/D/custom_michaels_short_D_0.jpg,3,False,False,31667691,"[1.4142135623730951, 2.0, 2.0]"
images/custom/michaels/short/D/custom_michaels_short_D_1.jpg,4,True,True,36976090,"[1.0, 1.4142135623730951, 1.4142135623730951, 3.605551275463989]"
images/custom/michaels/short/D/custom_michaels_short_D_2.jpg,4,True,True,39945461,"[0.0, 2.0, 2.23606797749979, 2.23606797749979]"
images/custom/michaels/short/D/custom_michaels_short_D_3.jpg,4,True,True,36052771,"[1.4142135623730951, 1.4142135623730951, 1.4142135623730951, 3.0]"
images/custom/michaels/short/D/custom_michaels_short_D_4.jpg,4,True,True,33193436,"[1.0, 1.0, 2.0, 3.0]"
images/dark/davids/high/A/dark_davids_high_A_0.jpg,2,False,False,35852303,"[1.0, 1.0]"
images/dark/davids/high/A/dark_davids_high_A_1.jpg,1,False,False,40801694,[2.23606797749979]
images/dark/davids/high/A/dark_davids_high_A_2.jpg,3,False,False,36718122,"[0.0, 1.0, 1.4142135623730951]"
images/dark/davids/high/A/dark_davids_high_A_3.jpg,3,False,False,31822990,"[1.0, 2.23606797749979, 2.23606797749979]"
images/dark/davids/high/A/dark_davids_high_A_4.jpg,3,False,False,35592998,"[1.0, 1.0, 1.4142135623730951]"
images/dark/davids/high/B/dark_davids_high_B_0.jpg,4,True,True,38330253,"[1.0, 1.0, 1.0, 1.0]"
images/dark/davids/high/B/dark_davids_high_B_1.jpg,4,True,True,35110198,"[1.0, 1.0, 2.0, 2.23606797749979]"
images/dark/davids/high/B/dark_davids_high_B_2.jpg,4,True,True,31706293,"[1.0, 1.0, 1.4142135623730951, 2.23606797749979]"
images/dark/davids/high/B/dark_davids_high_B_3.jpg,5,False,False,34890674,"[1.0, 1.4142135623730951, 2.0, 2.23606797749979, 343.9127796404199]"
images/dark/davids/high/B/dark_davids_high_B_4.jpg,4,True,True,28918055,"[1.0, 1.4142135623730951, 1.4142135623730951, 1.4142135623730951]"
images/dark/davids/high/C/dark_davids_high_C_0.jpg,3,False,False,33287820,"[0.0, 1.4142135623730951, 2.23606797749979]"
images/dark/davids/high/C/dark_davids_high_C_1.jpg,3,False,False,36116173,"[0.0, 0.0, 1.4142135623730951]"
images/dark/davids/high/C/dark_davids_high_C_2.jpg,3,False,False,39796763,"[0.0, 1.0, 1.4142135623730951]"
images/dark/davids/high/C/dark_davids_high_C_3.jpg,3,False,False,37071194,"[1.0, 1.0, 2.0]"
images/dark/davids/high/C/dark_davids_high_C_4.jpg,3,False,False,35692257,"[1.0, 1.0, 2.0]"
images/dark/davids/high/D/dark_davids_high_D_0.jpg,1,False,False,30670741,[0.0]
images/dark/davids/high/D/dark_davids_high_D_1.jpg,1,False,False,36817107,[0.0]
images/dark/davids/high/D/dark_davids_high_D_2.jpg,1,False,False,46131130,[1.4142135623730951]
images/dark/davids/high/D/dark_davids_high_D_3.jpg,1,False,False,40825158,[1.0]
images/dark/davids/high/D/dark_davids_high_D_4.jpg,1,False,False,30626043,[1.4142135623730951]
images/dark/davids/medium/A/dark_davids_medium_A_0.jpg,3,False,False,30444079,"[1.0, 1.4142135623730951, 2.23606797749979]"
images/dark/davids/medium/A/dark_davids_medium_A_1.jpg,3,False,False,41694453,"[1.0, 1.0, 1.4142135623730951]"
images/dark/davids/medium/A/dark_davids_medium_A_2.jpg,3,False,False,42495674,"[0.0, 1.0, 2.0]"
images/dark/davids/medium/A/dark_davids_medium_A_3.jpg,3,False,False,40005575,"[1.0, 2.23606797749979, 2.23606797749979]"
images/dark/davids/medium/A/dark_davids_medium_A_4.jpg,3,False,False,28950925,"[1.0, 1.4142135623730951, 2.23606797749979]"
images/dark/davids/medium/B/dark_davids_medium_B_0.jpg,8,False,False,33195979,"[1.0, 1.0, 1.4142135623730951, 2.0, 177.04519197086375, 211.463944917331, 615.4421175057813, 671.8720116212611]"
images/dark/davids/medium/B/dark_davids_medium_B_1.jpg,7,False,False,40366039,"[1.0, 1.4142135623730951, 2.0, 2.23606797749979, 179.10890541790488, 181.23189564753773, 474.911570716065]"
images/dark/davids/medium/B/dark_davids_medium_B_2.jpg,9,False,False,46924300,"[1.4142135623730951, 1.4142135623730951, 2.0, 2.23606797749979, 141.40014144264495, 178.73443988218946, 180.27756377319946, 470.8046303935423, 540.7864643276494]"
images/dark/davids/medium/B/dark_davids_medium_B_3.jpg,8,False,False,36708534,"[1.0, 1.4142135623730951, 1.4142135623730951, 2.23606797749979, 140.4314779527724, 177.867928531256, 179.32372960654146, 470.73665674132496]"
images/dark/davids/medium/B/dark_davids_medium_B_4.jpg,6,False,False,33748268,"[1.0, 1.0, 1.4142135623730951, 2.23606797749979, 519.3110821078249, 589.6007123469238]"
images/dark/davids/medium/C/dark_davids_medium_C_0.jpg,3,False,False,34199782,"[0.0, 1.0, 1.0]"
images/dark/davids/medium/C/dark_davids_medium_C_1.jpg,3,False,False,33903651,"[1.0, 1.4142135623730951, 2.0]"
images/dark/davids/medium/C/dark_davids_medium_C_2.jpg,2,False,False,35514192,"[1.0, 1.0]"
images/dark/davids/medium/C/dark_davids_medium_C_3.jpg,2,False,False,37405337,"[1.4142135623730951, 1.4142135623730951]"
images/dark/davids/medium/C/dark_davids_medium_C_4.jpg,3,False,False,28508994,"[0.0, 1.0, 1.4142135623730951]"
images/dark/davids/medium/D/dark_davids_medium_D_0.jpg,2,False,False,31388699,"[2.23606797749979, 590.0]"
images/dark/davids/medium/D/dark_davids_medium_D_1.jpg,2,False,False,35368436,"[1.0, 586.8466579950848]"
images/dark/davids/medium/D/dark_davids_medium_D_2.jpg,2,False,False,39592129,"[3.1622776601683795, 431.6132528085763]"
images/dark/davids/medium/D/dark_davids_medium_D_3.jpg,5,False,False,40791004,"[1.0, 235.84104816592043, 243.01851781294363, 273.6293112954093, 435.15744277215344]"
images/dark/davids/medium/D/dark_davids_medium_D_4.jpg,2,False,False,27516948,"[1.0, 733.6163847679521]"
images/dark/davids/short/A/dark_davids_short_A_0.jpg,3,False,False,32050165,"[1.0, 2.0, 2.23606797749979]"
images/dark/davids/short/A/dark_davids_short_A_1.jpg,6,False,False,34178337,"[1.4142135623730951, 2.0, 2.0, 230.32585612562042, 234.61031520374377, 271.93565415369864]"
images/dark/davids/short/A/dark_davids_short_A_2.jpg,3,False,False,37118821,"[1.0, 2.23606797749979, 3.1622776601683795]"
images/dark/davids/short/A/dark_davids_short_A_3.jpg,3,False,False,41660088,"[1.4142135623730951, 2.0, 4.0]"
images/dark/davids/short/A/dark_davids_short_A_4.jpg,3,False,False,29793495,"[1.0, 1.4142135623730951, 2.0]"
images/dark/davids/short/B/dark_davids_short_B_0.jpg,4,True,True,34840507,"[1.4142135623730951, 1.4142135623730951, 2.0, 3.605551275463989]"
images/dark/davids/short/B/dark_davids_short_B_1.jpg,7,False,False,41574347,"[1.0, 1.4142135623730951, 1.4142135623730951, 1.4142135623730951, 248.82323042674292, 290.0, 296.27858511880333]"
images/dark/davids/short/B/dark_davids_short_B_2.jpg,3,False,False,31744180,"[1.4142135623730951, 2.0, 3.1622776601683795]"
images/dark/davids/short/B/dark_davids_short_B_3.jpg,4,True,True,32294704,"[1.0, 1.4142135623730951, 3.0, 3.0]"
images/dark/davids/short/B/dark_davids_short_B_4.jpg,4,True,True,32078523,"[0.0, 1.0, 1.0, 2.23606797749979]"
images/dark/davids/short/C/dark_davids_short_C_0.jpg,3,False,False,32279437,"[1.4142135623730951, 1.4142135623730951, 2.23606797749979]"
images/dark/davids/short/C/dark_davids_short_C_1.jpg,3,False,False,31196607,"[1.0, 1.4142135623730951, 2.23606797749979]"
images/dark/davids/short/C/dark_davids_short_C_2.jpg,2,False,False,34051053,"[2.23606797749979, 3.1622776601683795]"
images/dark/davids/short/C/dark_davids_short_C_3.jpg,6,False,False,57310175,"[0.0, 1.4142135623730951, 163.47782724271815, 177.55280904564702, 189.42280749687984, 216.1157097482735]"
images/dark/davids/short/C/dark_davids_short_C_4.jpg,3,False,False,31076627,"[1.0, 2.23606797749979, 3.0]"
images/dark/davids/short/D/dark_davids_short_D_0.jpg,3,False,False,32972908,"[1.0, 209.99523804124703, 239.7352706632881]"
images/dark/davids/short/D/dark_davids_short_D_1.jpg,1,False,False,35753041,[3.605551275463989]
images/dark/davids/short/D/dark_davids_short_D_2.jpg,1,False,False,33194973,[2.0]
images/dark/davids/short/D/dark_davids_short_D_3.jpg,2,False,False,33026548,"[282.0815484926301, 296.56871041969345]"
images/dark/davids/short/D/dark_davids_short_D_4.jpg,1,False,False,28816098,[3.0]
images/dark/jack_cole/high/A/dark_jack_cole_high_A_0.jpg,3,False,False,33135593,"[0.0, 1.4142135623730951, 2.0]"
images/dark/jack_cole/high/A/dark_jack_cole_high_A_1.jpg,3,False,False,29848348,"[1.0, 1.4142135623730951, 2.23606797749979]"
images/dark/jack_cole/high/A/dark_jack_cole_high_A_2.jpg,3,False,False,31611406,"[0.0, 1.0, 3.1622776601683795]"
images/dark/jack_cole/high/A/dark_jack_cole_high_A_3.jpg,3,False,False,29483219,"[0.0, 1.0, 1.0]"
images/dark/jack_cole/high/A/dark_jack_cole_high_A_4.jpg,3,False,False,36100651,"[1.0, 1.4142135623730951, 2.23606797749979]"
images/dark/jack_cole/high/B/dark_jack_cole_high_B_0.jpg,4,True,True,43417925,"[1.0, 1.0, 1.0, 1.0]"
images/dark/jack_cole/high/B/dark_jack_cole_high_B_1.jpg,3,False,False,32708221,"[1.0, 2.0, 2.23606797749979]"
images/dark/jack_cole/high/B/dark_jack_cole_high_B_2.jpg,4,True,True,31401966,"[1.0, 1.0, 2.0, 2.23606797749979]"
images/dark/jack_cole/high/B/dark_jack_cole_high_B_3.jpg,4,True,True,31814712,"[1.0, 1.0, 1.0, 3.0]"
images/dark/jack_cole/high/B/dark_jack_cole_high_B_4.jpg,4,True,True,31805688,"[1.0, 1.0, 1.0, 1.4142135623730951]"
images/dark/jack_cole/high/C/dark_jack_cole_high_C_0.jpg,3,False,False,28975241,"[1.0, 1.4142135623730951, 2.0]"
images/dark/jack_cole/high/C/dark_jack_cole_high_C_1.jpg,3,False,False,40672939,"[1.0, 1.0, 1.4142135623730951]"
images/dark/jack_cole/high/C/dark_jack_cole_high_C_2.jpg,3,False,False,34577937,"[0.0, 1.4142135623730951, 2.23606797749979]"
images/dark/jack_cole/high/C/dark_jack_cole_high_C_3.jpg,3,False,False,34404763,"[1.4142135623730951, 1.4142135623730951, 2.23606797749979]"
images/dark/jack_cole/high/C/dark_jack_cole_high_C_4.jpg,3,False,False,34630836,"[1.4142135623730951, 2.23606797749979, 2.23606797749979]"
images/dark/jack_cole/high/D/dark_jack_cole_high_D_0.jpg,1,False,False,30592930,[2.0]
images/dark/jack_cole/high/D/dark_jack_cole_high_D_1.jpg,1,False,False,30463128,[1.4142135623730951]
images/dark/jack_cole/high/D/dark_jack_cole_high_D_2.jpg,1,False,False,29354251,[1.0]
images/dark/jack_cole/high/D/dark_jack_cole_high_D_3.jpg,1,False,False,28220785,[1.0]
images/dark/jack_cole/high/D/dark_jack_cole_high_D_4.jpg,1,False,False,25324738,[1.4142135623730951]
images/dark/jack_cole/medium/A/dark_jack_cole_medium_A_0.jpg,3,False,False,33766678,"[1.0, 1.0, 2.23606797749979]"
images/dark/jack_cole/medium/A/dark_jack_cole_medium_A_1.jpg,3,False,False,32498815,"[1.4142135623730951, 2.23606797749979, 2.8284271247461903]"
images/dark/jack_cole/medium/A/dark_jack_cole_medium_A_2.jpg,3,False,False,30261121,"[1.0, 1.4142135623730951, 3.0]"
images/dark/jack_cole/medium/A/dark_jack_cole_medium_A_3.jpg,2,False,False,33759802,"[0.0, 2.23606797749979]"
images/dark/jack_cole/medium/A/dark_jack_cole_medium_A_4.jpg,3,False,False,35093224,"[0.0, 1.0, 1.4142135623730951]"
images/dark/jack_cole/medium/B/dark_jack_cole_medium_B_0.jpg,4,True,True,33007941,"[1.4142135623730951, 1.4142135623730951, 2.23606797749979, 3.0]"
images/dark/jack_cole/medium/B/dark_jack_cole_medium_B_1.jpg,4,True,True,27290778,"[1.0, 1.4142135623730951, 2.0, 2.23606797749979]"
images/dark/jack_cole/medium/B/dark_jack_cole_medium_B_2.jpg,4,True,True,32631927,"[1.0, 2.0, 2.0, 2.23606797749979]"
images/dark/jack_cole/medium/B/dark_jack_cole_medium_B_3.jpg,3,False,False,31808430,"[0.0, 2.23606797749979, 2.8284271247461903]"
images/dark/jack_cole/medium/B/dark_jack_cole_medium_B_4.jpg,3,False,False,35996363,"[1.0, 1.4142135623730951, 1.4142135623730951]"
images/dark/jack_cole/medium/C/dark_jack_cole_medium_C_0.jpg,2,False,False,38373824,"[1.0, 1.4142135623730951]"
images/dark/jack_cole/medium/C/dark_jack_cole_medium_C_1.jpg,3,False,False,30338447,"[1.0, 1.4142135623730951, 1.4142135623730951]"
images/dark/jack_cole/medium/C/dark_jack_cole_medium_C_2.jpg,3,False,False,29150627,"[1.0, 1.0, 3.1622776601683795]"
images/dark/jack_cole/medium/C/dark_jack_cole_medium_C_3.jpg,3,False,False,33876531,"[0.0, 2.0, 3.0]"
images/dark/jack_cole/medium/C/dark_jack_cole_medium_C_4.jpg,3,False,False,34208603,"[1.0, 3.0, 3.0]"
images/dark/jack_cole/medium/D/dark_jack_cole_medium_D_0.jpg,1,False,False,29487160,[2.0]
images/dark/jack_cole/medium/D/dark_jack_cole_medium_D_1.jpg,1,False,False,38535409,[0.0]
images/dark/jack_cole/medium/D/dark_jack_cole_medium_D_2.jpg,1,False,False,35266397,[1.0]
images/dark/jack_cole/medium/D/dark_jack_cole_medium_D_3.jpg,1,False,False,31557127,[1.0]
images/dark/jack_cole/medium/D/dark_jack_cole_medium_D_4.jpg,1,False,False,27790271,[1.0]
images/dark/jack_cole/short/A/dark_jack_cole_short_A_0.jpg,3,False,False,34782570,"[1.0, 1.4142135623730951, 2.0]"
images/dark/jack_cole/short/A/dark_jack_cole_short_A_1.jpg,3,False,False,32907971,"[0.0, 1.0, 2.23606797749979]"
images/dark/jack_cole/short/A/dark_jack_cole_short_A_2.jpg,3,False,False,27801736,"[1.0, 1.4142135623730951, 3.605551275463989]"
images/dark/jack_cole/short/A/dark_jack_cole_short_A_3.jpg,3,False,False,31075135,"[0.0, 2.23606797749979, 2.23606797749979]"
images/dark/jack_cole/short/A/dark_jack_cole_short_A_4.jpg,3,False,False,29151589,"[1.4142135623730951, 2.23606797749979, 2.23606797749979]"
images/dark/jack_cole/short/B/dark_jack_cole_short_B_0.jpg,4,True,True,32527068,"[1.4142135623730951, 2.0, 2.23606797749979, 3.1622776601683795]"
images/dark/jack_cole/short/B/dark_jack_cole_short_B_1.jpg,4,True,True,30875174,"[1.4142135623730951, 2.23606797749979, 2.8284271247461903, 3.0]"
images/dark/jack_cole/short/B/dark_jack_cole_short_B_2.jpg,4,True,True,33849924,"[1.0, 1.4142135623730951, 1.4142135623730951, 2.8284271247461903]"
images/dark/jack_cole/short/B/dark_jack_cole_short_B_3.jpg,4,True,True,33586404,"[1.0, 1.0, 1.0, 1.4142135623730951]"
images/dark/jack_cole/short/B/dark_jack_cole_short_B_4.jpg,4,True,True,33467213,"[1.0, 1.4142135623730951, 2.0, 2.23606797749979]"
images/dark/jack_cole/short/C/dark_jack_cole_short_C_0.jpg,3,False,False,33315720,"[1.4142135623730951, 2.23606797749979, 2.23606797749979]"
images/dark/jack_cole/short/C/dark_jack_cole_short_C_1.jpg,3,False,False,28440262,"[1.0, 2.23606797749979, 2.8284271247461903]"
images/dark/jack_cole/short/C/dark_jack_cole_short_C_2.jpg,3,False,False,30435904,"[1.0, 1.4142135623730951, 1.4142135623730951]"
images/dark/jack_cole/short/C/dark_jack_cole_short_C_3.jpg,3,False,False,30568729,"[1.0, 1.0, 1.0]"
images/dark/jack_cole/short/C/dark_jack_cole_short_C_4.jpg,3,False,False,28037690,"[1.0, 1.0, 4.123105625617661]"
images/dark/jack_cole/short/D/dark_jack_cole_short_D_0.jpg,1,False,False,28680995,[3.1622776601683795]
images/dark/jack_cole/short/D/dark_jack_cole_short_D_1.jpg,1,False,False,32171026,[3.0]
images/dark/jack_cole/short/D/dark_jack_cole_short_D_2.jpg,1,False,False,32850236,[1.0]
images/dark/jack_cole/short/D/dark_jack_cole_short_D_3.jpg,1,False,False,32830255,[1.0]
images/dark/jack_cole/short/D/dark_jack_cole_short_D_4.jpg,1,False,False,27393452,[2.23606797749979]
images/dark/john_honey/high/A/dark_john_honey_high_A_0.jpg,3,False,False,43941929,"[0.0, 1.0, 2.23606797749979]"
images/dark/john_honey/high/A/dark_john_honey_high_A_1.jpg,2,False,False,40351581,"[1.4142135623730951, 1.4142135623730951]"
images/dark/john_honey/high/A/dark_john_honey_high_A_2.jpg,3,False,False,40129678,"[1.4142135623730951, 2.0, 2.8284271247461903]"
images/dark/john_honey/high/A/dark_john_honey_high_A_3.jpg,3,False,False,37377770,"[1.4142135623730951, 2.23606797749979, 2.8284271247461903]"
images/dark/john_honey/high/A/dark_john_honey_high_A_4.jpg,3,False,False,41445170,"[0.0, 1.0, 2.23606797749979]"
images/dark/john_honey/high/B/dark_john_honey_high_B_0.jpg,4,True,True,43412586,"[0.0, 1.0, 1.0, 1.4142135623730951]"
images/dark/john_honey/high/B/dark_john_honey_high_B_1.jpg,4,True,True,38517945,"[0.0, 1.0, 2.23606797749979, 2.8284271247461903]"
images/dark/john_honey/high/B/dark_john_honey_high_B_2.jpg,4,True,True,46839500,"[1.4142135623730951, 2.0, 2.23606797749979, 2.23606797749979]"
images/dark/john_honey/high/B/dark_john_honey_high_B_3.jpg,4,True,True,45560136,"[0.0, 1.4142135623730951, 2.23606797749979, 3.1622776601683795]"
images/dark/john_honey/high/B/dark_john_honey_high_B_4.jpg,4,True,True,42735555,"[1.4142135623730951, 1.4142135623730951, 2.0, 3.1622776601683795]"
images/dark/john_honey/high/C/dark_john_honey_high_C_0.jpg,3,False,False,38228459,"[0.0, 1.0, 1.4142135623730951]"
images/dark/john_honey/high/C/dark_john_honey_high_C_1.jpg,3,False,False,37888133,"[0.0, 1.0, 1.4142135623730951]"
images/dark/john_honey/high/C/dark_john_honey_high_C_2.jpg,3,False,False,41756260,"[1.0, 1.4142135623730951, 2.8284271247461903]"
images/dark/john_honey/high/C/dark_john_honey_high_C_3.jpg,3,False,False,39011615,"[1.0, 2.23606797749979, 2.23606797749979]"
images/dark/john_honey/high/C/dark_john_honey_high_C_4.jpg,3,False,False,40305199,"[1.0, 1.4142135623730951, 1.4142135623730951]"
images/dark/john_honey/high/D/dark_john_honey_high_D_0.jpg,1,False,False,36911819,[1.0]
images/dark/john_honey/high/D/dark_john_honey_high_D_1.jpg,1,False,False,42998187,[1.0]
images/dark/john_honey/high/D/dark_john_honey_high_D_2.jpg,1,False,False,41715264,[2.23606797749979]
images/dark/john_honey/high/D/dark_john_honey_high_D_3.jpg,1,False,False,37907970,[2.23606797749979]
images/dark/john_honey/high/D/dark_john_honey_high_D_4.jpg,1,False,False,36021711,[1.4142135623730951]
images/dark/john_honey/medium/A/dark_john_honey_medium_A_0.jpg,3,False,False,43485704,"[1.4142135623730951, 2.23606797749979, 2.8284271247461903]"
images/dark/john_honey/medium/A/dark_john_honey_medium_A_1.jpg,3,False,False,42401722,"[1.0, 2.0, 2.23606797749979]"
images/dark/john_honey/medium/A/dark_john_honey_medium_A_2.jpg,3,False,False,44410308,"[0.0, 1.0, 2.0]"
images/dark/john_honey/medium/A/dark_john_honey_medium_A_3.jpg,3,False,False,42150727,"[1.0, 1.4142135623730951, 3.0]"
images/dark/john_honey/medium/A/dark_john_honey_medium_A_4.jpg,3,False,False,41716938,"[1.0, 1.0, 1.0]"
images/dark/john_honey/medium/B/dark_john_honey_medium_B_0.jpg,4,True,True,43218651,"[1.0, 1.0, 2.0, 2.23606797749979]"
images/dark/john_honey/medium/B/dark_john_honey_medium_B_1.jpg,4,True,True,41242193,"[0.0, 1.0, 1.4142135623730951, 2.23606797749979]"
images/dark/john_honey/medium/B/dark_john_honey_medium_B_2.jpg,3,False,False,43425831,"[0.0, 1.0, 2.0]"
images/dark/john_honey/medium/B/dark_john_honey_medium_B_3.jpg,4,True,True,43462308,"[1.0, 1.0, 2.0, 2.23606797749979]"
images/dark/john_honey/medium/B/dark_john_honey_medium_B_4.jpg,4,True,True,44765050,"[0.0, 0.0, 2.0, 2.23606797749979]"
images/dark/john_honey/medium/C/dark_john_honey_medium_C_0.jpg,3,False,False,38459062,"[0.0, 1.0, 1.0]"
images/dark/john_honey/medium/C/dark_john_honey_medium_C_1.jpg,3,False,False,38854286,"[1.4142135623730951, 1.4142135623730951, 2.23606797749979]"
images/dark/john_honey/medium/C/dark_john_honey_medium_C_2.jpg,3,False,False,49241762,"[1.0, 1.0, 3.0]"
images/dark/john_honey/medium/C/dark_john_honey_medium_C_3.jpg,3,False,False,43820495,"[0.0, 1.0, 1.4142135623730951]"
images/dark/john_honey/medium/C/dark_john_honey_medium_C_4.jpg,3,False,False,44247409,"[2.23606797749979, 2.23606797749979, 2.23606797749979]"
images/dark/john_honey/medium/D/dark_john_honey_medium_D_0.jpg,1,False,False,40655304,[2.23606797749979]
images/dark/john_honey/medium/D/dark_john_honey_medium_D_1.jpg,1,False,False,42506206,[1.4142135623730951]
images/dark/john_honey/medium/D/dark_john_honey_medium_D_2.jpg,1,False,False,44951886,[1.4142135623730951]
images/dark/john_honey/medium/D/dark_john_honey_medium_D_3.jpg,1,False,False,41773086,[2.23606797749979]
images/dark/john_honey/medium/D/dark_john_honey_medium_D_4.jpg,1,False,False,40963321,[1.0]
images/dark/john_honey/short/A/dark_john_honey_short_A_0.jpg,3,False,False,44469085,"[2.23606797749979, 2.23606797749979, 3.1622776601683795]"
images/dark/john_honey/short/A/dark_john_honey_short_A_1.jpg,3,False,False,38911417,"[0.0, 1.0, 3.605551275463989]"
images/dark/john_honey/short/A/dark_john_honey_short_A_2.jpg,3,False,False,42620424,"[0.0, 1.4142135623730951, 1.4142135623730951]"
images/dark/john_honey/short/A/dark_john_honey_short_A_3.jpg,2,False,False,41077110,"[2.0, 3.0]"
images/dark/john_honey/short/A/dark_john_honey_short_A_4.jpg,3,False,False,42759684,"[1.4142135623730951, 1.4142135623730951, 2.23606797749979]"
images/dark/john_honey/short/B/dark_john_honey_short_B_0.jpg,4,True,True,44479067,"[0.0, 1.0, 2.23606797749979, 2.23606797749979]"
images/dark/john_honey/short/B/dark_john_honey_short_B_1.jpg,4,True,True,40062865,"[1.4142135623730951, 1.4142135623730951, 2.23606797749979, 3.1622776601683795]"
images/dark/john_honey/short/B/dark_john_honey_short_B_2.jpg,2,False,False,41824106,"[1.0, 2.23606797749979]"
images/dark/john_honey/short/B/dark_john_honey_short_B_3.jpg,2,False,False,44758341,"[1.0, 2.23606797749979]"
images/dark/john_honey/short/B/dark_john_honey_short_B_4.jpg,4,True,True,39252438,"[1.0, 1.0, 1.0, 1.4142135623730951]"
images/dark/john_honey/short/C/dark_john_honey_short_C_0.jpg,3,False,False,42793986,"[1.0, 1.0, 1.4142135623730951]"
images/dark/john_honey/short/C/dark_john_honey_short_C_1.jpg,3,False,False,40036835,"[0.0, 1.0, 1.0]"
images/dark/john_honey/short/C/dark_john_honey_short_C_2.jpg,3,False,False,41287478,"[0.0, 1.4142135623730951, 2.23606797749979]"
images/dark/john_honey/short/C/dark_john_honey_short_C_3.jpg,3,False,False,41280840,"[1.4142135623730951, 2.23606797749979, 2.23606797749979]"
images/dark/john_honey/short/C/dark_john_honey_short_C_4.jpg,3,False,False,43245290,"[2.0, 2.8284271247461903, 4.0]"
images/dark/john_honey/short/D/dark_john_honey_short_D_0.jpg,1,False,False,46788464,[2.0]
images/dark/john_honey/short/D/dark_john_honey_short_D_1.jpg,1,False,False,47874068,[1.0]
images/dark/john_honey/short/D/dark_john_honey_short_D_2.jpg,1,False,False,41507590,[0.0]
images/dark/john_honey/short/D/dark_john_honey_short_D_3.jpg,1,False,False,37860348,[2.0]
images/dark/john_honey/short/D/dark_john_honey_short_D_4.jpg,1,False,False,41558648,[2.23606797749979]
images/dark/michaels/high/A/dark_michaels_high_A_0.jpg,3,False,False,40825231,"[1.0, 1.4142135623730951, 3.1622776601683795]"
images/dark/michaels/high/A/dark_michaels_high_A_1.jpg,3,False,False,34992146,"[0.0, 2.0, 2.23606797749979]"
images/dark/michaels/high/A/dark_michaels_high_A_2.jpg,3,False,False,45591731,"[0.0, 1.0, 2.0]"
images/dark/michaels/high/A/dark_michaels_high_A_3.jpg,3,False,False,36243920,"[1.0, 1.4142135623730951, 2.23606797749979]"
images/dark/michaels/high/A/dark_michaels_high_A_4.jpg,3,False,False,35722881,"[1.0, 1.4142135623730951, 1.4142135623730951]"
images/dark/michaels/high/B/dark_michaels_high_B_0.jpg,4,True,True,38359959,"[1.0, 1.0, 2.23606797749979, 3.1622776601683795]"
images/dark/michaels/high/B/dark_michaels_high_B_1.jpg,4,True,True,34957504,"[0.0, 1.0, 1.0, 2.23606797749979]"
images/dark/michaels/high/B/dark_michaels_high_B_2.jpg,4,True,True,34870447,"[1.0, 2.0, 2.0, 2.23606797749979]"
images/dark/michaels/high/B/dark_michaels_high_B_3.jpg,4,True,True,35884518,"[1.0, 1.0, 2.23606797749979, 3.1622776601683795]"
images/dark/michaels/high/B/dark_michaels_high_B_4.jpg,4,True,True,34479477,"[0.0, 1.4142135623730951, 2.0, 2.23606797749979]"
images/dark/michaels/high/C/dark_michaels_high_C_0.jpg,3,False,False,33097631,"[0.0, 1.0, 2.0]"
images/dark/michaels/high/C/dark_michaels_high_C_1.jpg,3,False,False,38742225,"[1.0, 1.4142135623730951, 2.23606797749979]"
images/dark/michaels/high/C/dark_michaels_high_C_2.jpg,3,False,False,32131097,"[1.0, 2.0, 3.1622776601683795]"
images/dark/michaels/high/C/dark_michaels_high_C_3.jpg,3,False,False,40708603,"[1.0, 1.4142135623730951, 2.0]"
images/dark/michaels/high/C/dark_michaels_high_C_4.jpg,3,False,False,36323572,"[0.0, 2.0, 2.0]"
images/dark/michaels/high/D/dark_michaels_high_D_0.jpg,1,False,False,30531047,[3.1622776601683795]
images/dark/michaels/high/D/dark_michaels_high_D_1.jpg,1,False,False,37251949,[2.0]
images/dark/michaels/high/D/dark_michaels_high_D_2.jpg,1,False,False,36417807,[3.0]
images/dark/michaels/high/D/dark_michaels_high_D_3.jpg,1,False,False,36914346,[2.8284271247461903]
images/dark/michaels/high/D/dark_michaels_high_D_4.jpg,1,False,False,31016197,[1.4142135623730951]
images/dark/michaels/medium/A/dark_michaels_medium_A_0.jpg,2,False,False,38388553,"[0.0, 1.0]"
images/dark/michaels/medium/A/dark_michaels_medium_A_1.jpg,2,False,False,38639243,"[1.4142135623730951, 7.0710678118654755]"
images/dark/michaels/medium/A/dark_michaels_medium_A_2.jpg,3,False,False,32721264,"[2.0, 3.0, 3.1622776601683795]"
images/dark/michaels/medium/A/dark_michaels_medium_A_3.jpg,3,False,False,35742209,"[0.0, 2.23606797749979, 2.23606797749979]"
images/dark/michaels/medium/A/dark_michaels_medium_A_4.jpg,3,False,False,34091522,"[1.4142135623730951, 2.23606797749979, 2.23606797749979]"
images/dark/michaels/medium/B/dark_michaels_medium_B_0.jpg,3,False,False,37136485,"[2.0, 2.23606797749979, 2.23606797749979]"
images/dark/michaels/medium/B/dark_michaels_medium_B_1.jpg,3,False,False,36998326,"[0.0, 2.23606797749979, 4.0]"
images/dark/michaels/medium/B/dark_michaels_medium_B_2.jpg,2,False,False,39935133,"[2.8284271247461903, 2.8284271247461903]"
images/dark/michaels/medium/B/dark_michaels_medium_B_3.jpg,1,False,False,36353336,[1.0]
images/dark/michaels/medium/B/dark_michaels_medium_B_4.jpg,2,False,False,34655416,"[1.4142135623730951, 2.0]"
images/dark/michaels/medium/C/dark_michaels_medium_C_0.jpg,3,False,False,32492026,"[1.0, 1.0, 1.0]"
images/dark/michaels/medium/C/dark_michaels_medium_C_1.jpg,3,False,False,36946817,"[0.0, 1.0, 2.23606797749979]"
images/dark/michaels/medium/C/dark_michaels_medium_C_2.jpg,3,False,False,37632800,"[0.0, 1.0, 1.4142135623730951]"
images/dark/michaels/medium/C/dark_michaels_medium_C_3.jpg,1,False,False,37523857,[1.4142135623730951]
images/dark/michaels/medium/C/dark_michaels_medium_C_4.jpg,2,False,False,33039674,"[1.0, 3.1622776601683795]"
images/dark/michaels/medium/D/dark_michaels_medium_D_0.jpg,1,False,False,34511879,[2.0]
images/dark/michaels/medium/D/dark_michaels_medium_D_1.jpg,1,False,False,40482449,[1.4142135623730951]
images/dark/michaels/medium/D/dark_michaels_medium_D_2.jpg,1,False,False,37092160,[1.4142135623730951]
images/dark/michaels/medium/D/dark_michaels_medium_D_3.jpg,1,False,False,39711243,[1.4142135623730951]
images/dark/michaels/medium/D/dark_michaels_medium_D_4.jpg,1,False,False,32584225,[2.0]
images/dark/michaels/short/A/dark_michaels_short_A_0.jpg,3,False,False,31342395,"[0.0, 1.0, 2.8284271247461903]"
images/dark/michaels/short/A/dark_michaels_short_A_1.jpg,2,False,False,37629147,"[1.4142135623730951, 2.0]"
images/dark/michaels/short/A/dark_michaels_short_A_2.jpg,2,False,False,34683243,"[1.0, 2.0]"
images/dark/michaels/short/A/dark_michaels_short_A_3.jpg,2,False,False,36317892,"[1.4142135623730951, 3.1622776601683795]"
images/dark/michaels/short/A/dark_michaels_short_A_4.jpg,2,False,False,35713797,"[2.23606797749979, 2.8284271247461903]"
images/dark/michaels/short/B/dark_michaels_short_B_0.jpg,4,True,True,36318249,"[1.0, 2.0, 3.1622776601683795, 3.605551275463989]"
images/dark/michaels/short/B/dark_michaels_short_B_1.jpg,4,True,True,34798668,"[1.4142135623730951, 2.23606797749979, 3.0, 3.1622776601683795]"
images/dark/michaels/short/B/dark_michaels_short_B_2.jpg,4,True,True,38433746,"[1.4142135623730951, 1.4142135623730951, 1.4142135623730951, 1.4142135623730951]"
images/dark/michaels/short/B/dark_michaels_short_B_3.jpg,4,True,True,42521366,"[0.0, 1.0, 1.4142135623730951, 3.1622776601683795]"
images/dark/michaels/short/B/dark_michaels_short_B_4.jpg,4,True,True,33226925,"[0.0, 1.4142135623730951, 2.0, 2.23606797749979]"
images/dark/michaels/short/C/dark_michaels_short_C_0.jpg,3,False,False,31082561,"[1.4142135623730951, 2.0, 3.0]"
images/dark/michaels/short/C/dark_michaels_short_C_1.jpg,3,False,False,35170267,"[2.8284271247461903, 2.8284271247461903, 3.0]"
images/dark/michaels/short/C/dark_michaels_short_C_2.jpg,3,False,False,41844262,"[0.0, 2.0, 2.23606797749979]"
images/dark/michaels/short/C/dark_michaels_short_C_3.jpg,3,False,False,38505831,"[1.0, 1.4142135623730951, 2.23606797749979]"
images/dark/michaels/short/C/dark_michaels_short_C_4.jpg,3,False,False,31912139,"[0.0, 1.0, 1.0]"
images/dark/michaels/short/D/dark_michaels_short_D_0.jpg,1,False,False,35160688,[1.4142135623730951]
images/dark/michaels/short/D/dark_michaels_short_D_1.jpg,1,False,False,39564560,[3.1622776601683795]
images/dark/michaels/short/D/dark_michaels_short_D_2.jpg,1,False,False,37256634,[2.0]
images/dark/michaels/short/D/dark_michaels_short_D_3.jpg,1,False,False,39000060,[2.0]
images/dark/michaels/short/D/dark_michaels_short_D_4.jpg,1,False,False,33726479,[1.4142135623730951]
