,0,1,2,3,4
images/custom/davids/high/A/custom_davids_high_A_0.jpg,1,False,False,106723012,[1.0]
images/custom/davids/high/A/custom_davids_high_A_1.jpg,3,False,False,109204908,"[1.0, 1.0, 2.23606797749979]"
images/custom/davids/high/A/custom_davids_high_A_2.jpg,1,False,False,108058655,[1.0]
images/custom/davids/high/A/custom_davids_high_A_3.jpg,2,False,False,114907000,"[2.0, 2.23606797749979]"
images/custom/davids/high/A/custom_davids_high_A_4.jpg,3,False,False,110707445,"[1.4142135623730951, 2.0, 2.0]"
images/custom/davids/high/B/custom_davids_high_B_0.jpg,3,False,False,114689443,"[1.0, 1.0, 2.23606797749979]"
images/custom/davids/high/B/custom_davids_high_B_1.jpg,2,False,False,98934415,"[1.0, 1.4142135623730951]"
images/custom/davids/high/B/custom_davids_high_B_2.jpg,2,False,False,100894725,"[1.0, 1.0]"
images/custom/davids/high/B/custom_davids_high_B_3.jpg,3,False,False,100547863,"[1.0, 1.4142135623730951, 1.4142135623730951]"
images/custom/davids/high/B/custom_davids_high_B_4.jpg,1,False,False,105723751,[1.0]
images/custom/davids/high/C/custom_davids_high_C_0.jpg,1,False,False,101151351,[1.4142135623730951]
images/custom/davids/high/C/custom_davids_high_C_1.jpg,0,False,False,99756095,[]
images/custom/davids/high/C/custom_davids_high_C_2.jpg,2,False,False,102321717,"[0.0, 1.0]"
images/custom/davids/high/C/custom_davids_high_C_3.jpg,1,False,False,105154415,[1.0]
images/custom/davids/high/C/custom_davids_high_C_4.jpg,1,False,False,95517911,[2.0]
images/custom/davids/high/D/custom_davids_high_D_0.jpg,4,True,True,98339261,"[1.4142135623730951, 1.4142135623730951, 1.4142135623730951, 2.23606797749979]"
images/custom/davids/high/D/custom_davids_high_D_1.jpg,3,False,False,107338428,"[0.0, 1.0, 1.4142135623730951]"
images/custom/davids/high/D/custom_davids_high_D_2.jpg,2,False,False,103983158,"[1.0, 1.0]"
images/custom/davids/high/D/custom_davids_high_D_3.jpg,2,False,False,116839957,"[0.0, 1.0]"
images/custom/davids/high/D/custom_davids_high_D_4.jpg,2,False,False,98522464,"[2.0, 2.23606797749979]"
images/custom/davids/medium/A/custom_davids_medium_A_0.jpg,4,True,True,105831983,"[1.0, 1.0, 1.0, 1.0]"
images/custom/davids/medium/A/custom_davids_medium_A_1.jpg,1,False,False,102611675,[2.0]
images/custom/davids/medium/A/custom_davids_medium_A_2.jpg,3,False,False,106756244,"[1.4142135623730951, 1.4142135623730951, 2.23606797749979]"
images/custom/davids/medium/A/custom_davids_medium_A_3.jpg,0,False,False,109011505,[]
images/custom/davids/medium/A/custom_davids_medium_A_4.jpg,2,False,False,104128667,"[0.0, 2.0]"
images/custom/davids/medium/B/custom_davids_medium_B_0.jpg,1,False,False,105678251,[0.0]
images/custom/davids/medium/B/custom_davids_medium_B_1.jpg,2,False,False,118519416,"[0.0, 0.0]"
images/custom/davids/medium/B/custom_davids_medium_B_2.jpg,3,False,False,113019980,"[0.0, 1.0, 1.4142135623730951]"
images/custom/davids/medium/B/custom_davids_medium_B_3.jpg,3,False,False,118628334,"[0.0, 0.0, 1.4142135623730951]"
images/custom/davids/medium/B/custom_davids_medium_B_4.jpg,2,False,False,104377613,"[1.0, 1.0]"
images/custom/davids/medium/C/custom_davids_medium_C_0.jpg,2,False,False,109440008,"[1.0, 1.4142135623730951]"
images/custom/davids/medium/C/custom_davids_medium_C_1.jpg,1,False,False,107171146,[135.05924625881784]
images/custom/davids/medium/C/custom_davids_medium_C_2.jpg,2,False,False,111763215,"[0.0, 1.4142135623730951]"
images/custom/davids/medium/C/custom_davids_medium_C_3.jpg,1,False,False,111288534,[1.4142135623730951]
images/custom/davids/medium/C/custom_davids_medium_C_4.jpg,1,False,False,101848391,[1.4142135623730951]
images/custom/davids/medium/D/custom_davids_medium_D_0.jpg,2,False,False,107143017,"[1.4142135623730951, 2.23606797749979]"
images/custom/davids/medium/D/custom_davids_medium_D_1.jpg,2,False,False,109423391,"[1.0, 2.23606797749979]"
images/custom/davids/medium/D/custom_davids_medium_D_2.jpg,3,False,False,109229905,"[1.0, 1.0, 2.0]"
images/custom/davids/medium/D/custom_davids_medium_D_3.jpg,3,False,False,108205673,"[1.0, 1.0, 1.0]"
images/custom/davids/medium/D/custom_davids_medium_D_4.jpg,3,False,False,99181018,"[0.0, 1.0, 1.0]"
images/custom/davids/short/A/custom_davids_short_A_0.jpg,3,False,False,106345324,"[1.0, 1.0, 2.23606797749979]"
images/custom/davids/short/A/custom_davids_short_A_1.jpg,3,False,False,112305324,"[1.0, 1.0, 2.23606797749979]"
images/custom/davids/short/A/custom_davids_short_A_2.jpg,2,False,False,101228087,"[1.0, 3.1622776601683795]"
images/custom/davids/short/A/custom_davids_short_A_3.jpg,0,False,False,118070525,[]
images/custom/davids/short/A/custom_davids_short_A_4.jpg,3,False,False,98804443,"[1.0, 2.23606797749979, 2.8284271247461903]"
images/custom/davids/short/B/custom_davids_short_B_0.jpg,2,False,False,108286305,"[1.4142135623730951, 318.7789202566569]"
images/custom/davids/short/B/custom_davids_short_B_1.jpg,2,False,False,104489446,"[0.0, 1.0]"
images/custom/davids/short/B/custom_davids_short_B_2.jpg,0,False,False,112687209,[]
images/custom/davids/short/B/custom_davids_short_B_3.jpg,1,False,False,106052837,[2.0]
images/custom/davids/short/B/custom_davids_short_B_4.jpg,2,False,False,103799000,"[1.0, 1.0]"
images/custom/davids/short/C/custom_davids_short_C_0.jpg,1,False,False,104589521,[1.0]
images/custom/davids/short/C/custom_davids_short_C_1.jpg,1,False,False,101437783,[2.0]
images/custom/davids/short/C/custom_davids_short_C_2.jpg,2,False,False,118248977,"[1.0, 315.3696244092002]"
images/custom/davids/short/C/custom_davids_short_C_3.jpg,1,False,False,108823814,[1.4142135623730951]
images/custom/davids/short/C/custom_davids_short_C_4.jpg,2,False,False,98878919,"[0.0, 1.0]"
images/custom/davids/short/D/custom_davids_short_D_0.jpg,2,False,False,107013826,"[0.0, 1.0]"
images/custom/davids/short/D/custom_davids_short_D_1.jpg,1,False,False,115309524,[2.23606797749979]
images/custom/davids/short/D/custom_davids_short_D_2.jpg,1,False,False,102006429,[0.0]
images/custom/davids/short/D/custom_davids_short_D_3.jpg,2,False,False,102938529,"[0.0, 2.0]"
images/custom/davids/short/D/custom_davids_short_D_4.jpg,1,False,False,107567407,[1.0]
images/custom/jack_cole/high/A/custom_jack_cole_high_A_0.jpg,2,False,False,103661450,"[1.0, 1.4142135623730951]"
images/custom/jack_cole/high/A/custom_jack_cole_high_A_1.jpg,1,False,False,102270973,[1.0]
images/custom/jack_cole/high/A/custom_jack_cole_high_A_2.jpg,3,False,False,102412888,"[1.4142135623730951, 1.4142135623730951, 2.0]"
images/custom/jack_cole/high/A/custom_jack_cole_high_A_3.jpg,2,False,False,96615919,"[1.0, 1.4142135623730951]"
images/custom/jack_cole/high/A/custom_jack_cole_high_A_4.jpg,1,False,False,94435671,[2.23606797749979]
images/custom/jack_cole/high/B/custom_jack_cole_high_B_0.jpg,3,False,False,95505616,"[1.0, 1.0, 1.4142135623730951]"
images/custom/jack_cole/high/B/custom_jack_cole_high_B_1.jpg,3,False,False,98416863,"[1.4142135623730951, 1.4142135623730951, 1.4142135623730951]"
images/custom/jack_cole/high/B/custom_jack_cole_high_B_2.jpg,3,False,False,97357959,"[1.0, 1.4142135623730951, 2.23606797749979]"
images/custom/jack_cole/high/B/custom_jack_cole_high_B_3.jpg,3,False,False,104209410,"[0.0, 1.0, 1.4142135623730951]"
images/custom/jack_cole/high/B/custom_jack_cole_high_B_4.jpg,2,False,False,95537736,"[0.0, 1.0]"
images/custom/jack_cole/high/C/custom_jack_cole_high_C_0.jpg,1,False,False,94221617,[2.0]
images/custom/jack_cole/high/C/custom_jack_cole_high_C_1.jpg,1,False,False,97885400,[1.0]
images/custom/jack_cole/high/C/custom_jack_cole_high_C_2.jpg,1,False,False,97490912,[1.0]
images/custom/jack_cole/high/C/custom_jack_cole_high_C_3.jpg,1,False,False,95687858,[1.0]
images/custom/jack_cole/high/C/custom_jack_cole_high_C_4.jpg,1,False,False,94530678,[1.0]
images/custom/jack_cole/high/D/custom_jack_cole_high_D_0.jpg,2,False,False,96233941,"[1.4142135623730951, 2.23606797749979]"
images/custom/jack_cole/high/D/custom_jack_cole_high_D_1.jpg,3,False,False,101891562,"[0.0, 1.0, 2.23606797749979]"
images/custom/jack_cole/high/D/custom_jack_cole_high_D_2.jpg,2,False,False,100555658,"[1.0, 1.4142135623730951]"
images/custom/jack_cole/high/D/custom_jack_cole_high_D_3.jpg,3,False,False,98114197,"[1.0, 1.4142135623730951, 2.0]"
images/custom/jack_cole/high/D/custom_jack_cole_high_D_4.jpg,0,False,False,95559237,[]
images/custom/jack_cole/medium/A/custom_jack_cole_medium_A_0.jpg,2,False,False,97449446,"[1.0, 1.0]"
images/custom/jack_cole/medium/A/custom_jack_cole_medium_A_1.jpg,4,True,True,97275453,"[1.0, 2.23606797749979, 2.23606797749979, 3.0]"
images/custom/jack_cole/medium/A/custom_jack_cole_medium_A_2.jpg,3,False,False,93828893,"[1.0, 1.0, 2.23606797749979]"
images/custom/jack_cole/medium/A/custom_jack_cole_medium_A_3.jpg,3,False,False,94650373,"[0.0, 1.0, 2.23606797749979]"
images/custom/jack_cole/medium/A/custom_jack_cole_medium_A_4.jpg,4,True,True,103894742,"[1.0, 1.4142135623730951, 2.0, 2.23606797749979]"
images/custom/jack_cole/medium/B/custom_jack_cole_medium_B_0.jpg,2,False,False,103099970,"[1.0, 1.4142135623730951]"
images/custom/jack_cole/medium/B/custom_jack_cole_medium_B_1.jpg,4,True,True,96367333,"[0.0, 1.0, 2.23606797749979, 2.23606797749979]"
images/custom/jack_cole/medium/B/custom_jack_cole_medium_B_2.jpg,3,False,False,103678130,"[1.0, 2.0, 2.23606797749979]"
images/custom/jack_cole/medium/B/custom_jack_cole_medium_B_3.jpg,1,False,False,97378839,[2.23606797749979]
images/custom/jack_cole/medium/B/custom_jack_cole_medium_B_4.jpg,2,False,False,103530268,"[2.23606797749979, 3.605551275463989]"
images/custom/jack_cole/medium/C/custom_jack_cole_medium_C_0.jpg,2,False,False,99738596,"[1.4142135623730951, 2.8284271247461903]"
images/custom/jack_cole/medium/C/custom_jack_cole_medium_C_1.jpg,1,False,False,101714742,[3.0]
images/custom/jack_cole/medium/C/custom_jack_cole_medium_C_2.jpg,0,False,False,97409568,[]
images/custom/jack_cole/medium/C/custom_jack_cole_medium_C_3.jpg,2,False,False,95743653,"[2.23606797749979, 2.23606797749979]"
images/custom/jack_cole/medium/C/custom_jack_cole_medium_C_4.jpg,2,False,False,94582455,"[2.23606797749979, 2.8284271247461903]"
images/custom/jack_cole/medium/D/custom_jack_cole_medium_D_0.jpg,2,False,False,96884253,"[2.0, 3.0]"
images/custom/jack_cole/medium/D/custom_jack_cole_medium_D_1.jpg,3,False,False,98260945,"[1.0, 1.0, 2.0]"
images/custom/jack_cole/medium/D/custom_jack_cole_medium_D_2.jpg,2,False,False,102923324,"[1.0, 2.0]"
images/custom/jack_cole/medium/D/custom_jack_cole_medium_D_3.jpg,2,False,False,101010481,"[1.0, 1.4142135623730951]"
images/custom/jack_cole/medium/D/custom_jack_cole_medium_D_4.jpg,1,False,False,95583112,[1.0]
images/custom/jack_cole/short/A/custom_jack_cole_short_A_0.jpg,3,False,False,102357348,"[1.0, 2.23606797749979, 4.123105625617661]"
images/custom/jack_cole/short/A/custom_jack_cole_short_A_1.jpg,3,False,False,107752475,"[2.0, 3.0, 3.0]"
images/custom/jack_cole/short/A/custom_jack_cole_short_A_2.jpg,4,True,True,103889573,"[1.0, 1.0, 1.4142135623730951, 1.4142135623730951]"
images/custom/jack_cole/short/A/custom_jack_cole_short_A_3.jpg,3,False,False,109749038,"[1.4142135623730951, 2.8284271247461903, 3.1622776601683795]"
images/custom/jack_cole/short/A/custom_jack_cole_short_A_4.jpg,2,False,False,99253496,"[1.4142135623730951, 2.23606797749979]"
images/custom/jack_cole/short/B/custom_jack_cole_short_B_0.jpg,2,False,False,113777293,"[1.0, 1.0]"
images/custom/jack_cole/short/B/custom_jack_cole_short_B_1.jpg,3,False,False,100409745,"[0.0, 1.0, 2.0]"
images/custom/jack_cole/short/B/custom_jack_cole_short_B_2.jpg,3,False,False,118073398,"[1.0, 1.0, 2.0]"
images/custom/jack_cole/short/B/custom_jack_cole_short_B_3.jpg,3,False,False,113488621,"[0.0, 0.0, 2.23606797749979]"
images/custom/jack_cole/short/B/custom_jack_cole_short_B_4.jpg,3,False,False,102366357,"[0.0, 1.0, 2.8284271247461903]"
images/custom/jack_cole/short/C/custom_jack_cole_short_C_0.jpg,2,False,False,103816863,"[1.0, 1.0]"
images/custom/jack_cole/short/C/custom_jack_cole_short_C_1.jpg,2,False,False,103056087,"[1.4142135623730951, 3.0]"
images/custom/jack_cole/short/C/custom_jack_cole_short_C_2.jpg,0,False,False,102948900,[]
images/custom/jack_cole/short/C/custom_jack_cole_short_C_3.jpg,2,False,False,99059501,"[2.23606797749979, 3.1622776601683795]"
images/custom/jack_cole/short/C/custom_jack_cole_short_C_4.jpg,1,False,False,115940093,[2.8284271247461903]
images/custom/jack_cole/short/D/custom_jack_cole_short_D_0.jpg,3,False,False,104965872,"[1.0, 1.4142135623730951, 2.0]"
images/custom/jack_cole/short/D/custom_jack_cole_short_D_1.jpg,2,False,False,99565621,"[2.0, 2.23606797749979]"
images/custom/jack_cole/short/D/custom_jack_cole_short_D_2.jpg,2,False,False,107947047,"[1.0, 1.0]"
images/custom/jack_cole/short/D/custom_jack_cole_short_D_3.jpg,3,False,False,109537636,"[2.23606797749979, 2.23606797749979, 3.1622776601683795]"
images/custom/jack_cole/short/D/custom_jack_cole_short_D_4.jpg,1,False,False,102117154,[2.8284271247461903]
images/custom/john_honey/high/A/custom_john_honey_high_A_0.jpg,4,True,True,102110556,"[1.0, 1.0, 3.0, 3.605551275463989]"
images/custom/john_honey/high/A/custom_john_honey_high_A_1.jpg,1,False,False,105287329,[1.4142135623730951]
images/custom/john_honey/high/A/custom_john_honey_high_A_2.jpg,2,False,False,101934171,"[1.0, 1.4142135623730951]"
images/custom/john_honey/high/A/custom_john_honey_high_A_3.jpg,1,False,False,108397578,[0.0]
images/custom/john_honey/high/A/custom_john_honey_high_A_4.jpg,3,False,False,104454244,"[1.0, 1.4142135623730951, 1.4142135623730951]"
images/custom/john_honey/high/B/custom_john_honey_high_B_0.jpg,1,False,False,102814535,[1.0]
images/custom/john_honey/high/B/custom_john_honey_high_B_1.jpg,1,False,False,104029017,[1.4142135623730951]
images/custom/john_honey/high/B/custom_john_honey_high_B_2.jpg,1,False,False,103091655,[1.0]
images/custom/john_honey/high/B/custom_john_honey_high_B_3.jpg,0,False,False,97160581,[]
images/custom/john_honey/high/B/custom_john_honey_high_B_4.jpg,1,False,False,98441485,[1.4142135623730951]
images/custom/john_honey/high/C/custom_john_honey_high_C_0.jpg,2,False,False,104707042,"[1.0, 1.4142135623730951]"
images/custom/john_honey/high/C/custom_john_honey_high_C_1.jpg,2,False,False,100517595,"[2.23606797749979, 2.23606797749979]"
images/custom/john_honey/high/C/custom_john_honey_high_C_2.jpg,2,False,False,108879879,"[0.0, 1.0]"
images/custom/john_honey/high/C/custom_john_honey_high_C_3.jpg,0,False,False,105187751,[]
images/custom/john_honey/high/C/custom_john_honey_high_C_4.jpg,1,False,False,103141228,[1.4142135623730951]
images/custom/john_honey/high/D/custom_john_honey_high_D_0.jpg,0,False,False,105504445,[]
images/custom/john_honey/high/D/custom_john_honey_high_D_1.jpg,1,False,False,105081224,[2.23606797749979]
images/custom/john_honey/high/D/custom_john_honey_high_D_2.jpg,2,False,False,105698181,"[0.0, 2.0]"
images/custom/john_honey/high/D/custom_john_honey_high_D_3.jpg,3,False,False,101969368,"[1.0, 1.4142135623730951, 2.23606797749979]"
images/custom/john_honey/high/D/custom_john_honey_high_D_4.jpg,1,False,False,96755400,[1.0]
images/custom/john_honey/medium/A/custom_john_honey_medium_A_0.jpg,2,False,False,104894105,"[0.0, 1.0]"
images/custom/john_honey/medium/A/custom_john_honey_medium_A_1.jpg,1,False,False,106747420,[1.4142135623730951]
images/custom/john_honey/medium/A/custom_john_honey_medium_A_2.jpg,3,False,False,110828811,"[1.0, 1.0, 1.4142135623730951]"
images/custom/john_honey/medium/A/custom_john_honey_medium_A_3.jpg,1,False,False,106726909,[1.0]
images/custom/john_honey/medium/A/custom_john_honey_medium_A_4.jpg,2,False,False,110517078,"[1.0, 1.4142135623730951]"
images/custom/john_honey/medium/B/custom_john_honey_medium_B_0.jpg,3,False,False,109771929,"[1.0, 1.0, 1.0]"
images/custom/john_honey/medium/B/custom_john_honey_medium_B_1.jpg,1,False,False,108477783,[1.0]
images/custom/john_honey/medium/B/custom_john_honey_medium_B_2.jpg,2,False,False,99379100,"[0.0, 1.4142135623730951]"
images/custom/john_honey/medium/B/custom_john_honey_medium_B_3.jpg,2,False,False,104283051,"[2.0, 2.8284271247461903]"
images/custom/john_honey/medium/B/custom_john_honey_medium_B_4.jpg,1,False,False,107725201,[2.23606797749979]
images/custom/john_honey/medium/C/custom_john_honey_medium_C_0.jpg,1,False,False,108566022,[1.0]
images/custom/john_honey/medium/C/custom_john_honey_medium_C_1.jpg,1,False,False,104322461,[1.4142135623730951]
images/custom/john_honey/medium/C/custom_john_honey_medium_C_2.jpg,0,False,False,108519913,[]
images/custom/john_honey/medium/C/custom_john_honey_medium_C_3.jpg,2,False,False,109450731,"[1.0, 1.4142135623730951]"
images/custom/john_honey/medium/C/custom_john_honey_medium_C_4.jpg,1,False,False,101618551,[1.0]
images/custom/john_honey/medium/D/custom_john_honey_medium_D_0.jpg,2,False,False,106310336,"[1.0, 2.23606797749979]"
images/custom/john_honey/medium/D/custom_john_honey_medium_D_1.jpg,4,True,True,104605562,"[0.0, 1.0, 1.4142135623730951, 1.4142135623730951]"
images/custom/john_honey/medium/D/custom_john_honey_medium_D_2.jpg,1,False,False,113882729,[0.0]
images/custom/john_honey/medium/D/custom_john_honey_medium_D_3.jpg,3,False,False,112639688,"[1.0, 1.4142135623730951, 2.23606797749979]"
images/custom/john_honey/medium/D/custom_john_honey_medium_D_4.jpg,3,False,False,110237604,"[0.0, 1.4142135623730951, 2.23606797749979]"
images/custom/john_honey/short/A/custom_john_honey_short_A_0.jpg,2,False,False,106729605,"[1.4142135623730951, 2.0]"
images/custom/john_honey/short/A/custom_john_honey_short_A_1.jpg,2,False,False,109862991,"[1.4142135623730951, 2.23606797749979]"
images/custom/john_honey/short/A/custom_john_honey_short_A_2.jpg,1,False,False,103547384,[1.0]
images/custom/john_honey/short/A/custom_john_honey_short_A_3.jpg,3,False,False,103795356,"[1.0, 1.4142135623730951, 2.0]"
images/custom/john_honey/short/A/custom_john_honey_short_A_4.jpg,3,False,False,113146479,"[1.4142135623730951, 2.23606797749979, 2.23606797749979]"
images/custom/john_honey/short/B/custom_john_honey_short_B_0.jpg,1,False,False,113877689,[2.0]
images/custom/john_honey/short/B/custom_john_honey_short_B_1.jpg,2,False,False,114631654,"[2.0, 2.23606797749979]"
images/custom/john_honey/short/B/custom_john_honey_short_B_2.jpg,3,False,False,110135714,"[1.0, 1.4142135623730951, 1.4142135623730951]"
images/custom/john_honey/short/B/custom_john_honey_short_B_3.jpg,1,False,False,108212375,[2.0]
images/custom/john_honey/short/B/custom_john_honey_short_B_4.jpg,1,False,False,114448267,[1.0]
images/custom/john_honey/short/C/custom_john_honey_short_C_0.jpg,1,False,False,109250142,[1.4142135623730951]
images/custom/john_honey/short/C/custom_john_honey_short_C_1.jpg,0,False,False,112114543,[]
images/custom/john_honey/short/C/custom_john_honey_short_C_2.jpg,0,False,False,105914468,[]
images/custom/john_honey/short/C/custom_john_honey_short_C_3.jpg,1,False,False,115137914,[2.0]
images/custom/john_honey/short/C/custom_john_honey_short_C_4.jpg,2,False,False,115943624,"[1.4142135623730951, 1.4142135623730951]"
images/custom/john_honey/short/D/custom_john_honey_short_D_0.jpg,2,False,False,112158724,"[0.0, 1.4142135623730951]"
images/custom/john_honey/short/D/custom_john_honey_short_D_1.jpg,3,False,False,111674204,"[1.0, 1.0, 1.4142135623730951]"
images/custom/john_honey/short/D/custom_john_honey_short_D_2.jpg,3,False,False,106082391,"[1.0, 1.4142135623730951, 2.0]"
images/custom/john_honey/short/D/custom_john_honey_short_D_3.jpg,3,False,False,109165773,"[0.0, 1.4142135623730951, 2.0]"
images/custom/john_honey/short/D/custom_john_honey_short_D_4.jpg,2,False,False,107259804,"[0.0, 1.4142135623730951]"
images/custom/michaels/high/A/custom_michaels_high_A_0.jpg,2,False,False,91390048,"[0.0, 2.23606797749979]"
images/custom/michaels/high/A/custom_michaels_high_A_1.jpg,1,False,False,88449943,[1.0]
images/custom/michaels/high/A/custom_michaels_high_A_2.jpg,1,False,False,103879092,[1.4142135623730951]
images/custom/michaels/high/A/custom_michaels_high_A_3.jpg,3,False,False,91189850,"[0.0, 1.0, 1.0]"
images/custom/michaels/high/A/custom_michaels_high_A_4.jpg,1,False,False,94542077,[1.4142135623730951]
images/custom/michaels/high/B/custom_michaels_high_B_0.jpg,2,False,False,93694540,"[0.0, 2.8284271247461903]"
images/custom/michaels/high/B/custom_michaels_high_B_1.jpg,1,False,False,92759996,[1.0]
images/custom/michaels/high/B/custom_michaels_high_B_2.jpg,3,False,False,86584666,"[1.0, 1.0, 1.4142135623730951]"
images/custom/michaels/high/B/custom_michaels_high_B_3.jpg,1,False,False,96448926,[1.0]
images/custom/michaels/high/B/custom_michaels_high_B_4.jpg,2,False,False,91734908,"[1.0, 1.4142135623730951]"
images/custom/michaels/high/C/custom_michaels_high_C_0.jpg,0,False,False,96430050,[]
images/custom/michaels/high/C/custom_michaels_high_C_1.jpg,0,False,False,97695441,[]
images/custom/michaels/high/C/custom_michaels_high_C_2.jpg,0,False,False,95976506,[]
images/custom/michaels/high/C/custom_michaels_high_C_3.jpg,2,False,False,91636269,"[1.0, 1.4142135623730951]"
images/custom/michaels/high/C/custom_michaels_high_C_4.jpg,0,False,False,94715116,[]
images/custom/michaels/high/D/custom_michaels_high_D_0.jpg,1,False,False,95780391,[1.0]
images/custom/michaels/high/D/custom_michaels_high_D_1.jpg,3,False,False,91245911,"[1.0, 1.0, 1.4142135623730951]"
images/custom/michaels/high/D/custom_michaels_high_D_2.jpg,3,False,False,91906917,"[1.0, 1.0, 1.0]"
images/custom/michaels/high/D/custom_michaels_high_D_3.jpg,1,False,False,95558257,[1.0]
images/custom/michaels/high/D/custom_michaels_high_D_4.jpg,0,False,False,95707695,[]
images/custom/michaels/medium/A/custom_michaels_medium_A_0.jpg,2,False,False,108346858,"[0.0, 1.4142135623730951]"
images/custom/michaels/medium/A/custom_michaels_medium_A_1.jpg,0,False,False,103220161,[]
images/custom/michaels/medium/A/custom_michaels_medium_A_2.jpg,2,False,False,97264424,"[1.0, 3.0]"
images/custom/michaels/medium/A/custom_michaels_medium_A_3.jpg,0,False,False,103281758,[]
images/custom/michaels/medium/A/custom_michaels_medium_A_4.jpg,3,False,False,103219253,"[0.0, 1.0, 1.4142135623730951]"
images/custom/michaels/medium/B/custom_michaels_medium_B_0.jpg,3,False,False,103296877,"[1.0, 1.0, 1.0]"
images/custom/michaels/medium/B/custom_michaels_medium_B_1.jpg,1,False,False,107760800,[0.0]
images/custom/michaels/medium/B/custom_michaels_medium_B_2.jpg,2,False,False,101729357,"[2.23606797749979, 2.23606797749979]"
images/custom/michaels/medium/B/custom_michaels_medium_B_3.jpg,2,False,False,107200449,"[0.0, 1.4142135623730951]"
images/custom/michaels/medium/B/custom_michaels_medium_B_4.jpg,2,False,False,105729098,"[1.4142135623730951, 2.0]"
images/custom/michaels/medium/C/custom_michaels_medium_C_0.jpg,0,False,False,105990928,[]
images/custom/michaels/medium/C/custom_michaels_medium_C_1.jpg,1,False,False,105538802,[1.0]
images/custom/michaels/medium/C/custom_michaels_medium_C_2.jpg,1,False,False,110483034,[2.23606797749979]
images/custom/michaels/medium/C/custom_michaels_medium_C_3.jpg,1,False,False,108906249,[1.4142135623730951]
images/custom/michaels/medium/C/custom_michaels_medium_C_4.jpg,2,False,False,97211251,"[0.0, 0.0]"
images/custom/michaels/medium/D/custom_michaels_medium_D_0.jpg,2,False,False,99576180,"[1.0, 1.0]"
images/custom/michaels/medium/D/custom_michaels_medium_D_1.jpg,3,False,False,101407724,"[0.0, 0.0, 2.23606797749979]"
images/custom/michaels/medium/D/custom_michaels_medium_D_2.jpg,4,True,True,105173748,"[0.0, 0.0, 1.0, 1.4142135623730951]"
images/custom/michaels/medium/D/custom_michaels_medium_D_3.jpg,4,True,True,101697089,"[1.0, 1.4142135623730951, 1.4142135623730951, 2.0]"
images/custom/michaels/medium/D/custom_michaels_medium_D_4.jpg,4,True,True,96914429,"[0.0, 1.0, 1.0, 2.23606797749979]"
images/custom/michaels/short/A/custom_michaels_short_A_0.jpg,4,True,True,104915944,"[1.0, 1.0, 1.0, 2.23606797749979]"
images/custom/michaels/short/A/custom_michaels_short_A_1.jpg,4,True,True,102021496,"[0.0, 1.0, 1.0, 1.4142135623730951]"
images/custom/michaels/short/A/custom_michaels_short_A_2.jpg,2,False,False,101200780,"[0.0, 2.0]"
images/custom/michaels/short/A/custom_michaels_short_A_3.jpg,2,False,False,105037253,"[1.0, 2.23606797749979]"
images/custom/michaels/short/A/custom_michaels_short_A_4.jpg,1,False,False,99222929,[1.0]
images/custom/michaels/short/B/custom_michaels_short_B_0.jpg,2,False,False,96850127,"[1.4142135623730951, 1.4142135623730951]"
images/custom/michaels/short/B/custom_michaels_short_B_1.jpg,3,False,False,104846105,"[1.0, 1.0, 2.23606797749979]"
images/custom/michaels/short/B/custom_michaels_short_B_2.jpg,3,False,False,113335201,"[0.0, 1.4142135623730951, 2.0]"
images/custom/michaels/short/B/custom_michaels_short_B_3.jpg,2,False,False,104421807,"[1.4142135623730951, 1.4142135623730951]"
images/custom/michaels/short/B/custom_michaels_short_B_4.jpg,1,False,False,101009667,[1.4142135623730951]
images/custom/michaels/short/C/custom_michaels_short_C_0.jpg,2,False,False,104315657,"[0.0, 1.0]"
images/custom/michaels/short/C/custom_michaels_short_C_1.jpg,2,False,False,107009150,"[1.0, 1.0]"
images/custom/michaels/short/C/custom_michaels_short_C_2.jpg,0,False,False,107381927,[]
images/custom/michaels/short/C/custom_michaels_short_C_3.jpg,1,False,False,102408665,[1.4142135623730951]
images/custom/michaels/short/C/custom_michaels_short_C_4.jpg,1,False,False,103563667,[1.0]
images/custom/michaels/short/D/custom_michaels_short_D_0.jpg,1,False,False,98948249,[2.0]
images/custom/michaels/short/D/custom_michaels_short_D_1.jpg,1,False,False,100372168,[2.23606797749979]
images/custom/michaels/short/D/custom_michaels_short_D_2.jpg,0,False,False,107531511,[]
images/custom/michaels/short/D/custom_michaels_short_D_3.jpg,3,False,False,101462574,"[1.4142135623730951, 1.4142135623730951, 1.4142135623730951]"
images/custom/michaels/short/D/custom_michaels_short_D_4.jpg,4,True,True,102977468,"[0.0, 1.0, 2.0, 3.0]"
images/dark/davids/high/A/dark_davids_high_A_0.jpg,2,False,False,117849293,"[1.0, 1.0]"
images/dark/davids/high/A/dark_davids_high_A_1.jpg,1,False,False,109358064,[2.23606797749979]
images/dark/davids/high/A/dark_davids_high_A_2.jpg,3,False,False,106390276,"[0.0, 1.0, 1.4142135623730951]"
images/dark/davids/high/A/dark_davids_high_A_3.jpg,3,False,False,108448415,"[2.0, 2.23606797749979, 2.23606797749979]"
images/dark/davids/high/A/dark_davids_high_A_4.jpg,4,True,True,115150119,"[1.0, 1.0, 1.0, 1.4142135623730951]"
images/dark/davids/high/B/dark_davids_high_B_0.jpg,4,True,True,113192786,"[1.0, 1.0, 1.0, 1.0]"
images/dark/davids/high/B/dark_davids_high_B_1.jpg,1,False,False,112361985,[1.0]
images/dark/davids/high/B/dark_davids_high_B_2.jpg,3,False,False,111430729,"[1.0, 1.4142135623730951, 2.23606797749979]"
images/dark/davids/high/B/dark_davids_high_B_3.jpg,3,False,False,100628914,"[1.0, 2.0, 2.23606797749979]"
images/dark/davids/high/B/dark_davids_high_B_4.jpg,3,False,False,101627277,"[1.0, 1.4142135623730951, 1.4142135623730951]"
images/dark/davids/high/C/dark_davids_high_C_0.jpg,4,True,True,109909152,"[1.0, 1.4142135623730951, 1.4142135623730951, 2.23606797749979]"
images/dark/davids/high/C/dark_davids_high_C_1.jpg,2,False,False,118320300,"[0.0, 0.0]"
images/dark/davids/high/C/dark_davids_high_C_2.jpg,2,False,False,111515140,"[1.0, 1.4142135623730951]"
images/dark/davids/high/C/dark_davids_high_C_3.jpg,2,False,False,108621334,"[1.0, 2.0]"
images/dark/davids/high/C/dark_davids_high_C_4.jpg,3,False,False,104429746,"[0.0, 0.0, 1.0]"
images/dark/davids/high/D/dark_davids_high_D_0.jpg,3,False,False,107028758,"[0.0, 0.0, 1.4142135623730951]"
images/dark/davids/high/D/dark_davids_high_D_1.jpg,1,False,False,98366284,[0.0]
images/dark/davids/high/D/dark_davids_high_D_2.jpg,0,False,False,116769826,[]
images/dark/davids/high/D/dark_davids_high_D_3.jpg,0,False,False,111093850,[]
images/dark/davids/high/D/dark_davids_high_D_4.jpg,2,False,False,104608024,"[0.0, 1.4142135623730951]"
images/dark/davids/medium/A/dark_davids_medium_A_0.jpg,1,False,False,119807910,[1.0]
images/dark/davids/medium/A/dark_davids_medium_A_1.jpg,2,False,False,122031440,"[1.0, 1.4142135623730951]"
images/dark/davids/medium/A/dark_davids_medium_A_2.jpg,3,False,False,129582280,"[0.0, 1.0, 2.0]"
images/dark/davids/medium/A/dark_davids_medium_A_3.jpg,2,False,False,132884805,"[2.23606797749979, 2.23606797749979]"
images/dark/davids/medium/A/dark_davids_medium_A_4.jpg,2,False,False,111188006,"[0.0, 2.23606797749979]"
images/dark/davids/medium/B/dark_davids_medium_B_0.jpg,2,False,False,111536931,"[1.0, 2.0]"
images/dark/davids/medium/B/dark_davids_medium_B_1.jpg,5,False,False,114500666,"[1.0, 1.0, 2.0, 2.23606797749979, 474.911570716065]"
images/dark/davids/medium/B/dark_davids_medium_B_2.jpg,6,False,False,106366143,"[1.4142135623730951, 2.0, 2.23606797749979, 138.92443989449805, 470.8046303935423, 539.3922505932023]"
images/dark/davids/medium/B/dark_davids_medium_B_3.jpg,6,False,False,121433357,"[1.4142135623730951, 1.4142135623730951, 2.23606797749979, 118.10588469674151, 470.73665674132496, 539.1567490071881]"
images/dark/davids/medium/B/dark_davids_medium_B_4.jpg,3,False,False,105196127,"[1.0, 520.2547452931112, 589.6007123469238]"
images/dark/davids/medium/C/dark_davids_medium_C_0.jpg,4,True,True,113227801,"[1.0, 1.0, 1.0, 1.0]"
images/dark/davids/medium/C/dark_davids_medium_C_1.jpg,3,False,False,116043072,"[1.0, 2.0, 2.23606797749979]"
images/dark/davids/medium/C/dark_davids_medium_C_2.jpg,3,False,False,116329699,"[1.0, 1.0, 2.23606797749979]"
images/dark/davids/medium/C/dark_davids_medium_C_3.jpg,3,False,False,114589073,"[0.0, 1.4142135623730951, 1.4142135623730951]"
images/dark/davids/medium/C/dark_davids_medium_C_4.jpg,2,False,False,108227371,"[1.4142135623730951, 2.23606797749979]"
images/dark/davids/medium/D/dark_davids_medium_D_0.jpg,0,False,False,106008852,[]
images/dark/davids/medium/D/dark_davids_medium_D_1.jpg,3,False,False,111396937,"[1.0, 2.23606797749979, 586.8466579950848]"
images/dark/davids/medium/D/dark_davids_medium_D_2.jpg,1,False,False,121507006,[3.1622776601683795]
images/dark/davids/medium/D/dark_davids_medium_D_3.jpg,2,False,False,110468286,"[1.0, 3.605551275463989]"
images/dark/davids/medium/D/dark_davids_medium_D_4.jpg,2,False,False,107978587,"[1.0, 733.6163847679521]"
images/dark/davids/short/A/dark_davids_short_A_0.jpg,2,False,False,110171369,"[2.0, 2.23606797749979]"
images/dark/davids/short/A/dark_davids_short_A_1.jpg,0,False,False,113296736,[]
images/dark/davids/short/A/dark_davids_short_A_2.jpg,1,False,False,118529086,[3.1622776601683795]
images/dark/davids/short/A/dark_davids_short_A_3.jpg,0,False,False,117261346,[]
images/dark/davids/short/A/dark_davids_short_A_4.jpg,3,False,False,105114104,"[0.0, 1.0, 2.23606797749979]"
images/dark/davids/short/B/dark_davids_short_B_0.jpg,3,False,False,115237003,"[1.4142135623730951, 2.0, 3.605551275463989]"
images/dark/davids/short/B/dark_davids_short_B_1.jpg,3,False,False,119846515,"[1.0, 1.0, 1.4142135623730951]"
images/dark/davids/short/B/dark_davids_short_B_2.jpg,2,False,False,109057509,"[1.0, 2.0]"
images/dark/davids/short/B/dark_davids_short_B_3.jpg,4,True,True,108681418,"[1.0, 1.0, 3.0, 3.0]"
images/dark/davids/short/B/dark_davids_short_B_4.jpg,2,False,False,108742799,"[1.0, 2.23606797749979]"
images/dark/davids/short/C/dark_davids_short_C_0.jpg,3,False,False,113330785,"[1.0, 1.4142135623730951, 2.23606797749979]"
images/dark/davids/short/C/dark_davids_short_C_1.jpg,4,True,True,108095837,"[1.0, 1.0, 1.4142135623730951, 2.23606797749979]"
images/dark/davids/short/C/dark_davids_short_C_2.jpg,2,False,False,107798850,"[2.23606797749979, 3.1622776601683795]"
images/dark/davids/short/C/dark_davids_short_C_3.jpg,3,False,False,120403455,"[0.0, 1.0, 2.23606797749979]"
images/dark/davids/short/C/dark_davids_short_C_4.jpg,4,True,True,119605581,"[1.0, 1.4142135623730951, 1.4142135623730951, 3.0]"
images/dark/davids/short/D/dark_davids_short_D_0.jpg,4,True,False,115842393,"[0.0, 1.0, 209.99523804124703, 242.78797334299736]"
images/dark/davids/short/D/dark_davids_short_D_1.jpg,3,False,False,117039496,"[1.0, 1.4142135623730951, 3.605551275463989]"
images/dark/davids/short/D/dark_davids_short_D_2.jpg,0,False,False,124997814,[]
images/dark/davids/short/D/dark_davids_short_D_3.jpg,0,False,False,126254861,[]
images/dark/davids/short/D/dark_davids_short_D_4.jpg,2,False,False,114406634,"[2.23606797749979, 3.0]"
images/dark/jack_cole/high/A/dark_jack_cole_high_A_0.jpg,2,False,False,106064429,"[0.0, 0.0]"
images/dark/jack_cole/high/A/dark_jack_cole_high_A_1.jpg,4,True,True,105175190,"[0.0, 1.0, 1.4142135623730951, 1.4142135623730951]"
images/dark/jack_cole/high/A/dark_jack_cole_high_A_2.jpg,2,False,False,107257944,"[0.0, 3.1622776601683795]"
images/dark/jack_cole/high/A/dark_jack_cole_high_A_3.jpg,1,False,False,93692578,[0.0]
images/dark/jack_cole/high/A/dark_jack_cole_high_A_4.jpg,2,False,False,99221185,"[1.4142135623730951, 2.23606797749979]"
images/dark/jack_cole/high/B/dark_jack_cole_high_B_0.jpg,1,False,False,95027540,[1.0]
images/dark/jack_cole/high/B/dark_jack_cole_high_B_1.jpg,2,False,False,95831988,"[1.0, 1.4142135623730951]"
images/dark/jack_cole/high/B/dark_jack_cole_high_B_2.jpg,2,False,False,93044862,"[2.0, 2.23606797749979]"
images/dark/jack_cole/high/B/dark_jack_cole_high_B_3.jpg,3,False,False,97759301,"[1.0, 1.0, 3.0]"
images/dark/jack_cole/high/B/dark_jack_cole_high_B_4.jpg,2,False,False,94610510,"[1.0, 1.0]"
images/dark/jack_cole/high/C/dark_jack_cole_high_C_0.jpg,1,False,False,97834251,[2.0]
images/dark/jack_cole/high/C/dark_jack_cole_high_C_1.jpg,1,False,False,98736277,[1.4142135623730951]
images/dark/jack_cole/high/C/dark_jack_cole_high_C_2.jpg,2,False,False,104204102,"[0.0, 2.23606797749979]"
images/dark/jack_cole/high/C/dark_jack_cole_high_C_3.jpg,3,False,False,96912124,"[1.0, 1.4142135623730951, 2.23606797749979]"
images/dark/jack_cole/high/C/dark_jack_cole_high_C_4.jpg,1,False,False,101662203,[2.23606797749979]
images/dark/jack_cole/high/D/dark_jack_cole_high_D_0.jpg,2,False,False,99806311,"[2.0, 2.23606797749979]"
images/dark/jack_cole/high/D/dark_jack_cole_high_D_1.jpg,0,False,False,89939198,[]
images/dark/jack_cole/high/D/dark_jack_cole_high_D_2.jpg,1,False,False,96447295,[1.0]
images/dark/jack_cole/high/D/dark_jack_cole_high_D_3.jpg,1,False,False,94627008,[2.23606797749979]
images/dark/jack_cole/high/D/dark_jack_cole_high_D_4.jpg,3,False,False,95626151,"[1.4142135623730951, 1.4142135623730951, 2.23606797749979]"
images/dark/jack_cole/medium/A/dark_jack_cole_medium_A_0.jpg,2,False,False,103085531,"[1.0, 2.23606797749979]"
images/dark/jack_cole/medium/A/dark_jack_cole_medium_A_1.jpg,3,False,False,100160215,"[1.4142135623730951, 2.23606797749979, 2.8284271247461903]"
images/dark/jack_cole/medium/A/dark_jack_cole_medium_A_2.jpg,2,False,False,97502241,"[1.0, 1.4142135623730951]"
images/dark/jack_cole/medium/A/dark_jack_cole_medium_A_3.jpg,2,False,False,99925825,"[0.0, 2.0]"
images/dark/jack_cole/medium/A/dark_jack_cole_medium_A_4.jpg,2,False,False,106273173,"[0.0, 1.4142135623730951]"
images/dark/jack_cole/medium/B/dark_jack_cole_medium_B_0.jpg,2,False,False,99321655,"[1.4142135623730951, 3.0]"
images/dark/jack_cole/medium/B/dark_jack_cole_medium_B_1.jpg,2,False,False,100800667,"[1.4142135623730951, 2.23606797749979]"
images/dark/jack_cole/medium/B/dark_jack_cole_medium_B_2.jpg,2,False,False,95761747,"[1.0, 2.0]"
images/dark/jack_cole/medium/B/dark_jack_cole_medium_B_3.jpg,4,True,True,95186197,"[0.0, 2.23606797749979, 2.23606797749979, 2.8284271247461903]"
images/dark/jack_cole/medium/B/dark_jack_cole_medium_B_4.jpg,4,True,True,94980091,"[1.0, 1.4142135623730951, 2.0, 2.0]"
images/dark/jack_cole/medium/C/dark_jack_cole_medium_C_0.jpg,1,False,False,108103913,[1.0]
images/dark/jack_cole/medium/C/dark_jack_cole_medium_C_1.jpg,0,False,False,103602301,[]
images/dark/jack_cole/medium/C/dark_jack_cole_medium_C_2.jpg,2,False,False,99622126,"[1.0, 2.23606797749979]"
images/dark/jack_cole/medium/C/dark_jack_cole_medium_C_3.jpg,1,False,False,100267146,[2.8284271247461903]
images/dark/jack_cole/medium/C/dark_jack_cole_medium_C_4.jpg,2,False,False,96709760,"[2.0, 3.0]"
images/dark/jack_cole/medium/D/dark_jack_cole_medium_D_0.jpg,1,False,False,105804120,[2.0]
images/dark/jack_cole/medium/D/dark_jack_cole_medium_D_1.jpg,2,False,False,108830917,"[0.0, 0.0]"
images/dark/jack_cole/medium/D/dark_jack_cole_medium_D_2.jpg,1,False,False,105778811,[1.0]
images/dark/jack_cole/medium/D/dark_jack_cole_medium_D_3.jpg,2,False,False,104736479,"[1.0, 1.0]"
images/dark/jack_cole/medium/D/dark_jack_cole_medium_D_4.jpg,1,False,False,99543947,[1.0]
images/dark/jack_cole/short/A/dark_jack_cole_short_A_0.jpg,1,False,False,101469388,[1.4142135623730951]
images/dark/jack_cole/short/A/dark_jack_cole_short_A_1.jpg,2,False,False,104604770,"[1.0, 2.23606797749979]"
images/dark/jack_cole/short/A/dark_jack_cole_short_A_2.jpg,2,False,False,110313209,"[1.0, 1.4142135623730951]"
images/dark/jack_cole/short/A/dark_jack_cole_short_A_3.jpg,4,True,True,112029724,"[0.0, 2.0, 2.23606797749979, 2.23606797749979]"
images/dark/jack_cole/short/A/dark_jack_cole_short_A_4.jpg,2,False,False,106327373,"[2.23606797749979, 3.1622776601683795]"
images/dark/jack_cole/short/B/dark_jack_cole_short_B_0.jpg,2,False,False,106541853,"[1.0, 2.23606797749979]"
images/dark/jack_cole/short/B/dark_jack_cole_short_B_1.jpg,2,False,False,108142665,"[1.4142135623730951, 2.23606797749979]"
images/dark/jack_cole/short/B/dark_jack_cole_short_B_2.jpg,2,False,False,103443421,"[1.4142135623730951, 2.8284271247461903]"
images/dark/jack_cole/short/B/dark_jack_cole_short_B_3.jpg,1,False,False,103985618,[1.0]
images/dark/jack_cole/short/B/dark_jack_cole_short_B_4.jpg,3,False,False,95108428,"[1.4142135623730951, 2.0, 2.23606797749979]"
images/dark/jack_cole/short/C/dark_jack_cole_short_C_0.jpg,0,False,False,104966031,[]
images/dark/jack_cole/short/C/dark_jack_cole_short_C_1.jpg,0,False,False,101937695,[]
images/dark/jack_cole/short/C/dark_jack_cole_short_C_2.jpg,1,False,False,100214605,[1.4142135623730951]
images/dark/jack_cole/short/C/dark_jack_cole_short_C_3.jpg,0,False,False,101388067,[]
images/dark/jack_cole/short/C/dark_jack_cole_short_C_4.jpg,2,False,False,95445785,"[0.0, 4.123105625617661]"
images/dark/jack_cole/short/D/dark_jack_cole_short_D_0.jpg,0,False,False,99181562,[]
images/dark/jack_cole/short/D/dark_jack_cole_short_D_1.jpg,1,False,False,99927059,[0.0]
images/dark/jack_cole/short/D/dark_jack_cole_short_D_2.jpg,1,False,False,96670459,[1.4142135623730951]
images/dark/jack_cole/short/D/dark_jack_cole_short_D_3.jpg,1,False,False,98636976,[1.0]
images/dark/jack_cole/short/D/dark_jack_cole_short_D_4.jpg,1,False,False,94523188,[2.23606797749979]
images/dark/john_honey/high/A/dark_john_honey_high_A_0.jpg,1,False,False,100194009,[2.23606797749979]
images/dark/john_honey/high/A/dark_john_honey_high_A_1.jpg,1,False,False,101011899,[1.4142135623730951]
images/dark/john_honey/high/A/dark_john_honey_high_A_2.jpg,1,False,False,98238331,[2.0]
images/dark/john_honey/high/A/dark_john_honey_high_A_3.jpg,2,False,False,94772151,"[2.23606797749979, 2.8284271247461903]"
images/dark/john_honey/high/A/dark_john_honey_high_A_4.jpg,0,False,False,94432774,[]
images/dark/john_honey/high/B/dark_john_honey_high_B_0.jpg,2,False,False,96186905,"[0.0, 1.0]"
images/dark/john_honey/high/B/dark_john_honey_high_B_1.jpg,0,False,False,105499950,[]
images/dark/john_honey/high/B/dark_john_honey_high_B_2.jpg,0,False,False,104778105,[]
images/dark/john_honey/high/B/dark_john_honey_high_B_3.jpg,1,False,False,112857246,[1.0]
images/dark/john_honey/high/B/dark_john_honey_high_B_4.jpg,0,False,False,104412301,[]
images/dark/john_honey/high/C/dark_john_honey_high_C_0.jpg,1,False,False,106494433,[1.0]
images/dark/john_honey/high/C/dark_john_honey_high_C_1.jpg,2,False,False,112069648,"[0.0, 1.4142135623730951]"
images/dark/john_honey/high/C/dark_john_honey_high_C_2.jpg,1,False,False,104653842,[1.0]
images/dark/john_honey/high/C/dark_john_honey_high_C_3.jpg,3,False,False,106976106,"[1.0, 2.0, 2.23606797749979]"
images/dark/john_honey/high/C/dark_john_honey_high_C_4.jpg,1,False,False,107422214,[1.4142135623730951]
images/dark/john_honey/high/D/dark_john_honey_high_D_0.jpg,0,False,False,111264169,[]
images/dark/john_honey/high/D/dark_john_honey_high_D_1.jpg,1,False,False,117273257,[1.0]
images/dark/john_honey/high/D/dark_john_honey_high_D_2.jpg,1,False,False,116347072,[2.23606797749979]
images/dark/john_honey/high/D/dark_john_honey_high_D_3.jpg,0,False,False,105675269,[]
images/dark/john_honey/high/D/dark_john_honey_high_D_4.jpg,0,False,False,105293503,[]
images/dark/john_honey/medium/A/dark_john_honey_medium_A_0.jpg,1,False,False,104767527,[1.4142135623730951]
images/dark/john_honey/medium/A/dark_john_honey_medium_A_1.jpg,3,False,False,108701153,"[1.0, 2.0, 2.23606797749979]"
images/dark/john_honey/medium/A/dark_john_honey_medium_A_2.jpg,1,False,False,97750006,[2.0]
images/dark/john_honey/medium/A/dark_john_honey_medium_A_3.jpg,2,False,False,103247181,"[1.0, 1.0]"
images/dark/john_honey/medium/A/dark_john_honey_medium_A_4.jpg,1,False,False,106356667,[1.0]
images/dark/john_honey/medium/B/dark_john_honey_medium_B_0.jpg,3,False,False,107642596,"[1.0, 2.0, 2.23606797749979]"
images/dark/john_honey/medium/B/dark_john_honey_medium_B_1.jpg,1,False,False,104368347,[0.0]
images/dark/john_honey/medium/B/dark_john_honey_medium_B_2.jpg,2,False,False,99907926,"[1.0, 2.0]"
images/dark/john_honey/medium/B/dark_john_honey_medium_B_3.jpg,2,False,False,107582624,"[1.0, 2.0]"
images/dark/john_honey/medium/B/dark_john_honey_medium_B_4.jpg,1,False,False,101557697,[2.23606797749979]
images/dark/john_honey/medium/C/dark_john_honey_medium_C_0.jpg,1,False,False,105622339,[1.0]
images/dark/john_honey/medium/C/dark_john_honey_medium_C_1.jpg,1,False,False,108179864,[1.4142135623730951]
images/dark/john_honey/medium/C/dark_john_honey_medium_C_2.jpg,2,False,False,109961929,"[1.0, 1.0]"
images/dark/john_honey/medium/C/dark_john_honey_medium_C_3.jpg,3,False,False,103340097,"[0.0, 1.0, 1.0]"
images/dark/john_honey/medium/C/dark_john_honey_medium_C_4.jpg,1,False,False,103040966,[2.23606797749979]
images/dark/john_honey/medium/D/dark_john_honey_medium_D_0.jpg,1,False,False,106484346,[2.23606797749979]
images/dark/john_honey/medium/D/dark_john_honey_medium_D_1.jpg,1,False,False,107253278,[1.4142135623730951]
images/dark/john_honey/medium/D/dark_john_honey_medium_D_2.jpg,1,False,False,103257863,[1.4142135623730951]
images/dark/john_honey/medium/D/dark_john_honey_medium_D_3.jpg,1,False,False,108797954,[2.23606797749979]
images/dark/john_honey/medium/D/dark_john_honey_medium_D_4.jpg,1,False,False,104204744,[1.4142135623730951]
images/dark/john_honey/short/A/dark_john_honey_short_A_0.jpg,1,False,False,105441798,[2.0]
images/dark/john_honey/short/A/dark_john_honey_short_A_1.jpg,3,False,False,99862548,"[0.0, 1.0, 3.605551275463989]"
images/dark/john_honey/short/A/dark_john_honey_short_A_2.jpg,1,False,False,109874903,[1.4142135623730951]
images/dark/john_honey/short/A/dark_john_honey_short_A_3.jpg,0,False,False,99175368,[]
images/dark/john_honey/short/A/dark_john_honey_short_A_4.jpg,2,False,False,97548117,"[1.4142135623730951, 2.23606797749979]"
images/dark/john_honey/short/B/dark_john_honey_short_B_0.jpg,3,False,False,99507039,"[1.0, 1.4142135623730951, 2.23606797749979]"
images/dark/john_honey/short/B/dark_john_honey_short_B_1.jpg,2,False,False,102585072,"[1.4142135623730951, 2.23606797749979]"
images/dark/john_honey/short/B/dark_john_honey_short_B_2.jpg,1,False,False,100367713,[1.0]
images/dark/john_honey/short/B/dark_john_honey_short_B_3.jpg,0,False,False,99571924,[]
images/dark/john_honey/short/B/dark_john_honey_short_B_4.jpg,3,False,False,97273891,"[1.0, 1.0, 1.0]"
images/dark/john_honey/short/C/dark_john_honey_short_C_0.jpg,2,False,False,102968372,"[1.0, 1.4142135623730951]"
images/dark/john_honey/short/C/dark_john_honey_short_C_1.jpg,3,False,False,105610077,"[0.0, 1.0, 1.4142135623730951]"
images/dark/john_honey/short/C/dark_john_honey_short_C_2.jpg,2,False,False,96965119,"[1.4142135623730951, 2.23606797749979]"
images/dark/john_honey/short/C/dark_john_honey_short_C_3.jpg,1,False,False,113013495,[2.23606797749979]
images/dark/john_honey/short/C/dark_john_honey_short_C_4.jpg,2,False,False,106858679,"[2.0, 4.0]"
images/dark/john_honey/short/D/dark_john_honey_short_D_0.jpg,1,False,False,108452547,[2.0]
images/dark/john_honey/short/D/dark_john_honey_short_D_1.jpg,1,False,False,114304230,[1.0]
images/dark/john_honey/short/D/dark_john_honey_short_D_2.jpg,0,False,False,118658646,[]
images/dark/john_honey/short/D/dark_john_honey_short_D_3.jpg,1,False,False,111890553,[2.0]
images/dark/john_honey/short/D/dark_john_honey_short_D_4.jpg,1,False,False,110513614,[2.23606797749979]
images/dark/michaels/high/A/dark_michaels_high_A_0.jpg,2,False,False,101279763,"[1.0, 1.0]"
images/dark/michaels/high/A/dark_michaels_high_A_1.jpg,1,False,False,109439781,[2.0]
images/dark/michaels/high/A/dark_michaels_high_A_2.jpg,2,False,False,109644010,"[0.0, 1.0]"
images/dark/michaels/high/A/dark_michaels_high_A_3.jpg,2,False,False,113660392,"[1.4142135623730951, 2.0]"
images/dark/michaels/high/A/dark_michaels_high_A_4.jpg,3,False,False,108483475,"[1.0, 1.0, 1.4142135623730951]"
images/dark/michaels/high/B/dark_michaels_high_B_0.jpg,3,False,False,104813809,"[1.0, 2.23606797749979, 3.1622776601683795]"
images/dark/michaels/high/B/dark_michaels_high_B_1.jpg,1,False,False,103443463,[0.0]
images/dark/michaels/high/B/dark_michaels_high_B_2.jpg,2,False,False,105499447,"[2.0, 2.0]"
images/dark/michaels/high/B/dark_michaels_high_B_3.jpg,3,False,False,104870540,"[1.0, 2.23606797749979, 3.1622776601683795]"
images/dark/michaels/high/B/dark_michaels_high_B_4.jpg,3,False,False,104186973,"[0.0, 2.0, 2.23606797749979]"
images/dark/michaels/high/C/dark_michaels_high_C_0.jpg,2,False,False,103452087,"[0.0, 3.0]"
images/dark/michaels/high/C/dark_michaels_high_C_1.jpg,2,False,False,101474775,"[1.0, 1.4142135623730951]"
images/dark/michaels/high/C/dark_michaels_high_C_2.jpg,2,False,False,103245641,"[2.0, 2.23606797749979]"
images/dark/michaels/high/C/dark_michaels_high_C_3.jpg,2,False,False,101275486,"[1.0, 1.0]"
images/dark/michaels/high/C/dark_michaels_high_C_4.jpg,2,False,False,105539743,"[2.0, 2.0]"
images/dark/michaels/high/D/dark_michaels_high_D_0.jpg,1,False,False,108430665,[3.1622776601683795]
images/dark/michaels/high/D/dark_michaels_high_D_1.jpg,1,False,False,107887398,[2.0]
images/dark/michaels/high/D/dark_michaels_high_D_2.jpg,0,False,False,109601320,[]
images/dark/michaels/high/D/dark_michaels_high_D_3.jpg,0,False,False,105426060,[]
images/dark/michaels/high/D/dark_michaels_high_D_4.jpg,1,False,False,105386998,[1.4142135623730951]
images/dark/michaels/medium/A/dark_michaels_medium_A_0.jpg,0,False,False,103981099,[]
images/dark/michaels/medium/A/dark_michaels_medium_A_1.jpg,1,False,False,110936730,[1.4142135623730951]
images/dark/michaels/medium/A/dark_michaels_medium_A_2.jpg,2,False,False,106017640,"[3.0, 3.1622776601683795]"
images/dark/michaels/medium/A/dark_michaels_medium_A_3.jpg,3,False,False,109409105,"[0.0, 2.23606797749979, 2.23606797749979]"
images/dark/michaels/medium/A/dark_michaels_medium_A_4.jpg,1,False,False,107564143,[1.4142135623730951]
images/dark/michaels/medium/B/dark_michaels_medium_B_0.jpg,1,False,False,113886628,[1.0]
images/dark/michaels/medium/B/dark_michaels_medium_B_1.jpg,2,False,False,107210691,"[0.0, 2.23606797749979]"
images/dark/michaels/medium/B/dark_michaels_medium_B_2.jpg,1,False,False,106922236,[2.8284271247461903]
images/dark/michaels/medium/B/dark_michaels_medium_B_3.jpg,0,False,False,106915490,[]
images/dark/michaels/medium/B/dark_michaels_medium_B_4.jpg,1,False,False,107167705,[1.4142135623730951]
images/dark/michaels/medium/C/dark_michaels_medium_C_0.jpg,3,False,False,110220506,"[1.0, 1.0, 2.0]"
images/dark/michaels/medium/C/dark_michaels_medium_C_1.jpg,2,False,False,111301539,"[0.0, 2.0]"
images/dark/michaels/medium/C/dark_michaels_medium_C_2.jpg,3,False,False,112506399,"[0.0, 1.0, 1.4142135623730951]"
images/dark/michaels/medium/C/dark_michaels_medium_C_3.jpg,1,False,False,109948150,[1.4142135623730951]
images/dark/michaels/medium/C/dark_michaels_medium_C_4.jpg,1,False,False,113710565,[1.0]
images/dark/michaels/medium/D/dark_michaels_medium_D_0.jpg,1,False,False,114273660,[2.0]
images/dark/michaels/medium/D/dark_michaels_medium_D_1.jpg,0,False,False,110328183,[]
images/dark/michaels/medium/D/dark_michaels_medium_D_2.jpg,1,False,False,112974045,[2.0]
images/dark/michaels/medium/D/dark_michaels_medium_D_3.jpg,2,False,False,118050396,"[1.0, 1.4142135623730951]"
images/dark/michaels/medium/D/dark_michaels_medium_D_4.jpg,1,False,False,114120465,[2.0]
images/dark/michaels/short/A/dark_michaels_short_A_0.jpg,1,False,False,107238640,[1.0]
images/dark/michaels/short/A/dark_michaels_short_A_1.jpg,2,False,False,104582886,"[1.4142135623730951, 2.0]"
images/dark/michaels/short/A/dark_michaels_short_A_2.jpg,2,False,False,107576827,"[0.0, 2.0]"
images/dark/michaels/short/A/dark_michaels_short_A_3.jpg,1,False,False,104329124,[1.4142135623730951]
images/dark/michaels/short/A/dark_michaels_short_A_4.jpg,1,False,False,99363979,[1.4142135623730951]
images/dark/michaels/short/B/dark_michaels_short_B_0.jpg,2,False,False,110529411,"[2.23606797749979, 3.605551275463989]"
images/dark/michaels/short/B/dark_michaels_short_B_1.jpg,2,False,False,107163107,"[2.23606797749979, 3.1622776601683795]"
images/dark/michaels/short/B/dark_michaels_short_B_2.jpg,2,False,False,103372901,"[1.4142135623730951, 1.4142135623730951]"
images/dark/michaels/short/B/dark_michaels_short_B_3.jpg,4,True,True,104090985,"[0.0, 1.0, 1.4142135623730951, 3.1622776601683795]"
images/dark/michaels/short/B/dark_michaels_short_B_4.jpg,4,True,True,101434994,"[0.0, 1.4142135623730951, 2.0, 2.23606797749979]"
images/dark/michaels/short/C/dark_michaels_short_C_0.jpg,1,False,False,106067591,[3.0]
images/dark/michaels/short/C/dark_michaels_short_C_1.jpg,0,False,False,97993043,[]
images/dark/michaels/short/C/dark_michaels_short_C_2.jpg,1,False,False,98551078,[1.0]
images/dark/michaels/short/C/dark_michaels_short_C_3.jpg,3,False,False,113225137,"[0.0, 1.0, 1.4142135623730951]"
images/dark/michaels/short/C/dark_michaels_short_C_4.jpg,3,False,False,105666350,"[0.0, 1.0, 1.0]"
images/dark/michaels/short/D/dark_michaels_short_D_0.jpg,2,False,False,100360009,"[1.0, 1.4142135623730951]"
images/dark/michaels/short/D/dark_michaels_short_D_1.jpg,1,False,False,107134153,[3.1622776601683795]
images/dark/michaels/short/D/dark_michaels_short_D_2.jpg,1,False,False,113426197,[2.0]
images/dark/michaels/short/D/dark_michaels_short_D_3.jpg,1,False,False,109205409,[2.0]
images/dark/michaels/short/D/dark_michaels_short_D_4.jpg,0,False,False,97071062,[]
