,0,1,2,3,4
images/custom/davids/high/A/custom_davids_high_A_0.jpg,4,True,True,83119677,"[0.0, 0.0, 1.0, 1.0]"
images/custom/davids/high/A/custom_davids_high_A_1.jpg,4,True,True,90201076,"[1.0, 1.0, 1.0, 2.23606797749979]"
images/custom/davids/high/A/custom_davids_high_A_2.jpg,4,True,True,89584303,"[0.0, 1.0, 1.4142135623730951, 1.4142135623730951]"
images/custom/davids/high/A/custom_davids_high_A_3.jpg,4,True,True,91670906,"[1.0, 1.0, 2.0, 2.23606797749979]"
images/custom/davids/high/A/custom_davids_high_A_4.jpg,4,True,True,86145663,"[1.0, 1.0, 1.4142135623730951, 2.0]"
images/custom/davids/high/B/custom_davids_high_B_0.jpg,4,True,True,90657099,"[1.0, 1.0, 1.4142135623730951, 2.23606797749979]"
images/custom/davids/high/B/custom_davids_high_B_1.jpg,4,True,True,87367213,"[0.0, 1.0, 1.4142135623730951, 2.23606797749979]"
images/custom/davids/high/B/custom_davids_high_B_2.jpg,4,True,True,85537993,"[1.0, 1.0, 1.4142135623730951, 2.0]"
images/custom/davids/high/B/custom_davids_high_B_3.jpg,4,True,True,90002543,"[1.0, 1.0, 1.4142135623730951, 1.4142135623730951]"
images/custom/davids/high/B/custom_davids_high_B_4.jpg,4,True,True,87232729,"[1.0, 2.0, 2.0, 2.23606797749979]"
images/custom/davids/high/C/custom_davids_high_C_0.jpg,3,True,False,84212598,"[0.0, 1.4142135623730951, 2.8284271247461903]"
images/custom/davids/high/C/custom_davids_high_C_1.jpg,3,True,False,87193893,"[0.0, 1.0, 1.0]"
images/custom/davids/high/C/custom_davids_high_C_2.jpg,3,True,False,89284299,"[0.0, 0.0, 1.0]"
images/custom/davids/high/C/custom_davids_high_C_3.jpg,4,True,True,81043024,"[1.0, 1.0, 1.0, 2.0]"
images/custom/davids/high/C/custom_davids_high_C_4.jpg,4,True,True,80275676,"[1.4142135623730951, 1.4142135623730951, 2.0, 2.23606797749979]"
images/custom/davids/high/D/custom_davids_high_D_0.jpg,4,True,True,86020836,"[1.4142135623730951, 1.4142135623730951, 1.4142135623730951, 2.23606797749979]"
images/custom/davids/high/D/custom_davids_high_D_1.jpg,4,True,True,90670638,"[0.0, 1.0, 1.0, 1.4142135623730951]"
images/custom/davids/high/D/custom_davids_high_D_2.jpg,4,True,True,94108837,"[1.0, 1.4142135623730951, 2.23606797749979, 2.23606797749979]"
images/custom/davids/high/D/custom_davids_high_D_3.jpg,4,True,True,89110210,"[0.0, 1.0, 1.0, 1.4142135623730951]"
images/custom/davids/high/D/custom_davids_high_D_4.jpg,4,True,True,78142022,"[1.0, 1.0, 2.0, 2.23606797749979]"
images/custom/davids/medium/A/custom_davids_medium_A_0.jpg,4,True,True,86625685,"[1.0, 1.0, 1.0, 1.4142135623730951]"
images/custom/davids/medium/A/custom_davids_medium_A_1.jpg,4,True,True,85636205,"[1.0, 2.0, 2.0, 2.23606797749979]"
images/custom/davids/medium/A/custom_davids_medium_A_2.jpg,4,True,True,87901496,"[1.4142135623730951, 1.4142135623730951, 2.23606797749979, 2.23606797749979]"
images/custom/davids/medium/A/custom_davids_medium_A_3.jpg,4,True,True,90700432,"[0.0, 1.0, 1.4142135623730951, 2.0]"
images/custom/davids/medium/A/custom_davids_medium_A_4.jpg,4,True,True,82245888,"[0.0, 1.4142135623730951, 2.0, 2.8284271247461903]"
images/custom/davids/medium/B/custom_davids_medium_B_0.jpg,4,True,True,88232387,"[0.0, 1.0, 2.23606797749979, 2.23606797749979]"
images/custom/davids/medium/B/custom_davids_medium_B_1.jpg,4,True,True,91595191,"[0.0, 0.0, 1.4142135623730951, 2.23606797749979]"
images/custom/davids/medium/B/custom_davids_medium_B_2.jpg,4,True,True,90119366,"[0.0, 1.0, 1.0, 1.4142135623730951]"
images/custom/davids/medium/B/custom_davids_medium_B_3.jpg,4,True,True,95330666,"[0.0, 0.0, 1.0, 1.4142135623730951]"
images/custom/davids/medium/B/custom_davids_medium_B_4.jpg,4,True,True,87470360,"[0.0, 1.0, 1.0, 1.0]"
images/custom/davids/medium/C/custom_davids_medium_C_0.jpg,4,True,True,91541049,"[1.0, 1.4142135623730951, 1.4142135623730951, 2.23606797749979]"
images/custom/davids/medium/C/custom_davids_medium_C_1.jpg,4,True,True,84585708,"[1.0, 1.0, 1.4142135623730951, 2.23606797749979]"
images/custom/davids/medium/C/custom_davids_medium_C_2.jpg,4,False,False,90277705,"[0.0, 1.0, 2.0, 7.810249675906654]"
images/custom/davids/medium/C/custom_davids_medium_C_3.jpg,4,True,True,87507718,"[1.4142135623730951, 1.4142135623730951, 2.23606797749979, 2.23606797749979]"
images/custom/davids/medium/C/custom_davids_medium_C_4.jpg,4,True,True,84434084,"[1.0, 1.0, 1.4142135623730951, 1.4142135623730951]"
images/custom/davids/medium/D/custom_davids_medium_D_0.jpg,4,True,True,89581557,"[1.4142135623730951, 1.4142135623730951, 2.23606797749979, 2.23606797749979]"
images/custom/davids/medium/D/custom_davids_medium_D_1.jpg,4,True,True,85169196,"[1.0, 1.0, 2.23606797749979, 2.23606797749979]"
images/custom/davids/medium/D/custom_davids_medium_D_2.jpg,4,True,True,89054540,"[0.0, 1.0, 1.4142135623730951, 3.0]"
images/custom/davids/medium/D/custom_davids_medium_D_3.jpg,4,True,True,92624654,"[1.0, 1.0, 1.0, 2.23606797749979]"
images/custom/davids/medium/D/custom_davids_medium_D_4.jpg,4,True,True,87391157,"[0.0, 1.0, 1.0, 1.0]"
images/custom/davids/short/A/custom_davids_short_A_0.jpg,3,True,False,89285041,"[1.0, 1.0, 1.4142135623730951]"
images/custom/davids/short/A/custom_davids_short_A_1.jpg,4,True,True,87229596,"[1.0, 1.4142135623730951, 2.23606797749979, 2.23606797749979]"
images/custom/davids/short/A/custom_davids_short_A_2.jpg,2,True,False,86912321,"[1.0, 3.1622776601683795]"
images/custom/davids/short/A/custom_davids_short_A_3.jpg,4,True,True,87645917,"[0.0, 1.0, 1.4142135623730951, 2.0]"
images/custom/davids/short/A/custom_davids_short_A_4.jpg,2,True,False,80688570,"[2.8284271247461903, 2.8284271247461903]"
images/custom/davids/short/B/custom_davids_short_B_0.jpg,4,True,True,89496266,"[1.0, 1.0, 1.4142135623730951, 3.0]"
images/custom/davids/short/B/custom_davids_short_B_1.jpg,4,True,True,92775597,"[0.0, 1.0, 1.0, 2.23606797749979]"
images/custom/davids/short/B/custom_davids_short_B_2.jpg,4,True,True,95444400,"[0.0, 1.0, 1.0, 2.23606797749979]"
images/custom/davids/short/B/custom_davids_short_B_3.jpg,4,True,True,89939699,"[1.0, 1.0, 1.4142135623730951, 2.0]"
images/custom/davids/short/B/custom_davids_short_B_4.jpg,3,True,False,83760419,"[0.0, 1.0, 2.0]"
images/custom/davids/short/C/custom_davids_short_C_0.jpg,3,True,False,89658940,"[1.0, 2.0, 2.8284271247461903]"
images/custom/davids/short/C/custom_davids_short_C_1.jpg,3,True,False,86465820,"[0.0, 0.0, 2.0]"
images/custom/davids/short/C/custom_davids_short_C_2.jpg,3,True,False,88802408,"[1.0, 2.0, 3.0]"
images/custom/davids/short/C/custom_davids_short_C_3.jpg,2,True,False,91050521,"[1.0, 2.23606797749979]"
images/custom/davids/short/C/custom_davids_short_C_4.jpg,4,True,True,86110789,"[0.0, 1.4142135623730951, 2.23606797749979, 2.23606797749979]"
images/custom/davids/short/D/custom_davids_short_D_0.jpg,4,True,True,90554280,"[0.0, 0.0, 1.0, 1.4142135623730951]"
images/custom/davids/short/D/custom_davids_short_D_1.jpg,4,True,True,96837155,"[0.0, 1.0, 1.4142135623730951, 2.23606797749979]"
images/custom/davids/short/D/custom_davids_short_D_2.jpg,4,True,True,96443024,"[0.0, 0.0, 0.0, 1.0]"
images/custom/davids/short/D/custom_davids_short_D_3.jpg,3,True,False,96142789,"[0.0, 1.0, 1.0]"
images/custom/davids/short/D/custom_davids_short_D_4.jpg,4,True,True,86700745,"[1.0, 1.0, 1.0, 1.0]"
images/custom/jack_cole/high/A/custom_jack_cole_high_A_0.jpg,4,True,True,79775006,"[0.0, 1.4142135623730951, 2.0, 2.23606797749979]"
images/custom/jack_cole/high/A/custom_jack_cole_high_A_1.jpg,4,True,True,75422092,"[0.0, 1.0, 1.0, 2.23606797749979]"
images/custom/jack_cole/high/A/custom_jack_cole_high_A_2.jpg,4,True,True,80163614,"[1.4142135623730951, 1.4142135623730951, 1.4142135623730951, 2.0]"
images/custom/jack_cole/high/A/custom_jack_cole_high_A_3.jpg,4,True,True,76251838,"[1.0, 1.0, 1.0, 1.4142135623730951]"
images/custom/jack_cole/high/A/custom_jack_cole_high_A_4.jpg,4,True,True,72295247,"[0.0, 1.0, 2.23606797749979, 2.23606797749979]"
images/custom/jack_cole/high/B/custom_jack_cole_high_B_0.jpg,4,True,True,75955554,"[1.0, 1.0, 1.0, 1.0]"
images/custom/jack_cole/high/B/custom_jack_cole_high_B_1.jpg,4,True,True,79290889,"[1.0, 1.4142135623730951, 1.4142135623730951, 1.4142135623730951]"
images/custom/jack_cole/high/B/custom_jack_cole_high_B_2.jpg,4,True,True,78919212,"[1.0, 1.4142135623730951, 2.23606797749979, 2.23606797749979]"
images/custom/jack_cole/high/B/custom_jack_cole_high_B_3.jpg,4,True,True,85195331,"[0.0, 1.0, 1.4142135623730951, 1.4142135623730951]"
images/custom/jack_cole/high/B/custom_jack_cole_high_B_4.jpg,4,True,True,76589411,"[1.0, 1.0, 1.0, 1.0]"
images/custom/jack_cole/high/C/custom_jack_cole_high_C_0.jpg,3,True,False,79031202,"[1.4142135623730951, 2.0, 2.23606797749979]"
images/custom/jack_cole/high/C/custom_jack_cole_high_C_1.jpg,3,True,False,74671856,"[1.0, 1.0, 1.4142135623730951]"
images/custom/jack_cole/high/C/custom_jack_cole_high_C_2.jpg,3,True,False,79841370,"[0.0, 1.0, 2.23606797749979]"
images/custom/jack_cole/high/C/custom_jack_cole_high_C_3.jpg,3,True,False,78711842,"[1.0, 2.23606797749979, 2.23606797749979]"
images/custom/jack_cole/high/C/custom_jack_cole_high_C_4.jpg,3,True,False,75049081,"[0.0, 1.0, 1.0]"
images/custom/jack_cole/high/D/custom_jack_cole_high_D_0.jpg,4,True,True,78440635,"[1.4142135623730951, 2.0, 2.23606797749979, 2.23606797749979]"
images/custom/jack_cole/high/D/custom_jack_cole_high_D_1.jpg,4,True,True,73547357,"[0.0, 1.0, 2.0, 2.23606797749979]"
images/custom/jack_cole/high/D/custom_jack_cole_high_D_2.jpg,4,True,True,84521687,"[1.0, 1.4142135623730951, 1.4142135623730951, 2.23606797749979]"
images/custom/jack_cole/high/D/custom_jack_cole_high_D_3.jpg,4,True,True,80674644,"[1.0, 2.23606797749979, 2.23606797749979, 2.23606797749979]"
images/custom/jack_cole/high/D/custom_jack_cole_high_D_4.jpg,4,True,True,74497008,"[1.0, 1.0, 1.4142135623730951, 2.0]"
images/custom/jack_cole/medium/A/custom_jack_cole_medium_A_0.jpg,4,True,True,85300536,"[1.0, 1.0, 1.4142135623730951, 2.0]"
images/custom/jack_cole/medium/A/custom_jack_cole_medium_A_1.jpg,4,True,True,79947837,"[1.0, 2.23606797749979, 2.23606797749979, 3.0]"
images/custom/jack_cole/medium/A/custom_jack_cole_medium_A_2.jpg,4,True,True,85985253,"[1.0, 1.0, 1.0, 1.4142135623730951]"
images/custom/jack_cole/medium/A/custom_jack_cole_medium_A_3.jpg,4,True,True,82593492,"[0.0, 0.0, 1.4142135623730951, 2.23606797749979]"
images/custom/jack_cole/medium/A/custom_jack_cole_medium_A_4.jpg,4,True,True,83577528,"[1.0, 1.4142135623730951, 2.0, 2.23606797749979]"
images/custom/jack_cole/medium/B/custom_jack_cole_medium_B_0.jpg,4,True,True,81711388,"[1.0, 1.4142135623730951, 1.4142135623730951, 1.4142135623730951]"
images/custom/jack_cole/medium/B/custom_jack_cole_medium_B_1.jpg,4,True,True,82475350,"[0.0, 1.0, 2.23606797749979, 2.23606797749979]"
images/custom/jack_cole/medium/B/custom_jack_cole_medium_B_2.jpg,4,True,True,83300758,"[1.0, 2.0, 2.0, 2.23606797749979]"
images/custom/jack_cole/medium/B/custom_jack_cole_medium_B_3.jpg,4,True,True,83145016,"[2.23606797749979, 2.23606797749979, 2.23606797749979, 3.0]"
images/custom/jack_cole/medium/B/custom_jack_cole_medium_B_4.jpg,4,True,True,81144362,"[1.0, 1.0, 2.23606797749979, 2.23606797749979]"
images/custom/jack_cole/medium/C/custom_jack_cole_medium_C_0.jpg,4,True,True,86970392,"[1.0, 1.4142135623730951, 2.8284271247461903, 4.123105625617661]"
images/custom/jack_cole/medium/C/custom_jack_cole_medium_C_1.jpg,4,True,True,89137043,"[0.0, 1.0, 2.8284271247461903, 3.0]"
images/custom/jack_cole/medium/C/custom_jack_cole_medium_C_2.jpg,3,True,False,82397414,"[1.0, 1.0, 1.0]"
images/custom/jack_cole/medium/C/custom_jack_cole_medium_C_3.jpg,4,True,True,82557756,"[2.0, 2.0, 2.23606797749979, 2.23606797749979]"
images/custom/jack_cole/medium/C/custom_jack_cole_medium_C_4.jpg,4,True,True,82153937,"[1.4142135623730951, 2.0, 2.23606797749979, 2.8284271247461903]"
images/custom/jack_cole/medium/D/custom_jack_cole_medium_D_0.jpg,4,True,True,83762424,"[2.0, 2.0, 2.0, 2.23606797749979]"
images/custom/jack_cole/medium/D/custom_jack_cole_medium_D_1.jpg,4,True,True,85655925,"[1.0, 1.0, 1.4142135623730951, 2.0]"
images/custom/jack_cole/medium/D/custom_jack_cole_medium_D_2.jpg,4,True,True,81775869,"[1.0, 1.4142135623730951, 2.0, 2.0]"
images/custom/jack_cole/medium/D/custom_jack_cole_medium_D_3.jpg,4,True,True,84672499,"[1.0, 1.4142135623730951, 1.4142135623730951, 2.23606797749979]"
images/custom/jack_cole/medium/D/custom_jack_cole_medium_D_4.jpg,4,True,True,79295315,"[1.0, 1.4142135623730951, 1.4142135623730951, 2.23606797749979]"
images/custom/jack_cole/short/A/custom_jack_cole_short_A_0.jpg,4,True,True,87079837,"[2.0, 2.23606797749979, 3.1622776601683795, 3.605551275463989]"
images/custom/jack_cole/short/A/custom_jack_cole_short_A_1.jpg,4,True,True,84930875,"[2.0, 2.23606797749979, 3.0, 3.0]"
images/custom/jack_cole/short/A/custom_jack_cole_short_A_2.jpg,4,True,True,89434681,"[0.0, 1.0, 1.4142135623730951, 1.4142135623730951]"
images/custom/jack_cole/short/A/custom_jack_cole_short_A_3.jpg,4,True,True,91023762,"[1.4142135623730951, 1.4142135623730951, 2.8284271247461903, 3.1622776601683795]"
images/custom/jack_cole/short/A/custom_jack_cole_short_A_4.jpg,4,True,True,83511740,"[1.4142135623730951, 2.23606797749979, 2.23606797749979, 3.605551275463989]"
images/custom/jack_cole/short/B/custom_jack_cole_short_B_0.jpg,4,True,True,84553968,"[1.0, 1.0, 2.0, 2.23606797749979]"
images/custom/jack_cole/short/B/custom_jack_cole_short_B_1.jpg,4,True,True,87456913,"[0.0, 1.0, 1.0, 2.0]"
images/custom/jack_cole/short/B/custom_jack_cole_short_B_2.jpg,3,True,False,86836298,"[1.0, 1.0, 1.4142135623730951]"
images/custom/jack_cole/short/B/custom_jack_cole_short_B_3.jpg,4,True,True,83089821,"[0.0, 1.0, 1.4142135623730951, 2.0]"
images/custom/jack_cole/short/B/custom_jack_cole_short_B_4.jpg,4,True,True,82480450,"[0.0, 1.4142135623730951, 1.4142135623730951, 2.23606797749979]"
images/custom/jack_cole/short/C/custom_jack_cole_short_C_0.jpg,4,True,True,85312401,"[1.0, 1.0, 1.0, 2.23606797749979]"
images/custom/jack_cole/short/C/custom_jack_cole_short_C_1.jpg,4,True,True,83137642,"[1.0, 1.0, 1.4142135623730951, 3.0]"
images/custom/jack_cole/short/C/custom_jack_cole_short_C_2.jpg,3,True,False,81431173,"[1.0, 2.0, 2.23606797749979]"
images/custom/jack_cole/short/C/custom_jack_cole_short_C_3.jpg,4,True,True,86326733,"[1.0, 2.0, 2.23606797749979, 3.1622776601683795]"
images/custom/jack_cole/short/C/custom_jack_cole_short_C_4.jpg,4,True,True,79959721,"[1.0, 2.8284271247461903, 2.8284271247461903, 3.0]"
images/custom/jack_cole/short/D/custom_jack_cole_short_D_0.jpg,4,True,True,82314447,"[1.0, 1.4142135623730951, 2.0, 2.23606797749979]"
images/custom/jack_cole/short/D/custom_jack_cole_short_D_1.jpg,4,True,True,83322735,"[0.0, 1.4142135623730951, 2.0, 2.23606797749979]"
images/custom/jack_cole/short/D/custom_jack_cole_short_D_2.jpg,4,True,True,86205515,"[1.0, 1.0, 1.4142135623730951, 2.23606797749979]"
images/custom/jack_cole/short/D/custom_jack_cole_short_D_3.jpg,3,True,False,86108141,"[2.23606797749979, 2.23606797749979, 3.1622776601683795]"
images/custom/jack_cole/short/D/custom_jack_cole_short_D_4.jpg,4,True,True,82123353,"[2.0, 2.23606797749979, 2.8284271247461903, 2.8284271247461903]"
images/custom/john_honey/high/A/custom_john_honey_high_A_0.jpg,4,True,True,91491307,"[0.0, 1.4142135623730951, 2.23606797749979, 3.0]"
images/custom/john_honey/high/A/custom_john_honey_high_A_1.jpg,4,True,True,92473250,"[1.4142135623730951, 1.4142135623730951, 1.4142135623730951, 2.23606797749979]"
images/custom/john_honey/high/A/custom_john_honey_high_A_2.jpg,4,True,True,92947012,"[0.0, 1.0, 1.4142135623730951, 1.4142135623730951]"
images/custom/john_honey/high/A/custom_john_honey_high_A_3.jpg,4,True,True,94603925,"[0.0, 1.0, 2.23606797749979, 2.8284271247461903]"
images/custom/john_honey/high/A/custom_john_honey_high_A_4.jpg,4,True,True,88923575,"[0.0, 1.0, 1.4142135623730951, 1.4142135623730951]"
images/custom/john_honey/high/B/custom_john_honey_high_B_0.jpg,4,True,True,93645209,"[1.0, 1.0, 2.0, 2.0]"
images/custom/john_honey/high/B/custom_john_honey_high_B_1.jpg,4,True,True,89696191,"[0.0, 1.4142135623730951, 1.4142135623730951, 2.0]"
images/custom/john_honey/high/B/custom_john_honey_high_B_2.jpg,4,True,True,91792975,"[1.0, 2.0, 2.0, 3.1622776601683795]"
images/custom/john_honey/high/B/custom_john_honey_high_B_3.jpg,5,True,False,92207152,"[0.0, 1.4142135623730951, 2.0, 3.0, 622.9390018292321]"
images/custom/john_honey/high/B/custom_john_honey_high_B_4.jpg,4,True,True,86449844,"[1.0, 1.0, 1.0, 1.4142135623730951]"
images/custom/john_honey/high/C/custom_john_honey_high_C_0.jpg,3,True,False,89932165,"[1.0, 1.4142135623730951, 2.0]"
images/custom/john_honey/high/C/custom_john_honey_high_C_1.jpg,3,True,False,85076317,"[1.0, 1.0, 2.23606797749979]"
images/custom/john_honey/high/C/custom_john_honey_high_C_2.jpg,3,True,False,88319702,"[0.0, 0.0, 1.0]"
images/custom/john_honey/high/C/custom_john_honey_high_C_3.jpg,3,True,False,96595099,"[0.0, 1.0, 1.0]"
images/custom/john_honey/high/C/custom_john_honey_high_C_4.jpg,3,True,False,82949207,"[1.0, 1.4142135623730951, 1.4142135623730951]"
images/custom/john_honey/high/D/custom_john_honey_high_D_0.jpg,4,True,True,89653841,"[0.0, 1.0, 1.4142135623730951, 1.4142135623730951]"
images/custom/john_honey/high/D/custom_john_honey_high_D_1.jpg,4,True,True,91714736,"[1.0, 1.0, 1.0, 2.23606797749979]"
images/custom/john_honey/high/D/custom_john_honey_high_D_2.jpg,4,True,True,94117315,"[0.0, 1.0, 2.0, 2.23606797749979]"
images/custom/john_honey/high/D/custom_john_honey_high_D_3.jpg,3,True,False,86580449,"[1.0, 1.4142135623730951, 2.23606797749979]"
images/custom/john_honey/high/D/custom_john_honey_high_D_4.jpg,4,True,True,87568592,"[1.0, 1.0, 2.0, 2.23606797749979]"
images/custom/john_honey/medium/A/custom_john_honey_medium_A_0.jpg,4,True,True,93686613,"[0.0, 1.0, 1.0, 1.0]"
images/custom/john_honey/medium/A/custom_john_honey_medium_A_1.jpg,4,True,True,92574758,"[0.0, 1.0, 1.0, 1.4142135623730951]"
images/custom/john_honey/medium/A/custom_john_honey_medium_A_2.jpg,4,True,True,91781890,"[0.0, 0.0, 1.0, 1.4142135623730951]"
images/custom/john_honey/medium/A/custom_john_honey_medium_A_3.jpg,4,True,True,87541510,"[1.0, 1.4142135623730951, 1.4142135623730951, 2.0]"
images/custom/john_honey/medium/A/custom_john_honey_medium_A_4.jpg,4,True,True,92283400,"[1.0, 1.0, 1.4142135623730951, 1.4142135623730951]"
images/custom/john_honey/medium/B/custom_john_honey_medium_B_0.jpg,4,True,True,95616325,"[1.0, 1.0, 1.4142135623730951, 1.4142135623730951]"
images/custom/john_honey/medium/B/custom_john_honey_medium_B_1.jpg,2,True,False,92265408,"[1.0, 2.23606797749979]"
images/custom/john_honey/medium/B/custom_john_honey_medium_B_2.jpg,4,True,True,85142392,"[0.0, 1.4142135623730951, 2.23606797749979, 2.23606797749979]"
images/custom/john_honey/medium/B/custom_john_honey_medium_B_3.jpg,4,True,True,82302266,"[0.0, 1.0, 2.0, 2.8284271247461903]"
images/custom/john_honey/medium/B/custom_john_honey_medium_B_4.jpg,4,True,True,91043399,"[1.0, 1.4142135623730951, 1.4142135623730951, 2.23606797749979]"
images/custom/john_honey/medium/C/custom_john_honey_medium_C_0.jpg,3,True,False,87192994,"[1.0, 1.4142135623730951, 1.4142135623730951]"
images/custom/john_honey/medium/C/custom_john_honey_medium_C_1.jpg,3,True,False,90840043,"[1.0, 1.4142135623730951, 1.4142135623730951]"
images/custom/john_honey/medium/C/custom_john_honey_medium_C_2.jpg,3,True,False,93449821,"[1.0, 1.4142135623730951, 2.0]"
images/custom/john_honey/medium/C/custom_john_honey_medium_C_3.jpg,2,True,False,92480665,"[1.4142135623730951, 2.0]"
images/custom/john_honey/medium/C/custom_john_honey_medium_C_4.jpg,3,True,False,92049104,"[1.0, 1.0, 1.0]"
images/custom/john_honey/medium/D/custom_john_honey_medium_D_0.jpg,4,True,True,90743667,"[0.0, 1.0, 1.4142135623730951, 2.23606797749979]"
images/custom/john_honey/medium/D/custom_john_honey_medium_D_1.jpg,4,True,True,93017542,"[0.0, 1.0, 1.4142135623730951, 1.4142135623730951]"
images/custom/john_honey/medium/D/custom_john_honey_medium_D_2.jpg,4,True,True,89015257,"[0.0, 1.0, 1.4142135623730951, 1.4142135623730951]"
images/custom/john_honey/medium/D/custom_john_honey_medium_D_3.jpg,4,True,True,92919647,"[0.0, 1.0, 1.0, 2.23606797749979]"
images/custom/john_honey/medium/D/custom_john_honey_medium_D_4.jpg,4,True,True,89810185,"[1.0, 1.4142135623730951, 2.23606797749979, 2.23606797749979]"
images/custom/john_honey/short/A/custom_john_honey_short_A_0.jpg,4,True,True,91549698,"[0.0, 1.0, 1.4142135623730951, 2.0]"
images/custom/john_honey/short/A/custom_john_honey_short_A_1.jpg,4,True,True,92981191,"[1.0, 1.4142135623730951, 2.23606797749979, 3.0]"
images/custom/john_honey/short/A/custom_john_honey_short_A_2.jpg,4,True,True,90086364,"[1.0, 1.0, 1.4142135623730951, 3.0]"
images/custom/john_honey/short/A/custom_john_honey_short_A_3.jpg,4,True,True,95699632,"[1.0, 1.4142135623730951, 2.0, 2.0]"
images/custom/john_honey/short/A/custom_john_honey_short_A_4.jpg,4,True,True,88432994,"[0.0, 1.4142135623730951, 2.23606797749979, 2.23606797749979]"
images/custom/john_honey/short/B/custom_john_honey_short_B_0.jpg,5,True,False,90912877,"[1.0, 1.0, 2.23606797749979, 2.23606797749979, 900.0694417654673]"
images/custom/john_honey/short/B/custom_john_honey_short_B_1.jpg,4,True,True,96864626,"[1.0, 2.0, 2.0, 3.0]"
images/custom/john_honey/short/B/custom_john_honey_short_B_2.jpg,4,True,True,91328701,"[1.0, 1.0, 1.4142135623730951, 1.4142135623730951]"
images/custom/john_honey/short/B/custom_john_honey_short_B_3.jpg,4,True,True,93733343,"[1.0, 1.0, 1.0, 2.0]"
images/custom/john_honey/short/B/custom_john_honey_short_B_4.jpg,4,True,True,86555723,"[0.0, 1.0, 1.0, 1.4142135623730951]"
images/custom/john_honey/short/C/custom_john_honey_short_C_0.jpg,4,True,True,90326083,"[0.0, 1.4142135623730951, 1.4142135623730951, 2.0]"
images/custom/john_honey/short/C/custom_john_honey_short_C_1.jpg,4,True,True,88904204,"[0.0, 0.0, 1.0, 2.23606797749979]"
images/custom/john_honey/short/C/custom_john_honey_short_C_2.jpg,4,True,True,86552958,"[1.0, 1.0, 1.4142135623730951, 2.23606797749979]"
images/custom/john_honey/short/C/custom_john_honey_short_C_3.jpg,3,True,False,86016649,"[1.0, 1.4142135623730951, 2.0]"
images/custom/john_honey/short/C/custom_john_honey_short_C_4.jpg,3,True,False,81671715,"[0.0, 1.4142135623730951, 1.4142135623730951]"
images/custom/john_honey/short/D/custom_john_honey_short_D_0.jpg,4,True,True,89011338,"[0.0, 1.0, 1.4142135623730951, 2.23606797749979]"
images/custom/john_honey/short/D/custom_john_honey_short_D_1.jpg,4,True,True,91307795,"[1.0, 1.0, 1.4142135623730951, 1.4142135623730951]"
images/custom/john_honey/short/D/custom_john_honey_short_D_2.jpg,4,True,True,92187544,"[0.0, 1.4142135623730951, 1.4142135623730951, 2.0]"
images/custom/john_honey/short/D/custom_john_honey_short_D_3.jpg,4,True,True,96808418,"[0.0, 1.4142135623730951, 1.4142135623730951, 2.0]"
images/custom/john_honey/short/D/custom_john_honey_short_D_4.jpg,4,True,True,89043338,"[0.0, 1.0, 1.0, 2.23606797749979]"
images/custom/michaels/high/A/custom_michaels_high_A_0.jpg,4,True,True,79062350,"[0.0, 1.0, 1.4142135623730951, 2.23606797749979]"
images/custom/michaels/high/A/custom_michaels_high_A_1.jpg,4,True,True,75578696,"[1.0, 1.0, 1.0, 1.4142135623730951]"
images/custom/michaels/high/A/custom_michaels_high_A_2.jpg,4,True,True,77188607,"[1.0, 1.0, 1.4142135623730951, 1.4142135623730951]"
images/custom/michaels/high/A/custom_michaels_high_A_3.jpg,4,True,True,81510110,"[0.0, 1.0, 1.0, 1.0]"
images/custom/michaels/high/A/custom_michaels_high_A_4.jpg,4,True,True,73026048,"[0.0, 1.4142135623730951, 1.4142135623730951, 2.0]"
images/custom/michaels/high/B/custom_michaels_high_B_0.jpg,4,True,True,78380009,"[0.0, 1.0, 1.4142135623730951, 2.8284271247461903]"
images/custom/michaels/high/B/custom_michaels_high_B_1.jpg,4,True,True,72566969,"[1.0, 1.0, 1.4142135623730951, 2.0]"
images/custom/michaels/high/B/custom_michaels_high_B_2.jpg,4,True,True,76256828,"[0.0, 1.0, 1.0, 1.4142135623730951]"
images/custom/michaels/high/B/custom_michaels_high_B_3.jpg,4,True,True,83233671,"[0.0, 1.0, 1.0, 2.23606797749979]"
images/custom/michaels/high/B/custom_michaels_high_B_4.jpg,4,True,True,79393017,"[0.0, 1.0, 1.0, 1.4142135623730951]"
images/custom/michaels/high/C/custom_michaels_high_C_0.jpg,3,True,False,77081636,"[1.4142135623730951, 2.23606797749979, 3.1622776601683795]"
images/custom/michaels/high/C/custom_michaels_high_C_1.jpg,4,True,True,76042024,"[0.0, 1.0, 1.0, 2.23606797749979]"
images/custom/michaels/high/C/custom_michaels_high_C_2.jpg,4,True,True,79823015,"[1.0, 1.0, 1.4142135623730951, 1.4142135623730951]"
images/custom/michaels/high/C/custom_michaels_high_C_3.jpg,4,True,True,74357534,"[1.0, 1.0, 1.4142135623730951, 2.23606797749979]"
images/custom/michaels/high/C/custom_michaels_high_C_4.jpg,4,True,True,73640472,"[1.4142135623730951, 2.0, 2.23606797749979, 2.8284271247461903]"
images/custom/michaels/high/D/custom_michaels_high_D_0.jpg,4,True,True,79623181,"[0.0, 0.0, 1.0, 1.4142135623730951]"
images/custom/michaels/high/D/custom_michaels_high_D_1.jpg,4,True,True,76985967,"[1.0, 1.0, 1.4142135623730951, 2.23606797749979]"
images/custom/michaels/high/D/custom_michaels_high_D_2.jpg,4,True,True,82726973,"[1.0, 1.0, 1.0, 1.4142135623730951]"
images/custom/michaels/high/D/custom_michaels_high_D_3.jpg,4,True,True,78145956,"[1.0, 1.0, 1.0, 1.4142135623730951]"
images/custom/michaels/high/D/custom_michaels_high_D_4.jpg,4,True,True,83612644,"[1.0, 1.0, 1.4142135623730951, 1.4142135623730951]"
images/custom/michaels/medium/A/custom_michaels_medium_A_0.jpg,4,True,True,87770158,"[1.0, 1.4142135623730951, 2.23606797749979, 2.23606797749979]"
images/custom/michaels/medium/A/custom_michaels_medium_A_1.jpg,4,True,True,88501181,"[0.0, 0.0, 1.0, 2.0]"
images/custom/michaels/medium/A/custom_michaels_medium_A_2.jpg,4,True,True,84017874,"[1.0, 1.4142135623730951, 1.4142135623730951, 3.0]"
images/custom/michaels/medium/A/custom_michaels_medium_A_3.jpg,4,True,True,87672889,"[1.0, 1.0, 2.0, 2.23606797749979]"
images/custom/michaels/medium/A/custom_michaels_medium_A_4.jpg,4,True,True,88695784,"[0.0, 1.0, 1.0, 1.4142135623730951]"
images/custom/michaels/medium/B/custom_michaels_medium_B_0.jpg,4,True,True,85566207,"[1.0, 1.0, 1.0, 1.0]"
images/custom/michaels/medium/B/custom_michaels_medium_B_1.jpg,4,True,True,88474976,"[0.0, 0.0, 1.4142135623730951, 2.23606797749979]"
images/custom/michaels/medium/B/custom_michaels_medium_B_2.jpg,4,True,True,81482959,"[0.0, 1.4142135623730951, 2.23606797749979, 2.23606797749979]"
images/custom/michaels/medium/B/custom_michaels_medium_B_3.jpg,4,True,True,81758676,"[0.0, 1.0, 1.4142135623730951, 2.23606797749979]"
images/custom/michaels/medium/B/custom_michaels_medium_B_4.jpg,4,True,True,82555430,"[1.0, 1.0, 1.4142135623730951, 3.1622776601683795]"
images/custom/michaels/medium/C/custom_michaels_medium_C_0.jpg,3,True,False,85867011,"[1.0, 1.0, 2.0]"
images/custom/michaels/medium/C/custom_michaels_medium_C_1.jpg,3,True,False,87382192,"[1.0, 1.0, 1.4142135623730951]"
images/custom/michaels/medium/C/custom_michaels_medium_C_2.jpg,4,True,True,82947597,"[0.0, 1.0, 2.23606797749979, 2.23606797749979]"
images/custom/michaels/medium/C/custom_michaels_medium_C_3.jpg,4,True,True,81452182,"[1.0, 1.4142135623730951, 2.0, 2.23606797749979]"
images/custom/michaels/medium/C/custom_michaels_medium_C_4.jpg,4,True,True,83689639,"[0.0, 0.0, 1.0, 2.23606797749979]"
images/custom/michaels/medium/D/custom_michaels_medium_D_0.jpg,4,True,True,83135820,"[1.0, 1.0, 1.0, 1.0]"
images/custom/michaels/medium/D/custom_michaels_medium_D_1.jpg,4,True,True,82016772,"[0.0, 0.0, 1.4142135623730951, 2.23606797749979]"
images/custom/michaels/medium/D/custom_michaels_medium_D_2.jpg,4,True,True,89455302,"[0.0, 0.0, 1.0, 1.4142135623730951]"
images/custom/michaels/medium/D/custom_michaels_medium_D_3.jpg,4,True,True,84135723,"[1.0, 1.4142135623730951, 1.4142135623730951, 2.0]"
images/custom/michaels/medium/D/custom_michaels_medium_D_4.jpg,3,True,False,80270814,"[0.0, 1.0, 2.23606797749979]"
images/custom/michaels/short/A/custom_michaels_short_A_0.jpg,4,True,True,82314649,"[1.0, 1.0, 1.0, 2.23606797749979]"
images/custom/michaels/short/A/custom_michaels_short_A_1.jpg,4,True,True,88239848,"[0.0, 1.0, 1.0, 1.4142135623730951]"
images/custom/michaels/short/A/custom_michaels_short_A_2.jpg,4,True,True,85956046,"[0.0, 1.4142135623730951, 1.4142135623730951, 2.0]"
images/custom/michaels/short/A/custom_michaels_short_A_3.jpg,4,True,True,84560170,"[1.0, 2.23606797749979, 2.23606797749979, 2.23606797749979]"
images/custom/michaels/short/A/custom_michaels_short_A_4.jpg,2,True,False,84111267,"[2.0, 2.23606797749979]"
images/custom/michaels/short/B/custom_michaels_short_B_0.jpg,4,True,True,90496893,"[1.0, 1.4142135623730951, 1.4142135623730951, 2.23606797749979]"
images/custom/michaels/short/B/custom_michaels_short_B_1.jpg,4,True,True,86393316,"[1.0, 1.0, 2.23606797749979, 2.8284271247461903]"
images/custom/michaels/short/B/custom_michaels_short_B_2.jpg,4,True,True,89353389,"[0.0, 1.4142135623730951, 1.4142135623730951, 2.0]"
images/custom/michaels/short/B/custom_michaels_short_B_3.jpg,4,True,True,88678694,"[1.0, 1.4142135623730951, 1.4142135623730951, 2.23606797749979]"
images/custom/michaels/short/B/custom_michaels_short_B_4.jpg,4,True,True,82294972,"[1.0, 1.4142135623730951, 2.0, 2.23606797749979]"
images/custom/michaels/short/C/custom_michaels_short_C_0.jpg,4,True,True,86249543,"[0.0, 1.0, 2.0, 2.23606797749979]"
images/custom/michaels/short/C/custom_michaels_short_C_1.jpg,3,True,False,85497326,"[1.0, 1.0, 1.0]"
images/custom/michaels/short/C/custom_michaels_short_C_2.jpg,4,True,True,87203167,"[0.0, 1.0, 1.0, 2.23606797749979]"
images/custom/michaels/short/C/custom_michaels_short_C_3.jpg,3,True,False,89348770,"[1.0, 1.4142135623730951, 2.23606797749979]"
images/custom/michaels/short/C/custom_michaels_short_C_4.jpg,3,True,False,84998382,"[1.0, 1.0, 2.8284271247461903]"
images/custom/michaels/short/D/custom_michaels_short_D_0.jpg,4,True,True,88490373,"[1.0, 2.0, 2.0, 2.23606797749979]"
images/custom/michaels/short/D/custom_michaels_short_D_1.jpg,4,True,True,87916175,"[1.0, 1.0, 1.4142135623730951, 2.23606797749979]"
images/custom/michaels/short/D/custom_michaels_short_D_2.jpg,4,True,True,87852314,"[0.0, 2.23606797749979, 2.23606797749979, 2.23606797749979]"
images/custom/michaels/short/D/custom_michaels_short_D_3.jpg,2,True,False,81703933,"[1.4142135623730951, 3.0]"
images/custom/michaels/short/D/custom_michaels_short_D_4.jpg,3,True,False,82130962,"[1.0, 2.0, 2.0]"
images/dark/davids/high/A/dark_davids_high_A_0.jpg,4,True,True,87558376,"[1.0, 1.0, 1.0, 2.23606797749979]"
images/dark/davids/high/A/dark_davids_high_A_1.jpg,4,True,True,82693232,"[1.0, 1.0, 2.23606797749979, 2.23606797749979]"
images/dark/davids/high/A/dark_davids_high_A_2.jpg,4,True,True,85386924,"[0.0, 1.0, 1.0, 1.4142135623730951]"
images/dark/davids/high/A/dark_davids_high_A_3.jpg,4,True,True,84112091,"[1.0, 2.0, 2.23606797749979, 2.23606797749979]"
images/dark/davids/high/A/dark_davids_high_A_4.jpg,4,True,True,79928922,"[1.0, 1.0, 1.4142135623730951, 1.4142135623730951]"
images/dark/davids/high/B/dark_davids_high_B_0.jpg,4,True,True,81677332,"[1.0, 1.0, 1.0, 1.4142135623730951]"
images/dark/davids/high/B/dark_davids_high_B_1.jpg,4,True,True,75803449,"[1.4142135623730951, 2.0, 2.0, 2.23606797749979]"
images/dark/davids/high/B/dark_davids_high_B_2.jpg,4,True,True,91457835,"[1.0, 1.0, 1.0, 2.23606797749979]"
images/dark/davids/high/B/dark_davids_high_B_3.jpg,4,True,True,84041475,"[1.0, 1.4142135623730951, 2.0, 2.23606797749979]"
images/dark/davids/high/B/dark_davids_high_B_4.jpg,4,True,True,81932518,"[1.0, 1.4142135623730951, 1.4142135623730951, 1.4142135623730951]"
images/dark/davids/high/C/dark_davids_high_C_0.jpg,4,True,True,81062962,"[0.0, 1.0, 1.4142135623730951, 2.23606797749979]"
images/dark/davids/high/C/dark_davids_high_C_1.jpg,4,True,True,81295757,"[0.0, 0.0, 1.4142135623730951, 2.0]"
images/dark/davids/high/C/dark_davids_high_C_2.jpg,4,True,True,90572705,"[0.0, 1.0, 1.0, 1.4142135623730951]"
images/dark/davids/high/C/dark_davids_high_C_3.jpg,4,True,True,83637870,"[1.0, 1.4142135623730951, 1.4142135623730951, 2.0]"
images/dark/davids/high/C/dark_davids_high_C_4.jpg,4,True,True,78419223,"[0.0, 1.0, 1.0, 2.0]"
images/dark/davids/high/D/dark_davids_high_D_0.jpg,4,True,True,82396893,"[0.0, 0.0, 1.4142135623730951, 2.0]"
images/dark/davids/high/D/dark_davids_high_D_1.jpg,4,True,True,83948843,"[0.0, 0.0, 1.0, 1.4142135623730951]"
images/dark/davids/high/D/dark_davids_high_D_2.jpg,4,True,True,84981861,"[1.0, 1.0, 1.4142135623730951, 1.4142135623730951]"
images/dark/davids/high/D/dark_davids_high_D_3.jpg,4,True,True,80803224,"[0.0, 0.0, 1.0, 1.0]"
images/dark/davids/high/D/dark_davids_high_D_4.jpg,4,True,True,77154364,"[0.0, 1.0, 1.4142135623730951, 1.4142135623730951]"
images/dark/davids/medium/A/dark_davids_medium_A_0.jpg,3,True,False,85484664,"[0.0, 1.0, 2.23606797749979]"
images/dark/davids/medium/A/dark_davids_medium_A_1.jpg,4,True,True,89390646,"[0.0, 1.0, 1.0, 1.4142135623730951]"
images/dark/davids/medium/A/dark_davids_medium_A_2.jpg,4,True,True,90105848,"[0.0, 1.0, 1.0, 2.0]"
images/dark/davids/medium/A/dark_davids_medium_A_3.jpg,4,True,True,98478813,"[1.0, 1.4142135623730951, 2.23606797749979, 2.23606797749979]"
images/dark/davids/medium/A/dark_davids_medium_A_4.jpg,3,True,False,85156918,"[0.0, 1.4142135623730951, 1.4142135623730951]"
images/dark/davids/medium/B/dark_davids_medium_B_0.jpg,4,True,True,88271009,"[1.0, 1.4142135623730951, 1.4142135623730951, 2.0]"
images/dark/davids/medium/B/dark_davids_medium_B_1.jpg,4,True,True,86943358,"[1.0, 1.4142135623730951, 2.0, 2.23606797749979]"
images/dark/davids/medium/B/dark_davids_medium_B_2.jpg,2,True,False,84889768,"[1.4142135623730951, 2.0]"
images/dark/davids/medium/B/dark_davids_medium_B_3.jpg,4,True,True,83422124,"[1.4142135623730951, 1.4142135623730951, 1.4142135623730951, 2.23606797749979]"
images/dark/davids/medium/B/dark_davids_medium_B_4.jpg,2,True,False,86991820,"[1.4142135623730951, 2.23606797749979]"
images/dark/davids/medium/C/dark_davids_medium_C_0.jpg,4,True,True,83687715,"[0.0, 0.0, 1.0, 1.0]"
images/dark/davids/medium/C/dark_davids_medium_C_1.jpg,4,True,True,86702036,"[0.0, 1.0, 2.0, 2.23606797749979]"
images/dark/davids/medium/C/dark_davids_medium_C_2.jpg,4,True,True,89262977,"[0.0, 1.0, 1.0, 2.23606797749979]"
images/dark/davids/medium/C/dark_davids_medium_C_3.jpg,4,True,True,82405821,"[0.0, 0.0, 1.4142135623730951, 2.23606797749979]"
images/dark/davids/medium/C/dark_davids_medium_C_4.jpg,3,True,False,81409752,"[1.0, 1.4142135623730951, 2.23606797749979]"
images/dark/davids/medium/D/dark_davids_medium_D_0.jpg,4,True,True,74014753,"[1.4142135623730951, 1.4142135623730951, 2.23606797749979, 2.23606797749979]"
images/dark/davids/medium/D/dark_davids_medium_D_1.jpg,4,True,True,85760781,"[1.0, 1.0, 1.4142135623730951, 2.0]"
images/dark/davids/medium/D/dark_davids_medium_D_2.jpg,4,True,True,84213578,"[1.0, 2.0, 2.23606797749979, 3.1622776601683795]"
images/dark/davids/medium/D/dark_davids_medium_D_3.jpg,4,True,True,88500593,"[1.0, 1.0, 1.4142135623730951, 3.605551275463989]"
images/dark/davids/medium/D/dark_davids_medium_D_4.jpg,4,True,True,82455797,"[1.0, 1.0, 2.0, 2.23606797749979]"
images/dark/davids/short/A/dark_davids_short_A_0.jpg,4,True,True,89824711,"[1.4142135623730951, 2.0, 2.23606797749979, 3.605551275463989]"
images/dark/davids/short/A/dark_davids_short_A_1.jpg,4,True,True,86245139,"[1.0, 1.4142135623730951, 2.0, 2.0]"
images/dark/davids/short/A/dark_davids_short_A_2.jpg,4,True,True,83167719,"[1.0, 1.4142135623730951, 2.23606797749979, 3.1622776601683795]"
images/dark/davids/short/A/dark_davids_short_A_3.jpg,4,True,True,101735293,"[1.4142135623730951, 2.0, 2.23606797749979, 4.0]"
images/dark/davids/short/A/dark_davids_short_A_4.jpg,2,True,False,79898678,"[2.0, 2.23606797749979]"
images/dark/davids/short/B/dark_davids_short_B_0.jpg,4,True,True,85918657,"[1.4142135623730951, 1.4142135623730951, 2.0, 3.605551275463989]"
images/dark/davids/short/B/dark_davids_short_B_1.jpg,4,True,True,87888913,"[1.0, 1.0, 1.4142135623730951, 2.23606797749979]"
images/dark/davids/short/B/dark_davids_short_B_2.jpg,4,True,True,84441637,"[1.0, 1.0, 1.4142135623730951, 2.0]"
images/dark/davids/short/B/dark_davids_short_B_3.jpg,4,True,True,88718628,"[1.4142135623730951, 1.4142135623730951, 2.0, 3.0]"
images/dark/davids/short/B/dark_davids_short_B_4.jpg,1,True,False,85578538,[1.0]
images/dark/davids/short/C/dark_davids_short_C_0.jpg,2,True,False,86018554,"[1.0, 1.4142135623730951]"
images/dark/davids/short/C/dark_davids_short_C_1.jpg,4,True,True,86186727,"[1.0, 1.0, 1.4142135623730951, 2.23606797749979]"
images/dark/davids/short/C/dark_davids_short_C_2.jpg,2,True,False,85567818,"[2.23606797749979, 4.47213595499958]"
images/dark/davids/short/C/dark_davids_short_C_3.jpg,4,True,True,94875575,"[0.0, 1.0, 1.4142135623730951, 2.0]"
images/dark/davids/short/C/dark_davids_short_C_4.jpg,4,True,True,83935809,"[1.0, 1.4142135623730951, 1.4142135623730951, 3.0]"
images/dark/davids/short/D/dark_davids_short_D_0.jpg,4,True,True,82347740,"[0.0, 1.0, 1.4142135623730951, 1.4142135623730951]"
images/dark/davids/short/D/dark_davids_short_D_1.jpg,4,True,True,86583664,"[1.0, 1.4142135623730951, 3.0, 3.605551275463989]"
images/dark/davids/short/D/dark_davids_short_D_2.jpg,4,True,True,81098650,"[1.0, 1.0, 2.0, 2.0]"
images/dark/davids/short/D/dark_davids_short_D_3.jpg,4,True,True,84428953,"[0.0, 1.0, 1.0, 2.23606797749979]"
images/dark/davids/short/D/dark_davids_short_D_4.jpg,3,True,False,81203044,"[2.23606797749979, 3.0, 3.1622776601683795]"
images/dark/jack_cole/high/A/dark_jack_cole_high_A_0.jpg,4,True,True,76529410,"[0.0, 0.0, 1.4142135623730951, 2.0]"
images/dark/jack_cole/high/A/dark_jack_cole_high_A_1.jpg,4,True,True,77663296,"[0.0, 1.0, 1.4142135623730951, 1.4142135623730951]"
images/dark/jack_cole/high/A/dark_jack_cole_high_A_2.jpg,4,True,True,66214004,"[0.0, 1.0, 1.0, 3.1622776601683795]"
images/dark/jack_cole/high/A/dark_jack_cole_high_A_3.jpg,4,True,True,73501560,"[1.0, 1.0, 1.0, 1.0]"
images/dark/jack_cole/high/A/dark_jack_cole_high_A_4.jpg,4,True,True,78771734,"[1.0, 1.4142135623730951, 1.4142135623730951, 2.23606797749979]"
images/dark/jack_cole/high/B/dark_jack_cole_high_B_0.jpg,4,True,True,80926104,"[0.0, 1.0, 1.0, 1.0]"
images/dark/jack_cole/high/B/dark_jack_cole_high_B_1.jpg,4,True,True,81615745,"[1.0, 1.0, 1.4142135623730951, 2.0]"
images/dark/jack_cole/high/B/dark_jack_cole_high_B_2.jpg,4,True,True,81304337,"[1.0, 1.0, 2.0, 2.23606797749979]"
images/dark/jack_cole/high/B/dark_jack_cole_high_B_3.jpg,4,True,True,79417747,"[1.0, 1.0, 1.0, 3.0]"
images/dark/jack_cole/high/B/dark_jack_cole_high_B_4.jpg,4,True,True,78549356,"[1.0, 1.0, 1.0, 1.4142135623730951]"
images/dark/jack_cole/high/C/dark_jack_cole_high_C_0.jpg,4,True,True,83158382,"[1.0, 1.4142135623730951, 2.0, 2.23606797749979]"
images/dark/jack_cole/high/C/dark_jack_cole_high_C_1.jpg,4,True,True,78066951,"[1.0, 1.0, 1.0, 1.4142135623730951]"
images/dark/jack_cole/high/C/dark_jack_cole_high_C_2.jpg,4,True,True,83002989,"[0.0, 0.0, 1.4142135623730951, 2.23606797749979]"
images/dark/jack_cole/high/C/dark_jack_cole_high_C_3.jpg,4,True,True,79299022,"[1.0, 1.0, 1.4142135623730951, 2.23606797749979]"
images/dark/jack_cole/high/C/dark_jack_cole_high_C_4.jpg,4,True,True,75743122,"[1.4142135623730951, 1.4142135623730951, 2.23606797749979, 2.23606797749979]"
images/dark/jack_cole/high/D/dark_jack_cole_high_D_0.jpg,4,True,True,80564731,"[1.0, 1.4142135623730951, 2.0, 2.23606797749979]"
images/dark/jack_cole/high/D/dark_jack_cole_high_D_1.jpg,4,True,True,75911420,"[1.0, 1.4142135623730951, 2.0, 2.0]"
images/dark/jack_cole/high/D/dark_jack_cole_high_D_2.jpg,4,True,True,77853563,"[1.0, 1.0, 1.4142135623730951, 3.0]"
images/dark/jack_cole/high/D/dark_jack_cole_high_D_3.jpg,4,True,True,77339102,"[1.0, 1.4142135623730951, 2.0, 2.23606797749979]"
images/dark/jack_cole/high/D/dark_jack_cole_high_D_4.jpg,4,True,True,82091390,"[1.4142135623730951, 1.4142135623730951, 2.0, 2.23606797749979]"
images/dark/jack_cole/medium/A/dark_jack_cole_medium_A_0.jpg,4,True,True,80460584,"[1.0, 1.0, 1.0, 2.23606797749979]"
images/dark/jack_cole/medium/A/dark_jack_cole_medium_A_1.jpg,4,True,True,82766755,"[1.0, 1.4142135623730951, 2.23606797749979, 2.8284271247461903]"
images/dark/jack_cole/medium/A/dark_jack_cole_medium_A_2.jpg,4,True,True,81428868,"[1.0, 1.0, 1.4142135623730951, 3.0]"
images/dark/jack_cole/medium/A/dark_jack_cole_medium_A_3.jpg,4,True,True,79706148,"[0.0, 0.0, 2.23606797749979, 2.23606797749979]"
images/dark/jack_cole/medium/A/dark_jack_cole_medium_A_4.jpg,4,True,True,80247982,"[0.0, 1.0, 1.4142135623730951, 2.23606797749979]"
images/dark/jack_cole/medium/B/dark_jack_cole_medium_B_0.jpg,4,True,True,77186401,"[1.4142135623730951, 1.4142135623730951, 2.23606797749979, 3.0]"
images/dark/jack_cole/medium/B/dark_jack_cole_medium_B_1.jpg,4,True,True,79395845,"[1.0, 1.4142135623730951, 2.0, 2.23606797749979]"
images/dark/jack_cole/medium/B/dark_jack_cole_medium_B_2.jpg,4,True,True,80351378,"[1.0, 2.0, 2.0, 2.23606797749979]"
images/dark/jack_cole/medium/B/dark_jack_cole_medium_B_3.jpg,3,True,False,82342111,"[2.23606797749979, 2.23606797749979, 2.8284271247461903]"
images/dark/jack_cole/medium/B/dark_jack_cole_medium_B_4.jpg,4,True,True,83187885,"[1.0, 1.4142135623730951, 2.0, 2.0]"
images/dark/jack_cole/medium/C/dark_jack_cole_medium_C_0.jpg,4,True,True,81539394,"[1.0, 1.0, 1.4142135623730951, 1.4142135623730951]"
images/dark/jack_cole/medium/C/dark_jack_cole_medium_C_1.jpg,4,True,True,83558035,"[1.0, 1.0, 1.4142135623730951, 1.4142135623730951]"
images/dark/jack_cole/medium/C/dark_jack_cole_medium_C_2.jpg,4,True,True,83140538,"[1.0, 1.0, 2.23606797749979, 3.1622776601683795]"
images/dark/jack_cole/medium/C/dark_jack_cole_medium_C_3.jpg,4,True,True,86214040,"[0.0, 2.0, 2.8284271247461903, 3.0]"
images/dark/jack_cole/medium/C/dark_jack_cole_medium_C_4.jpg,4,True,True,86946896,"[1.0, 2.0, 2.23606797749979, 3.0]"
images/dark/jack_cole/medium/D/dark_jack_cole_medium_D_0.jpg,4,True,True,84558555,"[1.0, 2.0, 2.0, 3.1622776601683795]"
images/dark/jack_cole/medium/D/dark_jack_cole_medium_D_1.jpg,3,True,False,83350531,"[0.0, 1.0, 2.0]"
images/dark/jack_cole/medium/D/dark_jack_cole_medium_D_2.jpg,3,True,False,81483520,"[1.4142135623730951, 1.4142135623730951, 2.0]"
images/dark/jack_cole/medium/D/dark_jack_cole_medium_D_3.jpg,3,True,False,80947647,"[1.0, 1.0, 1.0]"
images/dark/jack_cole/medium/D/dark_jack_cole_medium_D_4.jpg,4,True,True,78293089,"[0.0, 1.0, 1.4142135623730951, 2.0]"
images/dark/jack_cole/short/A/dark_jack_cole_short_A_0.jpg,4,True,True,81074220,"[1.0, 1.0, 1.4142135623730951, 2.0]"
images/dark/jack_cole/short/A/dark_jack_cole_short_A_1.jpg,4,True,True,81485123,"[0.0, 1.0, 1.0, 2.23606797749979]"
images/dark/jack_cole/short/A/dark_jack_cole_short_A_2.jpg,4,True,True,75623709,"[1.4142135623730951, 1.4142135623730951, 3.605551275463989, 3.605551275463989]"
images/dark/jack_cole/short/A/dark_jack_cole_short_A_3.jpg,3,True,False,80089484,"[1.4142135623730951, 2.23606797749979, 2.23606797749979]"
images/dark/jack_cole/short/A/dark_jack_cole_short_A_4.jpg,3,True,False,77782237,"[1.4142135623730951, 2.23606797749979, 2.23606797749979]"
images/dark/jack_cole/short/B/dark_jack_cole_short_B_0.jpg,4,True,True,87111797,"[1.0, 1.4142135623730951, 2.23606797749979, 3.1622776601683795]"
images/dark/jack_cole/short/B/dark_jack_cole_short_B_1.jpg,4,True,True,87096365,"[1.4142135623730951, 2.0, 2.23606797749979, 2.8284271247461903]"
images/dark/jack_cole/short/B/dark_jack_cole_short_B_2.jpg,4,True,True,81643070,"[1.4142135623730951, 1.4142135623730951, 1.4142135623730951, 2.8284271247461903]"
images/dark/jack_cole/short/B/dark_jack_cole_short_B_3.jpg,4,True,True,88985609,"[1.0, 1.0, 1.0, 1.4142135623730951]"
images/dark/jack_cole/short/B/dark_jack_cole_short_B_4.jpg,4,True,True,81422625,"[1.0, 1.4142135623730951, 2.0, 2.23606797749979]"
images/dark/jack_cole/short/C/dark_jack_cole_short_C_0.jpg,4,True,True,85505235,"[1.4142135623730951, 2.0, 2.23606797749979, 2.23606797749979]"
images/dark/jack_cole/short/C/dark_jack_cole_short_C_1.jpg,4,True,True,80607586,"[1.0, 2.23606797749979, 2.8284271247461903, 4.123105625617661]"
images/dark/jack_cole/short/C/dark_jack_cole_short_C_2.jpg,4,True,True,79142790,"[1.0, 1.4142135623730951, 1.4142135623730951, 2.0]"
images/dark/jack_cole/short/C/dark_jack_cole_short_C_3.jpg,4,True,True,83758928,"[1.0, 1.0, 1.0, 2.0]"
images/dark/jack_cole/short/C/dark_jack_cole_short_C_4.jpg,4,True,True,73719326,"[1.0, 1.0, 2.23606797749979, 4.123105625617661]"
images/dark/jack_cole/short/D/dark_jack_cole_short_D_0.jpg,4,True,True,80824068,"[1.0, 1.0, 2.8284271247461903, 3.1622776601683795]"
images/dark/jack_cole/short/D/dark_jack_cole_short_D_1.jpg,3,True,False,83886807,"[2.23606797749979, 2.8284271247461903, 3.0]"
images/dark/jack_cole/short/D/dark_jack_cole_short_D_2.jpg,4,True,True,83333057,"[1.0, 2.23606797749979, 3.0, 3.1622776601683795]"
images/dark/jack_cole/short/D/dark_jack_cole_short_D_3.jpg,4,True,True,88819916,"[1.0, 1.0, 2.0, 2.23606797749979]"
images/dark/jack_cole/short/D/dark_jack_cole_short_D_4.jpg,4,True,True,77711626,"[2.23606797749979, 2.23606797749979, 2.23606797749979, 2.23606797749979]"
images/dark/john_honey/high/A/dark_john_honey_high_A_0.jpg,4,True,True,103978859,"[1.0, 1.0, 1.0, 2.23606797749979]"
images/dark/john_honey/high/A/dark_john_honey_high_A_1.jpg,4,True,True,101038435,"[1.4142135623730951, 1.4142135623730951, 1.4142135623730951, 2.23606797749979]"
images/dark/john_honey/high/A/dark_john_honey_high_A_2.jpg,4,True,True,107669539,"[0.0, 1.0, 2.0, 2.8284271247461903]"
images/dark/john_honey/high/A/dark_john_honey_high_A_3.jpg,5,True,False,103573019,"[1.0, 2.23606797749979, 2.23606797749979, 2.8284271247461903, 487.46281909495417]"
images/dark/john_honey/high/A/dark_john_honey_high_A_4.jpg,4,True,True,98648448,"[0.0, 1.0, 1.0, 2.0]"
images/dark/john_honey/high/B/dark_john_honey_high_B_0.jpg,6,True,False,103119051,"[0.0, 1.0, 1.0, 1.0, 61.84658438426491, 590.7368280376635]"
images/dark/john_honey/high/B/dark_john_honey_high_B_1.jpg,4,True,True,104180927,"[0.0, 1.0, 2.0, 2.23606797749979]"
images/dark/john_honey/high/B/dark_john_honey_high_B_2.jpg,5,True,False,98894331,"[1.4142135623730951, 2.0, 2.23606797749979, 2.23606797749979, 173.5280957078709]"
images/dark/john_honey/high/B/dark_john_honey_high_B_3.jpg,4,True,True,101862282,"[1.0, 1.4142135623730951, 2.23606797749979, 2.23606797749979]"
images/dark/john_honey/high/B/dark_john_honey_high_B_4.jpg,4,True,True,99526146,"[1.4142135623730951, 1.4142135623730951, 2.0, 4.123105625617661]"
images/dark/john_honey/high/C/dark_john_honey_high_C_0.jpg,3,True,False,102669451,"[0.0, 1.0, 1.4142135623730951]"
images/dark/john_honey/high/C/dark_john_honey_high_C_1.jpg,3,True,False,99049514,"[0.0, 1.0, 1.4142135623730951]"
images/dark/john_honey/high/C/dark_john_honey_high_C_2.jpg,3,True,False,96289687,"[1.0, 1.4142135623730951, 3.605551275463989]"
images/dark/john_honey/high/C/dark_john_honey_high_C_3.jpg,5,True,False,96976798,"[1.0, 1.4142135623730951, 2.23606797749979, 2.23606797749979, 107.28000745712129]"
images/dark/john_honey/high/C/dark_john_honey_high_C_4.jpg,3,True,False,97102903,"[1.0, 1.4142135623730951, 1.4142135623730951]"
images/dark/john_honey/high/D/dark_john_honey_high_D_0.jpg,2,True,False,98729480,"[0.0, 1.0]"
images/dark/john_honey/high/D/dark_john_honey_high_D_1.jpg,3,False,False,94204096,"[2.0, 2.23606797749979, 6.0]"
images/dark/john_honey/high/D/dark_john_honey_high_D_2.jpg,3,True,False,105862219,"[2.23606797749979, 2.23606797749979, 2.23606797749979]"
images/dark/john_honey/high/D/dark_john_honey_high_D_3.jpg,5,True,False,93964808,"[1.0, 2.0, 2.8284271247461903, 4.123105625617661, 347.80598039711737]"
images/dark/john_honey/high/D/dark_john_honey_high_D_4.jpg,3,True,False,95331482,"[1.0, 2.23606797749979, 2.8284271247461903]"
images/dark/john_honey/medium/A/dark_john_honey_medium_A_0.jpg,5,True,False,87651486,"[1.4142135623730951, 1.4142135623730951, 2.23606797749979, 2.8284271247461903, 241.82018112638985]"
images/dark/john_honey/medium/A/dark_john_honey_medium_A_1.jpg,4,True,True,100521914,"[1.4142135623730951, 2.0, 2.0, 2.23606797749979]"
images/dark/john_honey/medium/A/dark_john_honey_medium_A_2.jpg,4,True,True,86785012,"[0.0, 1.0, 2.0, 2.23606797749979]"
images/dark/john_honey/medium/A/dark_john_honey_medium_A_3.jpg,4,True,True,86778200,"[1.0, 1.0, 1.4142135623730951, 3.0]"
images/dark/john_honey/medium/A/dark_john_honey_medium_A_4.jpg,4,True,True,96137897,"[1.0, 1.0, 1.0, 1.4142135623730951]"
images/dark/john_honey/medium/B/dark_john_honey_medium_B_0.jpg,4,True,True,88724969,"[1.0, 1.0, 2.0, 2.23606797749979]"
images/dark/john_honey/medium/B/dark_john_honey_medium_B_1.jpg,4,True,True,100650655,"[0.0, 1.0, 1.4142135623730951, 2.23606797749979]"
images/dark/john_honey/medium/B/dark_john_honey_medium_B_2.jpg,4,True,True,88930364,"[1.0, 1.0, 1.4142135623730951, 2.0]"
images/dark/john_honey/medium/B/dark_john_honey_medium_B_3.jpg,5,True,False,91576274,"[1.0, 1.0, 2.0, 2.23606797749979, 168.5852899869974]"
images/dark/john_honey/medium/B/dark_john_honey_medium_B_4.jpg,4,True,True,92519835,"[0.0, 0.0, 1.0, 2.0]"
images/dark/john_honey/medium/C/dark_john_honey_medium_C_0.jpg,4,True,True,92096360,"[1.0, 1.0, 1.0, 1.0]"
images/dark/john_honey/medium/C/dark_john_honey_medium_C_1.jpg,4,True,True,99471935,"[1.4142135623730951, 1.4142135623730951, 1.4142135623730951, 2.23606797749979]"
images/dark/john_honey/medium/C/dark_john_honey_medium_C_2.jpg,4,True,True,101627597,"[1.0, 1.0, 2.23606797749979, 3.0]"
images/dark/john_honey/medium/C/dark_john_honey_medium_C_3.jpg,4,True,True,96635964,"[0.0, 1.0, 1.4142135623730951, 2.23606797749979]"
images/dark/john_honey/medium/C/dark_john_honey_medium_C_4.jpg,4,True,True,101098385,"[0.0, 2.23606797749979, 2.23606797749979, 2.23606797749979]"
images/dark/john_honey/medium/D/dark_john_honey_medium_D_0.jpg,4,True,True,91976043,"[0.0, 1.0, 2.0, 2.23606797749979]"
images/dark/john_honey/medium/D/dark_john_honey_medium_D_1.jpg,4,True,True,91094364,"[0.0, 1.0, 1.0, 1.4142135623730951]"
images/dark/john_honey/medium/D/dark_john_honey_medium_D_2.jpg,4,True,True,88913783,"[0.0, 1.0, 1.4142135623730951, 2.0]"
images/dark/john_honey/medium/D/dark_john_honey_medium_D_3.jpg,4,True,True,100680313,"[1.4142135623730951, 2.0, 2.23606797749979, 2.23606797749979]"
images/dark/john_honey/medium/D/dark_john_honey_medium_D_4.jpg,4,True,True,94998931,"[1.0, 2.0, 2.23606797749979, 2.23606797749979]"
images/dark/john_honey/short/A/dark_john_honey_short_A_0.jpg,4,True,True,86947680,"[1.0, 1.4142135623730951, 2.0, 2.23606797749979]"
images/dark/john_honey/short/A/dark_john_honey_short_A_1.jpg,4,True,True,93130221,"[0.0, 1.4142135623730951, 1.4142135623730951, 3.605551275463989]"
images/dark/john_honey/short/A/dark_john_honey_short_A_2.jpg,4,True,True,82624239,"[0.0, 1.0, 1.0, 1.4142135623730951]"
images/dark/john_honey/short/A/dark_john_honey_short_A_3.jpg,4,True,True,81644801,"[0.0, 2.0, 2.23606797749979, 3.0]"
images/dark/john_honey/short/A/dark_john_honey_short_A_4.jpg,4,True,True,80900126,"[1.0, 1.4142135623730951, 2.23606797749979, 2.23606797749979]"
images/dark/john_honey/short/B/dark_john_honey_short_B_0.jpg,4,True,True,85336352,"[0.0, 1.0, 1.4142135623730951, 2.23606797749979]"
images/dark/john_honey/short/B/dark_john_honey_short_B_1.jpg,4,True,True,91188992,"[1.4142135623730951, 1.4142135623730951, 2.23606797749979, 2.23606797749979]"
images/dark/john_honey/short/B/dark_john_honey_short_B_2.jpg,4,True,True,84825507,"[1.0, 1.4142135623730951, 2.23606797749979, 2.23606797749979]"
images/dark/john_honey/short/B/dark_john_honey_short_B_3.jpg,3,True,False,86741615,"[1.0, 2.23606797749979, 3.0]"
images/dark/john_honey/short/B/dark_john_honey_short_B_4.jpg,4,True,True,80644396,"[1.0, 1.0, 1.0, 1.4142135623730951]"
images/dark/john_honey/short/C/dark_john_honey_short_C_0.jpg,4,True,True,80213589,"[1.0, 1.4142135623730951, 1.4142135623730951, 2.23606797749979]"
images/dark/john_honey/short/C/dark_john_honey_short_C_1.jpg,4,True,True,84146591,"[0.0, 0.0, 1.0, 1.0]"
images/dark/john_honey/short/C/dark_john_honey_short_C_2.jpg,4,True,True,86783861,"[1.0, 1.4142135623730951, 1.4142135623730951, 2.23606797749979]"
images/dark/john_honey/short/C/dark_john_honey_short_C_3.jpg,4,True,True,93730056,"[1.4142135623730951, 1.4142135623730951, 2.23606797749979, 2.23606797749979]"
images/dark/john_honey/short/C/dark_john_honey_short_C_4.jpg,4,True,True,88348886,"[1.0, 2.0, 2.8284271247461903, 4.0]"
images/dark/john_honey/short/D/dark_john_honey_short_D_0.jpg,4,True,True,88785623,"[0.0, 1.0, 2.0, 2.23606797749979]"
images/dark/john_honey/short/D/dark_john_honey_short_D_1.jpg,4,True,True,103458402,"[0.0, 1.0, 1.4142135623730951, 2.23606797749979]"
images/dark/john_honey/short/D/dark_john_honey_short_D_2.jpg,4,True,True,88993394,"[0.0, 2.0, 2.23606797749979, 3.1622776601683795]"
images/dark/john_honey/short/D/dark_john_honey_short_D_3.jpg,4,True,True,91870138,"[1.0, 1.0, 2.0, 2.8284271247461903]"
images/dark/john_honey/short/D/dark_john_honey_short_D_4.jpg,4,True,True,89127767,"[1.0, 1.4142135623730951, 2.8284271247461903, 4.47213595499958]"
images/dark/michaels/high/A/dark_michaels_high_A_0.jpg,4,True,True,88708907,"[1.0, 1.0, 2.23606797749979, 3.1622776601683795]"
images/dark/michaels/high/A/dark_michaels_high_A_1.jpg,4,True,True,86964248,"[0.0, 1.4142135623730951, 2.0, 2.23606797749979]"
images/dark/michaels/high/A/dark_michaels_high_A_2.jpg,4,True,True,82232486,"[0.0, 1.0, 1.4142135623730951, 2.0]"
images/dark/michaels/high/A/dark_michaels_high_A_3.jpg,4,True,True,84862406,"[1.0, 1.4142135623730951, 2.0, 2.0]"
images/dark/michaels/high/A/dark_michaels_high_A_4.jpg,4,True,True,77933492,"[1.0, 1.0, 1.4142135623730951, 1.4142135623730951]"
images/dark/michaels/high/B/dark_michaels_high_B_0.jpg,4,True,True,84358932,"[0.0, 1.0, 2.23606797749979, 3.1622776601683795]"
images/dark/michaels/high/B/dark_michaels_high_B_1.jpg,4,True,True,82073005,"[0.0, 1.0, 1.0, 2.23606797749979]"
images/dark/michaels/high/B/dark_michaels_high_B_2.jpg,2,True,False,88294609,"[2.0, 2.23606797749979]"
images/dark/michaels/high/B/dark_michaels_high_B_3.jpg,4,True,True,83607773,"[1.0, 1.0, 2.23606797749979, 3.1622776601683795]"
images/dark/michaels/high/B/dark_michaels_high_B_4.jpg,4,True,True,79774744,"[0.0, 1.4142135623730951, 2.0, 2.23606797749979]"
images/dark/michaels/high/C/dark_michaels_high_C_0.jpg,4,True,True,80115266,"[0.0, 1.0, 1.0, 3.0]"
images/dark/michaels/high/C/dark_michaels_high_C_1.jpg,4,True,True,76591965,"[1.0, 1.4142135623730951, 2.23606797749979, 2.23606797749979]"
images/dark/michaels/high/C/dark_michaels_high_C_2.jpg,4,True,True,84294762,"[1.0, 1.4142135623730951, 2.0, 2.23606797749979]"
images/dark/michaels/high/C/dark_michaels_high_C_3.jpg,4,True,True,81273085,"[1.0, 1.0, 1.4142135623730951, 2.0]"
images/dark/michaels/high/C/dark_michaels_high_C_4.jpg,4,True,True,81962076,"[0.0, 1.4142135623730951, 2.0, 2.0]"
images/dark/michaels/high/D/dark_michaels_high_D_0.jpg,4,True,True,85568983,"[1.0, 1.0, 1.4142135623730951, 3.1622776601683795]"
images/dark/michaels/high/D/dark_michaels_high_D_1.jpg,4,True,True,90549141,"[1.0, 1.4142135623730951, 2.23606797749979, 2.23606797749979]"
images/dark/michaels/high/D/dark_michaels_high_D_2.jpg,4,True,True,81355268,"[1.4142135623730951, 2.23606797749979, 2.23606797749979, 3.0]"
images/dark/michaels/high/D/dark_michaels_high_D_3.jpg,3,True,False,77903637,"[2.0, 2.23606797749979, 2.23606797749979]"
images/dark/michaels/high/D/dark_michaels_high_D_4.jpg,4,True,True,75047851,"[1.0, 1.4142135623730951, 1.4142135623730951, 2.23606797749979]"
images/dark/michaels/medium/A/dark_michaels_medium_A_0.jpg,4,True,True,85230084,"[0.0, 1.0, 1.0, 2.23606797749979]"
images/dark/michaels/medium/A/dark_michaels_medium_A_1.jpg,4,True,True,91344273,"[1.4142135623730951, 1.4142135623730951, 2.0, 2.23606797749979]"
images/dark/michaels/medium/A/dark_michaels_medium_A_2.jpg,4,True,True,88836497,"[1.0, 2.0, 3.0, 3.1622776601683795]"
images/dark/michaels/medium/A/dark_michaels_medium_A_3.jpg,4,True,True,87419081,"[0.0, 2.23606797749979, 2.23606797749979, 2.23606797749979]"
images/dark/michaels/medium/A/dark_michaels_medium_A_4.jpg,4,True,True,82036366,"[1.4142135623730951, 2.23606797749979, 2.23606797749979, 3.1622776601683795]"
images/dark/michaels/medium/B/dark_michaels_medium_B_0.jpg,4,True,True,82311131,"[0.0, 1.4142135623730951, 2.0, 2.23606797749979]"
images/dark/michaels/medium/B/dark_michaels_medium_B_1.jpg,4,True,True,90332624,"[0.0, 1.0, 1.0, 2.0]"
images/dark/michaels/medium/B/dark_michaels_medium_B_2.jpg,4,True,True,87168749,"[1.0, 2.23606797749979, 2.8284271247461903, 2.8284271247461903]"
images/dark/michaels/medium/B/dark_michaels_medium_B_3.jpg,4,True,True,85466323,"[1.0, 1.0, 1.0, 2.23606797749979]"
images/dark/michaels/medium/B/dark_michaels_medium_B_4.jpg,4,True,True,74677156,"[1.0, 1.4142135623730951, 1.4142135623730951, 2.0]"
images/dark/michaels/medium/C/dark_michaels_medium_C_0.jpg,4,True,True,82608197,"[1.0, 1.0, 1.0, 2.0]"
images/dark/michaels/medium/C/dark_michaels_medium_C_1.jpg,4,True,True,83722696,"[0.0, 1.0, 2.0, 2.0]"
images/dark/michaels/medium/C/dark_michaels_medium_C_2.jpg,4,True,True,90768979,"[0.0, 1.0, 1.4142135623730951, 2.23606797749979]"
images/dark/michaels/medium/C/dark_michaels_medium_C_3.jpg,4,True,True,91682378,"[1.0, 1.4142135623730951, 1.4142135623730951, 2.0]"
images/dark/michaels/medium/C/dark_michaels_medium_C_4.jpg,4,True,True,86834485,"[1.0, 1.4142135623730951, 2.0, 2.0]"
images/dark/michaels/medium/D/dark_michaels_medium_D_0.jpg,4,True,True,86246200,"[2.0, 2.23606797749979, 2.23606797749979, 2.8284271247461903]"
images/dark/michaels/medium/D/dark_michaels_medium_D_1.jpg,4,True,True,91025722,"[1.0, 1.0, 1.4142135623730951, 3.1622776601683795]"
images/dark/michaels/medium/D/dark_michaels_medium_D_2.jpg,4,True,True,89109639,"[1.0, 1.0, 1.4142135623730951, 2.0]"
images/dark/michaels/medium/D/dark_michaels_medium_D_3.jpg,4,True,True,89540230,"[1.0, 1.0, 1.4142135623730951, 2.0]"
images/dark/michaels/medium/D/dark_michaels_medium_D_4.jpg,4,True,True,85873236,"[0.0, 1.0, 2.0, 2.23606797749979]"
images/dark/michaels/short/A/dark_michaels_short_A_0.jpg,4,True,True,83384888,"[0.0, 1.0, 1.0, 2.8284271247461903]"
images/dark/michaels/short/A/dark_michaels_short_A_1.jpg,4,True,True,88454200,"[1.4142135623730951, 1.4142135623730951, 1.4142135623730951, 2.0]"
images/dark/michaels/short/A/dark_michaels_short_A_2.jpg,3,True,False,84739246,"[1.0, 2.0, 2.0]"
images/dark/michaels/short/A/dark_michaels_short_A_3.jpg,4,True,True,84086062,"[1.0, 1.4142135623730951, 3.1622776601683795, 3.1622776601683795]"
images/dark/michaels/short/A/dark_michaels_short_A_4.jpg,4,True,True,85653052,"[1.0, 1.4142135623730951, 2.23606797749979, 2.8284271247461903]"
images/dark/michaels/short/B/dark_michaels_short_B_0.jpg,4,True,True,93675012,"[1.0, 2.23606797749979, 3.1622776601683795, 4.242640687119285]"
images/dark/michaels/short/B/dark_michaels_short_B_1.jpg,4,True,True,94008247,"[1.4142135623730951, 2.23606797749979, 3.0, 3.1622776601683795]"
images/dark/michaels/short/B/dark_michaels_short_B_2.jpg,4,True,True,87769248,"[1.4142135623730951, 1.4142135623730951, 1.4142135623730951, 1.4142135623730951]"
images/dark/michaels/short/B/dark_michaels_short_B_3.jpg,4,True,True,89734706,"[0.0, 1.0, 1.4142135623730951, 3.1622776601683795]"
images/dark/michaels/short/B/dark_michaels_short_B_4.jpg,4,True,True,79842081,"[0.0, 1.4142135623730951, 2.0, 2.23606797749979]"
images/dark/michaels/short/C/dark_michaels_short_C_0.jpg,4,True,True,85149041,"[1.4142135623730951, 2.0, 3.0, 3.0]"
images/dark/michaels/short/C/dark_michaels_short_C_1.jpg,4,True,True,87891817,"[1.0, 2.8284271247461903, 2.8284271247461903, 3.0]"
images/dark/michaels/short/C/dark_michaels_short_C_2.jpg,4,True,True,86100992,"[0.0, 1.4142135623730951, 1.4142135623730951, 2.0]"
images/dark/michaels/short/C/dark_michaels_short_C_3.jpg,4,True,True,93329534,"[0.0, 1.0, 1.4142135623730951, 2.23606797749979]"
images/dark/michaels/short/C/dark_michaels_short_C_4.jpg,4,True,True,81959653,"[0.0, 0.0, 0.0, 1.0]"
images/dark/michaels/short/D/dark_michaels_short_D_0.jpg,4,True,True,84256992,"[1.0, 1.0, 1.4142135623730951, 1.4142135623730951]"
images/dark/michaels/short/D/dark_michaels_short_D_1.jpg,4,True,True,96177265,"[1.0, 1.4142135623730951, 2.23606797749979, 3.1622776601683795]"
images/dark/michaels/short/D/dark_michaels_short_D_2.jpg,4,True,True,90421974,"[1.0, 1.0, 1.4142135623730951, 2.0]"
images/dark/michaels/short/D/dark_michaels_short_D_3.jpg,4,True,True,90637929,"[2.0, 2.0, 2.23606797749979, 3.1622776601683795]"
images/dark/michaels/short/D/dark_michaels_short_D_4.jpg,4,True,True,84652495,"[1.4142135623730951, 1.4142135623730951, 2.23606797749979, 2.23606797749979]"
