,0,1,2,3,4
images/custom/davids/high/A/custom_davids_high_A_0.jpg,4,True,True,27417877,"[0.0, 1.0, 1.0, 1.0]"
images/custom/davids/high/A/custom_davids_high_A_1.jpg,5,True,False,35324099,"[1.0, 1.0, 1.0, 2.23606797749979, 906.5208216031224]"
images/custom/davids/high/A/custom_davids_high_A_2.jpg,4,True,True,26373931,"[0.0, 1.0, 1.0, 1.4142135623730951]"
images/custom/davids/high/A/custom_davids_high_A_3.jpg,4,True,True,47483032,"[1.0, 1.0, 2.0, 2.23606797749979]"
images/custom/davids/high/A/custom_davids_high_A_4.jpg,4,True,True,29856018,"[1.0, 1.0, 1.4142135623730951, 2.0]"
images/custom/davids/high/B/custom_davids_high_B_0.jpg,4,True,True,39372710,"[1.0, 1.0, 1.4142135623730951, 2.23606797749979]"
images/custom/davids/high/B/custom_davids_high_B_1.jpg,4,True,True,40918444,"[0.0, 1.0, 1.4142135623730951, 2.23606797749979]"
images/custom/davids/high/B/custom_davids_high_B_2.jpg,4,True,True,35643427,"[1.0, 1.0, 1.4142135623730951, 2.0]"
images/custom/davids/high/B/custom_davids_high_B_3.jpg,4,True,True,31215076,"[1.0, 1.0, 1.4142135623730951, 1.4142135623730951]"
images/custom/davids/high/B/custom_davids_high_B_4.jpg,4,True,True,25909358,"[1.0, 1.0, 2.0, 2.23606797749979]"
images/custom/davids/high/C/custom_davids_high_C_0.jpg,3,True,False,32550964,"[0.0, 1.4142135623730951, 2.8284271247461903]"
images/custom/davids/high/C/custom_davids_high_C_1.jpg,3,True,False,34689388,"[0.0, 1.0, 1.0]"
images/custom/davids/high/C/custom_davids_high_C_2.jpg,3,True,False,37565046,"[0.0, 0.0, 1.0]"
images/custom/davids/high/C/custom_davids_high_C_3.jpg,3,True,False,27428007,"[1.0, 1.0, 1.0]"
images/custom/davids/high/C/custom_davids_high_C_4.jpg,4,True,True,24707433,"[1.4142135623730951, 1.4142135623730951, 2.0, 2.23606797749979]"
images/custom/davids/high/D/custom_davids_high_D_0.jpg,4,True,True,33321479,"[1.4142135623730951, 1.4142135623730951, 1.4142135623730951, 2.23606797749979]"
images/custom/davids/high/D/custom_davids_high_D_1.jpg,4,True,True,39489009,"[0.0, 1.0, 1.0, 1.4142135623730951]"
images/custom/davids/high/D/custom_davids_high_D_2.jpg,4,True,True,52165210,"[1.0, 1.4142135623730951, 2.23606797749979, 2.23606797749979]"
images/custom/davids/high/D/custom_davids_high_D_3.jpg,4,True,True,38623424,"[0.0, 1.0, 1.0, 1.4142135623730951]"
images/custom/davids/high/D/custom_davids_high_D_4.jpg,4,True,True,25355498,"[1.0, 1.0, 2.0, 2.23606797749979]"
images/custom/davids/medium/A/custom_davids_medium_A_0.jpg,4,True,True,31427908,"[1.0, 1.0, 1.0, 1.0]"
images/custom/davids/medium/A/custom_davids_medium_A_1.jpg,4,True,True,32304083,"[1.0, 2.0, 2.0, 2.23606797749979]"
images/custom/davids/medium/A/custom_davids_medium_A_2.jpg,4,True,True,32407277,"[1.4142135623730951, 1.4142135623730951, 2.23606797749979, 2.23606797749979]"
images/custom/davids/medium/A/custom_davids_medium_A_3.jpg,4,True,True,32355547,"[0.0, 1.0, 1.4142135623730951, 2.0]"
images/custom/davids/medium/A/custom_davids_medium_A_4.jpg,4,True,True,29849682,"[0.0, 1.4142135623730951, 2.0, 2.23606797749979]"
images/custom/davids/medium/B/custom_davids_medium_B_0.jpg,4,True,True,35006683,"[0.0, 0.0, 2.23606797749979, 2.23606797749979]"
images/custom/davids/medium/B/custom_davids_medium_B_1.jpg,4,True,True,30785130,"[0.0, 0.0, 1.4142135623730951, 2.23606797749979]"
images/custom/davids/medium/B/custom_davids_medium_B_2.jpg,4,True,True,33893236,"[0.0, 1.0, 1.0, 1.0]"
images/custom/davids/medium/B/custom_davids_medium_B_3.jpg,4,True,True,37365514,"[0.0, 0.0, 1.0, 1.0]"
images/custom/davids/medium/B/custom_davids_medium_B_4.jpg,4,True,True,30717086,"[1.0, 1.0, 1.0, 1.0]"
images/custom/davids/medium/C/custom_davids_medium_C_0.jpg,4,True,True,31748339,"[1.0, 1.0, 1.4142135623730951, 1.4142135623730951]"
images/custom/davids/medium/C/custom_davids_medium_C_1.jpg,4,True,True,29712251,"[1.0, 1.0, 1.4142135623730951, 2.23606797749979]"
images/custom/davids/medium/C/custom_davids_medium_C_2.jpg,3,True,False,31369267,"[0.0, 1.0, 2.0]"
images/custom/davids/medium/C/custom_davids_medium_C_3.jpg,3,True,False,23764568,"[1.4142135623730951, 2.23606797749979, 2.23606797749979]"
images/custom/davids/medium/C/custom_davids_medium_C_4.jpg,3,True,False,28992382,"[1.0, 1.4142135623730951, 1.4142135623730951]"
images/custom/davids/medium/D/custom_davids_medium_D_0.jpg,4,True,True,26933781,"[1.4142135623730951, 1.4142135623730951, 1.4142135623730951, 2.23606797749979]"
images/custom/davids/medium/D/custom_davids_medium_D_1.jpg,4,True,True,29663737,"[1.0, 1.0, 2.23606797749979, 2.23606797749979]"
images/custom/davids/medium/D/custom_davids_medium_D_2.jpg,4,True,True,32067317,"[1.0, 1.0, 1.4142135623730951, 3.0]"
images/custom/davids/medium/D/custom_davids_medium_D_3.jpg,4,True,True,36131007,"[1.0, 1.0, 1.0, 2.23606797749979]"
images/custom/davids/medium/D/custom_davids_medium_D_4.jpg,4,True,True,27505270,"[0.0, 1.0, 1.0, 1.0]"
images/custom/davids/short/A/custom_davids_short_A_0.jpg,4,True,True,31460049,"[1.0, 1.0, 1.4142135623730951, 2.23606797749979]"
images/custom/davids/short/A/custom_davids_short_A_1.jpg,4,True,True,31818679,"[1.0, 1.0, 1.4142135623730951, 2.23606797749979]"
images/custom/davids/short/A/custom_davids_short_A_2.jpg,4,True,True,35239618,"[1.0, 1.0, 1.0, 3.1622776601683795]"
images/custom/davids/short/A/custom_davids_short_A_3.jpg,4,True,True,33093132,"[0.0, 1.0, 1.4142135623730951, 2.0]"
images/custom/davids/short/A/custom_davids_short_A_4.jpg,4,True,True,25978973,"[0.0, 1.4142135623730951, 2.23606797749979, 2.23606797749979]"
images/custom/davids/short/B/custom_davids_short_B_0.jpg,12,True,False,33857095,"[1.0, 1.0, 1.4142135623730951, 3.0, 286.6810073932349, 303.29523570277195, 316.36213427020624, 318.7789202566569, 325.25989608311687, 334.43235489408016, 356.6791275081849, 365.08766070630213]"
images/custom/davids/short/B/custom_davids_short_B_1.jpg,3,True,False,35313129,"[0.0, 1.0, 1.0]"
images/custom/davids/short/B/custom_davids_short_B_2.jpg,4,True,True,33422338,"[0.0, 1.0, 1.0, 2.23606797749979]"
images/custom/davids/short/B/custom_davids_short_B_3.jpg,4,True,True,38450890,"[1.0, 1.0, 1.4142135623730951, 2.0]"
images/custom/davids/short/B/custom_davids_short_B_4.jpg,4,True,True,26704909,"[0.0, 1.0, 1.0, 2.23606797749979]"
images/custom/davids/short/C/custom_davids_short_C_0.jpg,2,True,False,35263440,"[1.0, 2.0]"
images/custom/davids/short/C/custom_davids_short_C_1.jpg,3,True,False,33891408,"[0.0, 0.0, 2.0]"
images/custom/davids/short/C/custom_davids_short_C_2.jpg,12,False,False,28663985,"[1.0, 2.0, 2.0, 257.8003103178893, 275.04545078950133, 288.1700886629284, 288.334874755032, 300.3747659175118, 315.3696244092002, 329.21877224727024, 329.802971484491, 343.4020966738555]"
images/custom/davids/short/C/custom_davids_short_C_3.jpg,4,True,True,29878873,"[1.0, 1.4142135623730951, 2.23606797749979, 2.23606797749979]"
images/custom/davids/short/C/custom_davids_short_C_4.jpg,4,True,True,35206953,"[0.0, 1.4142135623730951, 2.23606797749979, 2.23606797749979]"
images/custom/davids/short/D/custom_davids_short_D_0.jpg,4,True,True,29605982,"[0.0, 0.0, 1.0, 1.4142135623730951]"
images/custom/davids/short/D/custom_davids_short_D_1.jpg,4,True,True,34107974,"[0.0, 1.0, 1.4142135623730951, 2.23606797749979]"
images/custom/davids/short/D/custom_davids_short_D_2.jpg,4,True,True,28666980,"[0.0, 0.0, 0.0, 1.0]"
images/custom/davids/short/D/custom_davids_short_D_3.jpg,11,True,False,28343462,"[0.0, 1.0, 1.0, 2.0, 318.5545479191908, 337.8579583197649, 339.3287491504367, 351.0056979594491, 358.82586305894955, 368.9173349139343, 398.5774705123209]"
images/custom/davids/short/D/custom_davids_short_D_4.jpg,4,True,True,30669760,"[1.0, 1.0, 1.0, 1.0]"
images/custom/jack_cole/high/A/custom_jack_cole_high_A_0.jpg,4,True,True,21461059,"[0.0, 1.0, 1.4142135623730951, 2.23606797749979]"
images/custom/jack_cole/high/A/custom_jack_cole_high_A_1.jpg,4,True,True,25767983,"[0.0, 1.0, 1.0, 2.23606797749979]"
images/custom/jack_cole/high/A/custom_jack_cole_high_A_2.jpg,4,True,True,18742116,"[1.4142135623730951, 1.4142135623730951, 2.0, 2.23606797749979]"
images/custom/jack_cole/high/A/custom_jack_cole_high_A_3.jpg,4,True,True,20885177,"[1.0, 1.0, 1.0, 1.4142135623730951]"
images/custom/jack_cole/high/A/custom_jack_cole_high_A_4.jpg,4,True,True,22708428,"[0.0, 1.0, 2.0, 2.23606797749979]"
images/custom/jack_cole/high/B/custom_jack_cole_high_B_0.jpg,4,True,True,22524434,"[1.0, 1.0, 1.0, 1.4142135623730951]"
images/custom/jack_cole/high/B/custom_jack_cole_high_B_1.jpg,4,True,True,28485101,"[1.0, 1.4142135623730951, 1.4142135623730951, 1.4142135623730951]"
images/custom/jack_cole/high/B/custom_jack_cole_high_B_2.jpg,4,True,True,30236532,"[1.0, 1.4142135623730951, 2.0, 2.23606797749979]"
images/custom/jack_cole/high/B/custom_jack_cole_high_B_3.jpg,4,True,True,32376688,"[0.0, 1.0, 1.4142135623730951, 1.4142135623730951]"
images/custom/jack_cole/high/B/custom_jack_cole_high_B_4.jpg,4,True,True,22586760,"[0.0, 1.0, 1.0, 1.0]"
images/custom/jack_cole/high/C/custom_jack_cole_high_C_0.jpg,3,True,False,20665475,"[1.4142135623730951, 2.0, 2.23606797749979]"
images/custom/jack_cole/high/C/custom_jack_cole_high_C_1.jpg,3,True,False,22947113,"[1.0, 1.0, 1.4142135623730951]"
images/custom/jack_cole/high/C/custom_jack_cole_high_C_2.jpg,3,True,False,35204278,"[0.0, 1.0, 2.23606797749979]"
images/custom/jack_cole/high/C/custom_jack_cole_high_C_3.jpg,3,True,False,35918786,"[1.0, 1.4142135623730951, 2.23606797749979]"
images/custom/jack_cole/high/C/custom_jack_cole_high_C_4.jpg,3,True,False,16571425,"[0.0, 1.0, 1.4142135623730951]"
images/custom/jack_cole/high/D/custom_jack_cole_high_D_0.jpg,4,True,True,21768483,"[1.4142135623730951, 2.0, 2.23606797749979, 2.23606797749979]"
images/custom/jack_cole/high/D/custom_jack_cole_high_D_1.jpg,4,True,True,22933347,"[0.0, 1.0, 2.0, 2.23606797749979]"
images/custom/jack_cole/high/D/custom_jack_cole_high_D_2.jpg,4,True,True,30025154,"[1.0, 1.4142135623730951, 1.4142135623730951, 2.23606797749979]"
images/custom/jack_cole/high/D/custom_jack_cole_high_D_3.jpg,4,True,True,27734512,"[1.0, 1.0, 1.4142135623730951, 2.23606797749979]"
images/custom/jack_cole/high/D/custom_jack_cole_high_D_4.jpg,4,True,True,19903016,"[1.0, 1.0, 1.0, 2.0]"
images/custom/jack_cole/medium/A/custom_jack_cole_medium_A_0.jpg,4,True,True,19580961,"[1.0, 1.0, 1.0, 1.4142135623730951]"
images/custom/jack_cole/medium/A/custom_jack_cole_medium_A_1.jpg,4,True,True,17518803,"[1.0, 2.23606797749979, 2.23606797749979, 3.0]"
images/custom/jack_cole/medium/A/custom_jack_cole_medium_A_2.jpg,4,True,True,22266519,"[1.0, 1.0, 1.0, 2.23606797749979]"
images/custom/jack_cole/medium/A/custom_jack_cole_medium_A_3.jpg,4,True,True,26871308,"[0.0, 0.0, 1.4142135623730951, 2.23606797749979]"
images/custom/jack_cole/medium/A/custom_jack_cole_medium_A_4.jpg,4,True,True,18954597,"[1.0, 1.4142135623730951, 2.0, 2.23606797749979]"
images/custom/jack_cole/medium/B/custom_jack_cole_medium_B_0.jpg,4,True,True,19301689,"[1.0, 1.0, 1.4142135623730951, 1.4142135623730951]"
images/custom/jack_cole/medium/B/custom_jack_cole_medium_B_1.jpg,4,True,True,19029174,"[0.0, 1.0, 2.23606797749979, 2.8284271247461903]"
images/custom/jack_cole/medium/B/custom_jack_cole_medium_B_2.jpg,4,True,True,17629085,"[1.0, 1.0, 2.0, 2.23606797749979]"
images/custom/jack_cole/medium/B/custom_jack_cole_medium_B_3.jpg,4,True,True,20436097,"[2.23606797749979, 2.23606797749979, 2.23606797749979, 3.0]"
images/custom/jack_cole/medium/B/custom_jack_cole_medium_B_4.jpg,4,True,True,14521696,"[1.0, 1.0, 2.23606797749979, 3.1622776601683795]"
images/custom/jack_cole/medium/C/custom_jack_cole_medium_C_0.jpg,3,True,False,20302324,"[1.0, 1.4142135623730951, 2.8284271247461903]"
images/custom/jack_cole/medium/C/custom_jack_cole_medium_C_1.jpg,3,True,False,15381095,"[0.0, 2.8284271247461903, 3.0]"
images/custom/jack_cole/medium/C/custom_jack_cole_medium_C_2.jpg,3,True,False,24986339,"[1.0, 1.0, 2.0]"
images/custom/jack_cole/medium/C/custom_jack_cole_medium_C_3.jpg,3,True,False,23403741,"[2.0, 2.23606797749979, 2.23606797749979]"
images/custom/jack_cole/medium/C/custom_jack_cole_medium_C_4.jpg,3,True,False,22079090,"[1.4142135623730951, 2.23606797749979, 2.23606797749979]"
images/custom/jack_cole/medium/D/custom_jack_cole_medium_D_0.jpg,4,True,True,20500804,"[2.0, 2.0, 2.23606797749979, 3.0]"
images/custom/jack_cole/medium/D/custom_jack_cole_medium_D_1.jpg,4,True,True,24357908,"[1.0, 1.0, 1.4142135623730951, 2.0]"
images/custom/jack_cole/medium/D/custom_jack_cole_medium_D_2.jpg,4,True,True,19902285,"[1.0, 1.0, 1.0, 2.0]"
images/custom/jack_cole/medium/D/custom_jack_cole_medium_D_3.jpg,4,True,True,22135783,"[1.0, 1.4142135623730951, 1.4142135623730951, 2.23606797749979]"
images/custom/jack_cole/medium/D/custom_jack_cole_medium_D_4.jpg,4,True,True,19004780,"[1.0, 1.4142135623730951, 1.4142135623730951, 2.23606797749979]"
images/custom/jack_cole/short/A/custom_jack_cole_short_A_0.jpg,4,True,True,19059161,"[1.0, 2.23606797749979, 3.1622776601683795, 3.605551275463989]"
images/custom/jack_cole/short/A/custom_jack_cole_short_A_1.jpg,4,True,True,19609694,"[2.0, 2.23606797749979, 3.0, 3.0]"
images/custom/jack_cole/short/A/custom_jack_cole_short_A_2.jpg,4,True,True,20023230,"[0.0, 1.0, 1.4142135623730951, 1.4142135623730951]"
images/custom/jack_cole/short/A/custom_jack_cole_short_A_3.jpg,5,True,False,22089857,"[1.4142135623730951, 1.4142135623730951, 2.8284271247461903, 3.1622776601683795, 501.2434538225911]"
images/custom/jack_cole/short/A/custom_jack_cole_short_A_4.jpg,4,True,True,17386145,"[1.4142135623730951, 2.23606797749979, 2.23606797749979, 3.605551275463989]"
images/custom/jack_cole/short/B/custom_jack_cole_short_B_0.jpg,4,True,True,18679479,"[1.0, 1.0, 2.0, 2.23606797749979]"
images/custom/jack_cole/short/B/custom_jack_cole_short_B_1.jpg,4,True,True,23640721,"[0.0, 1.0, 1.0, 2.0]"
images/custom/jack_cole/short/B/custom_jack_cole_short_B_2.jpg,4,True,True,22099895,"[1.0, 1.0, 1.4142135623730951, 2.23606797749979]"
images/custom/jack_cole/short/B/custom_jack_cole_short_B_3.jpg,4,True,True,23879714,"[0.0, 1.0, 1.4142135623730951, 2.0]"
images/custom/jack_cole/short/B/custom_jack_cole_short_B_4.jpg,4,True,True,16181445,"[0.0, 1.0, 1.4142135623730951, 2.8284271247461903]"
images/custom/jack_cole/short/C/custom_jack_cole_short_C_0.jpg,3,True,False,17630692,"[1.0, 1.0, 2.23606797749979]"
images/custom/jack_cole/short/C/custom_jack_cole_short_C_1.jpg,3,True,False,16497148,"[1.0, 1.4142135623730951, 3.0]"
images/custom/jack_cole/short/C/custom_jack_cole_short_C_2.jpg,3,True,False,21783300,"[1.4142135623730951, 2.0, 2.23606797749979]"
images/custom/jack_cole/short/C/custom_jack_cole_short_C_3.jpg,3,True,False,19343056,"[2.0, 2.23606797749979, 3.1622776601683795]"
images/custom/jack_cole/short/C/custom_jack_cole_short_C_4.jpg,3,True,False,16582699,"[1.0, 2.8284271247461903, 3.0]"
images/custom/jack_cole/short/D/custom_jack_cole_short_D_0.jpg,4,True,True,19581221,"[0.0, 1.4142135623730951, 2.0, 2.23606797749979]"
images/custom/jack_cole/short/D/custom_jack_cole_short_D_1.jpg,4,True,True,19286469,"[0.0, 1.4142135623730951, 2.0, 2.23606797749979]"
images/custom/jack_cole/short/D/custom_jack_cole_short_D_2.jpg,4,True,True,20897644,"[1.0, 1.0, 1.4142135623730951, 1.4142135623730951]"
images/custom/jack_cole/short/D/custom_jack_cole_short_D_3.jpg,4,True,True,19797266,"[0.0, 2.23606797749979, 2.23606797749979, 3.1622776601683795]"
images/custom/jack_cole/short/D/custom_jack_cole_short_D_4.jpg,4,True,True,14518338,"[2.0, 2.23606797749979, 2.8284271247461903, 2.8284271247461903]"
images/custom/john_honey/high/A/custom_john_honey_high_A_0.jpg,4,True,True,56873728,"[0.0, 0.0, 2.23606797749979, 3.0]"
images/custom/john_honey/high/A/custom_john_honey_high_A_1.jpg,5,True,False,60848149,"[1.4142135623730951, 1.4142135623730951, 1.4142135623730951, 2.23606797749979, 98.97979591815695]"
images/custom/john_honey/high/A/custom_john_honey_high_A_2.jpg,4,True,True,51170464,"[0.0, 1.0, 1.4142135623730951, 1.4142135623730951]"
images/custom/john_honey/high/A/custom_john_honey_high_A_3.jpg,4,True,True,44627473,"[0.0, 1.0, 2.23606797749979, 2.8284271247461903]"
images/custom/john_honey/high/A/custom_john_honey_high_A_4.jpg,4,True,True,39628666,"[0.0, 1.0, 1.4142135623730951, 1.4142135623730951]"
images/custom/john_honey/high/B/custom_john_honey_high_B_0.jpg,4,True,True,53755402,"[1.0, 1.0, 2.0, 2.0]"
images/custom/john_honey/high/B/custom_john_honey_high_B_1.jpg,4,True,True,46642862,"[1.0, 1.4142135623730951, 1.4142135623730951, 2.0]"
images/custom/john_honey/high/B/custom_john_honey_high_B_2.jpg,4,True,True,37515205,"[1.0, 2.0, 2.0, 3.1622776601683795]"
images/custom/john_honey/high/B/custom_john_honey_high_B_3.jpg,4,True,True,49364804,"[0.0, 1.4142135623730951, 2.0, 3.0]"
images/custom/john_honey/high/B/custom_john_honey_high_B_4.jpg,4,True,True,32863433,"[1.0, 1.0, 1.0, 1.4142135623730951]"
images/custom/john_honey/high/C/custom_john_honey_high_C_0.jpg,3,True,False,41260810,"[1.0, 1.4142135623730951, 2.0]"
images/custom/john_honey/high/C/custom_john_honey_high_C_1.jpg,3,True,False,41587433,"[1.0, 1.0, 2.23606797749979]"
images/custom/john_honey/high/C/custom_john_honey_high_C_2.jpg,2,True,False,38958731,"[0.0, 1.0]"
images/custom/john_honey/high/C/custom_john_honey_high_C_3.jpg,2,True,False,55936851,"[0.0, 1.0]"
images/custom/john_honey/high/C/custom_john_honey_high_C_4.jpg,3,True,False,39610663,"[1.0, 1.4142135623730951, 1.4142135623730951]"
images/custom/john_honey/high/D/custom_john_honey_high_D_0.jpg,4,True,True,58653175,"[0.0, 1.0, 1.0, 1.4142135623730951]"
images/custom/john_honey/high/D/custom_john_honey_high_D_1.jpg,4,True,True,52257943,"[1.0, 1.0, 2.0, 2.23606797749979]"
images/custom/john_honey/high/D/custom_john_honey_high_D_2.jpg,4,True,True,51526448,"[0.0, 1.0, 2.0, 2.23606797749979]"
images/custom/john_honey/high/D/custom_john_honey_high_D_3.jpg,4,True,True,50776515,"[0.0, 1.0, 1.4142135623730951, 2.23606797749979]"
images/custom/john_honey/high/D/custom_john_honey_high_D_4.jpg,4,True,True,50783948,"[1.0, 1.0, 2.0, 2.23606797749979]"
images/custom/john_honey/medium/A/custom_john_honey_medium_A_0.jpg,4,True,True,37501298,"[0.0, 1.0, 1.0, 1.0]"
images/custom/john_honey/medium/A/custom_john_honey_medium_A_1.jpg,4,True,True,29482627,"[0.0, 1.0, 1.0, 1.4142135623730951]"
images/custom/john_honey/medium/A/custom_john_honey_medium_A_2.jpg,4,True,True,37753339,"[0.0, 1.0, 1.0, 1.4142135623730951]"
images/custom/john_honey/medium/A/custom_john_honey_medium_A_3.jpg,4,True,True,27932672,"[1.0, 1.0, 1.4142135623730951, 1.4142135623730951]"
images/custom/john_honey/medium/A/custom_john_honey_medium_A_4.jpg,4,True,True,25334934,"[1.0, 1.0, 1.4142135623730951, 1.4142135623730951]"
images/custom/john_honey/medium/B/custom_john_honey_medium_B_0.jpg,4,True,True,36313662,"[1.0, 1.0, 1.0, 1.4142135623730951]"
images/custom/john_honey/medium/B/custom_john_honey_medium_B_1.jpg,2,True,False,30823002,"[1.0, 2.23606797749979]"
images/custom/john_honey/medium/B/custom_john_honey_medium_B_2.jpg,4,True,True,28429456,"[0.0, 1.4142135623730951, 2.23606797749979, 2.23606797749979]"
images/custom/john_honey/medium/B/custom_john_honey_medium_B_3.jpg,4,True,True,31736026,"[0.0, 1.0, 2.0, 2.8284271247461903]"
images/custom/john_honey/medium/B/custom_john_honey_medium_B_4.jpg,4,True,True,31867082,"[1.0, 1.0, 1.4142135623730951, 3.1622776601683795]"
images/custom/john_honey/medium/C/custom_john_honey_medium_C_0.jpg,3,True,False,29344639,"[1.0, 1.4142135623730951, 1.4142135623730951]"
images/custom/john_honey/medium/C/custom_john_honey_medium_C_1.jpg,3,True,False,28422613,"[1.0, 1.4142135623730951, 1.4142135623730951]"
images/custom/john_honey/medium/C/custom_john_honey_medium_C_2.jpg,3,True,False,39394867,"[1.0, 1.4142135623730951, 3.0]"
images/custom/john_honey/medium/C/custom_john_honey_medium_C_3.jpg,3,True,False,26991980,"[0.0, 1.4142135623730951, 2.23606797749979]"
images/custom/john_honey/medium/C/custom_john_honey_medium_C_4.jpg,3,True,False,24830151,"[1.0, 1.0, 1.0]"
images/custom/john_honey/medium/D/custom_john_honey_medium_D_0.jpg,4,True,True,28422580,"[0.0, 1.0, 1.4142135623730951, 2.23606797749979]"
images/custom/john_honey/medium/D/custom_john_honey_medium_D_1.jpg,4,True,True,35980958,"[0.0, 1.0, 1.4142135623730951, 1.4142135623730951]"
images/custom/john_honey/medium/D/custom_john_honey_medium_D_2.jpg,4,True,True,32789321,"[0.0, 1.0, 1.4142135623730951, 1.4142135623730951]"
images/custom/john_honey/medium/D/custom_john_honey_medium_D_3.jpg,4,True,True,28710001,"[0.0, 1.0, 1.0, 2.23606797749979]"
images/custom/john_honey/medium/D/custom_john_honey_medium_D_4.jpg,4,True,True,24235840,"[1.0, 1.4142135623730951, 2.23606797749979, 2.23606797749979]"
images/custom/john_honey/short/A/custom_john_honey_short_A_0.jpg,4,True,True,27629163,"[0.0, 1.0, 1.4142135623730951, 2.0]"
images/custom/john_honey/short/A/custom_john_honey_short_A_1.jpg,4,True,True,26045437,"[1.0, 1.4142135623730951, 2.23606797749979, 3.0]"
images/custom/john_honey/short/A/custom_john_honey_short_A_2.jpg,4,True,True,28208194,"[1.0, 1.0, 1.4142135623730951, 2.0]"
images/custom/john_honey/short/A/custom_john_honey_short_A_3.jpg,4,True,True,34837430,"[1.0, 1.4142135623730951, 2.0, 2.0]"
images/custom/john_honey/short/A/custom_john_honey_short_A_4.jpg,4,True,True,30575829,"[0.0, 1.4142135623730951, 2.23606797749979, 2.23606797749979]"
images/custom/john_honey/short/B/custom_john_honey_short_B_0.jpg,4,True,True,35816629,"[1.0, 1.0, 2.23606797749979, 2.23606797749979]"
images/custom/john_honey/short/B/custom_john_honey_short_B_1.jpg,4,True,True,33963842,"[0.0, 2.0, 2.23606797749979, 3.0]"
images/custom/john_honey/short/B/custom_john_honey_short_B_2.jpg,4,True,True,23557943,"[1.0, 1.0, 1.4142135623730951, 1.4142135623730951]"
images/custom/john_honey/short/B/custom_john_honey_short_B_3.jpg,4,True,True,27521022,"[1.0, 1.0, 1.0, 3.0]"
images/custom/john_honey/short/B/custom_john_honey_short_B_4.jpg,4,True,True,22445373,"[1.0, 1.0, 1.0, 1.4142135623730951]"
images/custom/john_honey/short/C/custom_john_honey_short_C_0.jpg,4,True,True,28740148,"[0.0, 1.4142135623730951, 1.4142135623730951, 2.0]"
images/custom/john_honey/short/C/custom_john_honey_short_C_1.jpg,3,True,False,27766752,"[0.0, 1.0, 2.23606797749979]"
images/custom/john_honey/short/C/custom_john_honey_short_C_2.jpg,3,True,False,28127178,"[1.0, 1.4142135623730951, 2.23606797749979]"
images/custom/john_honey/short/C/custom_john_honey_short_C_3.jpg,3,True,False,23125169,"[1.0, 1.4142135623730951, 2.0]"
images/custom/john_honey/short/C/custom_john_honey_short_C_4.jpg,3,True,False,24442680,"[0.0, 1.4142135623730951, 1.4142135623730951]"
images/custom/john_honey/short/D/custom_john_honey_short_D_0.jpg,4,True,True,25630766,"[0.0, 1.0, 1.4142135623730951, 2.23606797749979]"
images/custom/john_honey/short/D/custom_john_honey_short_D_1.jpg,4,True,True,33441434,"[1.0, 1.0, 1.4142135623730951, 1.4142135623730951]"
images/custom/john_honey/short/D/custom_john_honey_short_D_2.jpg,4,True,True,31039317,"[0.0, 1.4142135623730951, 1.4142135623730951, 2.23606797749979]"
images/custom/john_honey/short/D/custom_john_honey_short_D_3.jpg,4,True,True,35160749,"[0.0, 1.4142135623730951, 1.4142135623730951, 2.0]"
images/custom/john_honey/short/D/custom_john_honey_short_D_4.jpg,4,True,True,22537437,"[0.0, 1.0, 1.0, 2.23606797749979]"
images/custom/michaels/high/A/custom_michaels_high_A_0.jpg,5,True,False,41963497,"[0.0, 1.0, 1.4142135623730951, 2.23606797749979, 216.78791479231492]"
images/custom/michaels/high/A/custom_michaels_high_A_1.jpg,4,True,True,33090841,"[1.0, 1.0, 1.0, 1.0]"
images/custom/michaels/high/A/custom_michaels_high_A_2.jpg,4,True,True,29840264,"[1.0, 1.0, 1.4142135623730951, 1.4142135623730951]"
images/custom/michaels/high/A/custom_michaels_high_A_3.jpg,4,True,True,26302276,"[0.0, 1.0, 1.0, 1.0]"
images/custom/michaels/high/A/custom_michaels_high_A_4.jpg,4,True,True,27629323,"[0.0, 1.4142135623730951, 1.4142135623730951, 2.0]"
images/custom/michaels/high/B/custom_michaels_high_B_0.jpg,4,True,True,42915869,"[0.0, 1.0, 1.4142135623730951, 2.8284271247461903]"
images/custom/michaels/high/B/custom_michaels_high_B_1.jpg,4,True,True,34250803,"[1.0, 1.0, 1.4142135623730951, 2.0]"
images/custom/michaels/high/B/custom_michaels_high_B_2.jpg,4,True,True,30485952,"[0.0, 1.0, 1.0, 1.4142135623730951]"
images/custom/michaels/high/B/custom_michaels_high_B_3.jpg,3,True,False,31216111,"[1.0, 1.0, 2.23606797749979]"
images/custom/michaels/high/B/custom_michaels_high_B_4.jpg,4,True,True,31426374,"[0.0, 1.0, 1.0, 1.4142135623730951]"
images/custom/michaels/high/C/custom_michaels_high_C_0.jpg,3,True,False,28327576,"[1.4142135623730951, 2.23606797749979, 3.1622776601683795]"
images/custom/michaels/high/C/custom_michaels_high_C_1.jpg,2,True,False,28764341,"[0.0, 1.4142135623730951]"
images/custom/michaels/high/C/custom_michaels_high_C_2.jpg,3,True,False,33791179,"[0.0, 1.0, 1.4142135623730951]"
images/custom/michaels/high/C/custom_michaels_high_C_3.jpg,2,True,False,39353000,"[1.0, 1.0]"
images/custom/michaels/high/C/custom_michaels_high_C_4.jpg,2,True,False,29628712,"[2.0, 2.23606797749979]"
images/custom/michaels/high/D/custom_michaels_high_D_0.jpg,4,True,True,34908879,"[0.0, 0.0, 1.0, 1.4142135623730951]"
images/custom/michaels/high/D/custom_michaels_high_D_1.jpg,4,True,True,34664107,"[1.0, 1.0, 1.4142135623730951, 2.23606797749979]"
images/custom/michaels/high/D/custom_michaels_high_D_2.jpg,4,True,True,36422073,"[1.0, 1.0, 1.0, 1.4142135623730951]"
images/custom/michaels/high/D/custom_michaels_high_D_3.jpg,4,True,True,32066538,"[1.0, 1.0, 1.0, 1.4142135623730951]"
images/custom/michaels/high/D/custom_michaels_high_D_4.jpg,4,True,True,34945433,"[1.0, 1.0, 1.0, 1.4142135623730951]"
images/custom/michaels/medium/A/custom_michaels_medium_A_0.jpg,4,True,True,33954332,"[1.0, 1.4142135623730951, 2.23606797749979, 2.23606797749979]"
images/custom/michaels/medium/A/custom_michaels_medium_A_1.jpg,4,True,True,29078722,"[0.0, 0.0, 1.0, 2.0]"
images/custom/michaels/medium/A/custom_michaels_medium_A_2.jpg,4,True,True,29498931,"[1.0, 1.4142135623730951, 1.4142135623730951, 3.0]"
images/custom/michaels/medium/A/custom_michaels_medium_A_3.jpg,4,True,True,34987764,"[1.0, 1.0, 2.0, 2.23606797749979]"
images/custom/michaels/medium/A/custom_michaels_medium_A_4.jpg,4,True,True,30153866,"[1.0, 1.0, 1.0, 1.4142135623730951]"
images/custom/michaels/medium/B/custom_michaels_medium_B_0.jpg,4,True,True,27425400,"[1.0, 1.0, 1.0, 1.0]"
images/custom/michaels/medium/B/custom_michaels_medium_B_1.jpg,4,True,True,29557176,"[0.0, 0.0, 1.4142135623730951, 2.23606797749979]"
images/custom/michaels/medium/B/custom_michaels_medium_B_2.jpg,4,True,True,32176811,"[0.0, 1.4142135623730951, 2.23606797749979, 2.23606797749979]"
images/custom/michaels/medium/B/custom_michaels_medium_B_3.jpg,4,True,True,43466894,"[0.0, 1.0, 1.4142135623730951, 2.23606797749979]"
images/custom/michaels/medium/B/custom_michaels_medium_B_4.jpg,4,True,True,27432428,"[1.0, 1.0, 1.4142135623730951, 2.0]"
images/custom/michaels/medium/C/custom_michaels_medium_C_0.jpg,3,True,False,25093240,"[1.0, 1.0, 2.0]"
images/custom/michaels/medium/C/custom_michaels_medium_C_1.jpg,3,True,False,43987050,"[1.0, 1.0, 2.23606797749979]"
images/custom/michaels/medium/C/custom_michaels_medium_C_2.jpg,4,True,True,29144690,"[0.0, 1.0, 1.4142135623730951, 2.23606797749979]"
images/custom/michaels/medium/C/custom_michaels_medium_C_3.jpg,3,True,False,33321931,"[1.4142135623730951, 2.0, 2.0]"
images/custom/michaels/medium/C/custom_michaels_medium_C_4.jpg,3,True,False,30367002,"[0.0, 0.0, 1.0]"
images/custom/michaels/medium/D/custom_michaels_medium_D_0.jpg,4,True,True,28147446,"[1.0, 1.0, 1.0, 1.0]"
images/custom/michaels/medium/D/custom_michaels_medium_D_1.jpg,5,True,False,28844768,"[0.0, 0.0, 1.4142135623730951, 2.23606797749979, 306.6349621292393]"
images/custom/michaels/medium/D/custom_michaels_medium_D_2.jpg,5,True,False,29905473,"[0.0, 0.0, 1.0, 1.4142135623730951, 306.6349621292393]"
images/custom/michaels/medium/D/custom_michaels_medium_D_3.jpg,5,True,False,29401161,"[1.0, 1.0, 1.4142135623730951, 1.4142135623730951, 281.8865019826242]"
images/custom/michaels/medium/D/custom_michaels_medium_D_4.jpg,4,True,True,28749847,"[0.0, 1.0, 1.0, 2.23606797749979]"
images/custom/michaels/short/A/custom_michaels_short_A_0.jpg,5,True,False,28183895,"[1.0, 1.0, 1.4142135623730951, 2.23606797749979, 303.9029450334432]"
images/custom/michaels/short/A/custom_michaels_short_A_1.jpg,5,True,False,33724585,"[0.0, 1.0, 1.0, 1.4142135623730951, 153.8083222715858]"
images/custom/michaels/short/A/custom_michaels_short_A_2.jpg,4,True,True,32956575,"[0.0, 1.4142135623730951, 1.4142135623730951, 2.0]"
images/custom/michaels/short/A/custom_michaels_short_A_3.jpg,4,True,True,29737146,"[1.0, 2.23606797749979, 2.23606797749979, 2.23606797749979]"
images/custom/michaels/short/A/custom_michaels_short_A_4.jpg,4,True,True,31081789,"[1.0, 1.4142135623730951, 2.23606797749979, 2.23606797749979]"
images/custom/michaels/short/B/custom_michaels_short_B_0.jpg,4,True,True,30826201,"[1.0, 1.4142135623730951, 1.4142135623730951, 2.23606797749979]"
images/custom/michaels/short/B/custom_michaels_short_B_1.jpg,4,True,True,27366643,"[1.0, 1.0, 2.23606797749979, 2.8284271247461903]"
images/custom/michaels/short/B/custom_michaels_short_B_2.jpg,5,True,False,27795379,"[1.0, 1.4142135623730951, 1.4142135623730951, 2.0, 324.8199501262199]"
images/custom/michaels/short/B/custom_michaels_short_B_3.jpg,5,True,False,30246742,"[1.4142135623730951, 1.4142135623730951, 2.0, 2.23606797749979, 290.077575831018]"
images/custom/michaels/short/B/custom_michaels_short_B_4.jpg,4,True,True,28272831,"[1.4142135623730951, 2.0, 2.0, 2.23606797749979]"
images/custom/michaels/short/C/custom_michaels_short_C_0.jpg,5,True,False,30397440,"[0.0, 1.0, 1.0, 2.23606797749979, 293.33428030150174]"
images/custom/michaels/short/C/custom_michaels_short_C_1.jpg,3,False,False,34700337,"[1.0, 1.0, 154.1557653803451]"
images/custom/michaels/short/C/custom_michaels_short_C_2.jpg,4,False,False,33181379,"[0.0, 1.0, 1.0, 323.81785003300854]"
images/custom/michaels/short/C/custom_michaels_short_C_3.jpg,3,True,False,29512295,"[1.4142135623730951, 1.4142135623730951, 2.23606797749979]"
images/custom/michaels/short/C/custom_michaels_short_C_4.jpg,4,True,True,29013505,"[1.0, 1.4142135623730951, 2.0, 2.23606797749979]"
images/custom/michaels/short/D/custom_michaels_short_D_0.jpg,5,True,False,32434085,"[1.4142135623730951, 2.0, 2.0, 2.23606797749979, 203.9730374338726]"
images/custom/michaels/short/D/custom_michaels_short_D_1.jpg,4,True,True,30648209,"[1.0, 1.0, 1.4142135623730951, 2.23606797749979]"
images/custom/michaels/short/D/custom_michaels_short_D_2.jpg,5,True,False,29866429,"[0.0, 1.4142135623730951, 2.0, 2.23606797749979, 197.5854245636555]"
images/custom/michaels/short/D/custom_michaels_short_D_3.jpg,4,True,True,33572077,"[1.4142135623730951, 1.4142135623730951, 1.4142135623730951, 3.0]"
images/custom/michaels/short/D/custom_michaels_short_D_4.jpg,4,True,True,26879186,"[0.0, 1.0, 2.0, 3.0]"
images/dark/davids/high/A/dark_davids_high_A_0.jpg,3,True,False,24041336,"[1.0, 1.0, 2.23606797749979]"
images/dark/davids/high/A/dark_davids_high_A_1.jpg,3,True,False,22918149,"[1.0, 1.0, 2.23606797749979]"
images/dark/davids/high/A/dark_davids_high_A_2.jpg,4,True,True,20246386,"[0.0, 1.0, 1.0, 1.4142135623730951]"
images/dark/davids/high/A/dark_davids_high_A_3.jpg,4,True,True,26730508,"[1.0, 2.0, 2.23606797749979, 2.23606797749979]"
images/dark/davids/high/A/dark_davids_high_A_4.jpg,4,True,True,22486318,"[1.0, 1.0, 1.0, 1.4142135623730951]"
images/dark/davids/high/B/dark_davids_high_B_0.jpg,4,True,True,27926244,"[1.0, 1.0, 1.0, 1.4142135623730951]"
images/dark/davids/high/B/dark_davids_high_B_1.jpg,4,True,True,25113056,"[1.0, 2.0, 2.0, 2.23606797749979]"
images/dark/davids/high/B/dark_davids_high_B_2.jpg,4,True,True,21170104,"[1.0, 1.0, 1.4142135623730951, 2.23606797749979]"
images/dark/davids/high/B/dark_davids_high_B_3.jpg,4,True,True,30930736,"[1.0, 1.4142135623730951, 2.0, 2.23606797749979]"
images/dark/davids/high/B/dark_davids_high_B_4.jpg,4,True,True,27373603,"[1.0, 1.4142135623730951, 1.4142135623730951, 1.4142135623730951]"
images/dark/davids/high/C/dark_davids_high_C_0.jpg,4,True,True,30761719,"[0.0, 1.4142135623730951, 1.4142135623730951, 2.23606797749979]"
images/dark/davids/high/C/dark_davids_high_C_1.jpg,4,True,True,28195507,"[0.0, 0.0, 1.4142135623730951, 2.0]"
images/dark/davids/high/C/dark_davids_high_C_2.jpg,4,True,True,24859902,"[0.0, 1.0, 1.0, 1.4142135623730951]"
images/dark/davids/high/C/dark_davids_high_C_3.jpg,4,True,True,24162761,"[1.0, 1.0, 1.0, 2.0]"
images/dark/davids/high/C/dark_davids_high_C_4.jpg,4,True,True,21243137,"[0.0, 0.0, 1.0, 2.0]"
images/dark/davids/high/D/dark_davids_high_D_0.jpg,4,True,True,23104932,"[0.0, 0.0, 1.4142135623730951, 2.0]"
images/dark/davids/high/D/dark_davids_high_D_1.jpg,4,True,True,45293181,"[0.0, 0.0, 1.0, 1.4142135623730951]"
images/dark/davids/high/D/dark_davids_high_D_2.jpg,4,True,True,23909470,"[1.0, 1.0, 1.4142135623730951, 1.4142135623730951]"
images/dark/davids/high/D/dark_davids_high_D_3.jpg,4,True,True,25115069,"[0.0, 0.0, 1.0, 1.0]"
images/dark/davids/high/D/dark_davids_high_D_4.jpg,4,True,True,24478675,"[0.0, 1.0, 1.4142135623730951, 1.4142135623730951]"
images/dark/davids/medium/A/dark_davids_medium_A_0.jpg,4,True,True,26238313,"[0.0, 1.0, 1.4142135623730951, 2.23606797749979]"
images/dark/davids/medium/A/dark_davids_medium_A_1.jpg,4,True,True,28756368,"[0.0, 1.0, 1.0, 1.4142135623730951]"
images/dark/davids/medium/A/dark_davids_medium_A_2.jpg,4,True,True,31830683,"[0.0, 1.0, 1.0, 2.0]"
images/dark/davids/medium/A/dark_davids_medium_A_3.jpg,4,True,True,31265155,"[1.0, 1.4142135623730951, 2.23606797749979, 2.23606797749979]"
images/dark/davids/medium/A/dark_davids_medium_A_4.jpg,4,True,True,26581019,"[0.0, 1.0, 1.4142135623730951, 2.23606797749979]"
images/dark/davids/medium/B/dark_davids_medium_B_0.jpg,4,True,True,25313600,"[1.0, 1.0, 1.4142135623730951, 2.0]"
images/dark/davids/medium/B/dark_davids_medium_B_1.jpg,4,True,True,28422440,"[1.0, 1.4142135623730951, 2.0, 2.23606797749979]"
images/dark/davids/medium/B/dark_davids_medium_B_2.jpg,4,True,True,25955447,"[1.4142135623730951, 1.4142135623730951, 2.0, 2.23606797749979]"
images/dark/davids/medium/B/dark_davids_medium_B_3.jpg,4,True,True,25605859,"[1.4142135623730951, 1.4142135623730951, 1.4142135623730951, 2.23606797749979]"
images/dark/davids/medium/B/dark_davids_medium_B_4.jpg,4,True,True,23556827,"[1.0, 1.0, 1.4142135623730951, 2.23606797749979]"
images/dark/davids/medium/C/dark_davids_medium_C_0.jpg,4,True,True,30116329,"[0.0, 1.0, 1.0, 1.0]"
images/dark/davids/medium/C/dark_davids_medium_C_1.jpg,4,True,True,25837885,"[0.0, 1.0, 2.0, 2.23606797749979]"
images/dark/davids/medium/C/dark_davids_medium_C_2.jpg,4,True,True,27032799,"[0.0, 1.0, 1.0, 2.23606797749979]"
images/dark/davids/medium/C/dark_davids_medium_C_3.jpg,4,True,True,24992322,"[0.0, 0.0, 1.4142135623730951, 1.4142135623730951]"
images/dark/davids/medium/C/dark_davids_medium_C_4.jpg,4,True,True,24183413,"[0.0, 1.0, 1.4142135623730951, 2.23606797749979]"
images/dark/davids/medium/D/dark_davids_medium_D_0.jpg,4,True,True,22940967,"[1.4142135623730951, 1.4142135623730951, 2.23606797749979, 2.23606797749979]"
images/dark/davids/medium/D/dark_davids_medium_D_1.jpg,4,True,True,22747417,"[1.0, 1.4142135623730951, 1.4142135623730951, 2.0]"
images/dark/davids/medium/D/dark_davids_medium_D_2.jpg,3,True,False,29010265,"[1.0, 2.23606797749979, 3.1622776601683795]"
images/dark/davids/medium/D/dark_davids_medium_D_3.jpg,4,True,True,29712962,"[1.0, 1.0, 1.4142135623730951, 3.605551275463989]"
images/dark/davids/medium/D/dark_davids_medium_D_4.jpg,4,True,True,23903322,"[1.0, 1.0, 2.0, 2.23606797749979]"
images/dark/davids/short/A/dark_davids_short_A_0.jpg,4,True,True,30320218,"[1.4142135623730951, 2.0, 2.23606797749979, 3.605551275463989]"
images/dark/davids/short/A/dark_davids_short_A_1.jpg,11,True,False,23052111,"[1.0, 1.4142135623730951, 2.0, 2.0, 211.15160430363773, 230.32585612562042, 251.07170290576354, 259.1466766138435, 276.2607463973121, 285.8950856520622, 293.8383909566617]"
images/dark/davids/short/A/dark_davids_short_A_2.jpg,4,True,True,28167863,"[1.0, 1.4142135623730951, 2.23606797749979, 3.1622776601683795]"
images/dark/davids/short/A/dark_davids_short_A_3.jpg,4,True,True,66318322,"[1.4142135623730951, 2.0, 3.1622776601683795, 4.0]"
images/dark/davids/short/A/dark_davids_short_A_4.jpg,4,True,True,29339940,"[0.0, 1.0, 1.4142135623730951, 2.0]"
images/dark/davids/short/B/dark_davids_short_B_0.jpg,4,True,True,26965521,"[1.4142135623730951, 1.4142135623730951, 2.0, 3.605551275463989]"
images/dark/davids/short/B/dark_davids_short_B_1.jpg,13,True,False,28826310,"[1.0, 1.0, 1.4142135623730951, 1.4142135623730951, 216.390850083824, 230.62523712724936, 243.6000821017924, 256.8443108188305, 267.67517628648346, 270.7027890510181, 282.57742301889584, 290.6011011679068, 312.8146416010606]"
images/dark/davids/short/B/dark_davids_short_B_2.jpg,4,True,True,20003986,"[1.0, 1.0, 1.4142135623730951, 2.0]"
images/dark/davids/short/B/dark_davids_short_B_3.jpg,4,True,True,21079140,"[1.0, 1.4142135623730951, 2.0, 3.0]"
images/dark/davids/short/B/dark_davids_short_B_4.jpg,4,True,True,29693796,"[0.0, 1.0, 1.0, 2.23606797749979]"
images/dark/davids/short/C/dark_davids_short_C_0.jpg,4,True,True,26503232,"[1.0, 1.4142135623730951, 1.4142135623730951, 2.23606797749979]"
images/dark/davids/short/C/dark_davids_short_C_1.jpg,4,True,True,21060483,"[1.0, 1.0, 1.4142135623730951, 2.23606797749979]"
images/dark/davids/short/C/dark_davids_short_C_2.jpg,4,True,True,28078701,"[2.23606797749979, 2.23606797749979, 2.23606797749979, 3.1622776601683795]"
images/dark/davids/short/C/dark_davids_short_C_3.jpg,12,True,False,35418542,"[0.0, 1.0, 1.4142135623730951, 2.0, 149.40214188558343, 177.55280904564702, 181.27603261324978, 201.8142710513803, 204.65825172711703, 204.86336910243372, 229.89562849258357, 246.43457549621561]"
images/dark/davids/short/C/dark_davids_short_C_4.jpg,4,True,True,24496788,"[1.0, 1.4142135623730951, 1.4142135623730951, 3.1622776601683795]"
images/dark/davids/short/D/dark_davids_short_D_0.jpg,12,True,False,28775375,"[0.0, 1.0, 1.4142135623730951, 1.4142135623730951, 180.0999722376436, 185.52627846210896, 194.20865068271289, 209.99523804124703, 214.66718426438635, 239.42639787625757, 242.78797334299736, 250.3197954617253]"
images/dark/davids/short/D/dark_davids_short_D_1.jpg,4,True,True,27675027,"[1.0, 1.0, 3.0, 3.605551275463989]"
images/dark/davids/short/D/dark_davids_short_D_2.jpg,4,True,True,21308043,"[1.0, 1.0, 2.0, 2.0]"
images/dark/davids/short/D/dark_davids_short_D_3.jpg,12,True,False,23865013,"[0.0, 1.0, 1.0, 2.23606797749979, 228.01973598791838, 233.97649454592656, 257.9476691113917, 262.9619744373699, 281.27744310555727, 282.3349075123372, 287.4804341168282, 308.28720375649715]"
images/dark/davids/short/D/dark_davids_short_D_4.jpg,4,True,True,25585973,"[2.0, 2.23606797749979, 3.0, 3.1622776601683795]"
images/dark/jack_cole/high/A/dark_jack_cole_high_A_0.jpg,4,True,True,28737943,"[0.0, 0.0, 1.4142135623730951, 2.0]"
images/dark/jack_cole/high/A/dark_jack_cole_high_A_1.jpg,4,True,True,25083189,"[0.0, 1.0, 1.4142135623730951, 1.4142135623730951]"
images/dark/jack_cole/high/A/dark_jack_cole_high_A_2.jpg,4,True,True,18959003,"[0.0, 1.0, 1.0, 3.1622776601683795]"
images/dark/jack_cole/high/A/dark_jack_cole_high_A_3.jpg,4,True,True,22250718,"[0.0, 1.0, 1.0, 1.0]"
images/dark/jack_cole/high/A/dark_jack_cole_high_A_4.jpg,4,True,True,22770331,"[1.0, 1.4142135623730951, 1.4142135623730951, 2.23606797749979]"
images/dark/jack_cole/high/B/dark_jack_cole_high_B_0.jpg,4,True,True,18203565,"[1.0, 1.0, 1.0, 1.0]"
images/dark/jack_cole/high/B/dark_jack_cole_high_B_1.jpg,4,True,True,22094521,"[1.0, 1.0, 1.4142135623730951, 2.0]"
images/dark/jack_cole/high/B/dark_jack_cole_high_B_2.jpg,4,True,True,27425173,"[1.0, 1.0, 2.0, 2.23606797749979]"
images/dark/jack_cole/high/B/dark_jack_cole_high_B_3.jpg,4,True,True,28090741,"[1.0, 1.0, 1.0, 3.0]"
images/dark/jack_cole/high/B/dark_jack_cole_high_B_4.jpg,4,True,True,26038742,"[1.0, 1.0, 1.0, 1.4142135623730951]"
images/dark/jack_cole/high/C/dark_jack_cole_high_C_0.jpg,4,True,True,22239635,"[1.0, 1.4142135623730951, 2.0, 2.23606797749979]"
images/dark/jack_cole/high/C/dark_jack_cole_high_C_1.jpg,4,True,True,21975873,"[1.0, 1.0, 1.4142135623730951, 1.4142135623730951]"
images/dark/jack_cole/high/C/dark_jack_cole_high_C_2.jpg,4,True,True,22468186,"[0.0, 0.0, 1.4142135623730951, 2.23606797749979]"
images/dark/jack_cole/high/C/dark_jack_cole_high_C_3.jpg,4,True,True,20138330,"[1.0, 1.0, 1.4142135623730951, 2.23606797749979]"
images/dark/jack_cole/high/C/dark_jack_cole_high_C_4.jpg,4,True,True,19403014,"[1.0, 1.4142135623730951, 2.23606797749979, 2.23606797749979]"
images/dark/jack_cole/high/D/dark_jack_cole_high_D_0.jpg,4,True,True,21882307,"[1.0, 1.4142135623730951, 2.0, 2.23606797749979]"
images/dark/jack_cole/high/D/dark_jack_cole_high_D_1.jpg,4,True,True,25934429,"[1.0, 1.4142135623730951, 2.0, 2.0]"
images/dark/jack_cole/high/D/dark_jack_cole_high_D_2.jpg,4,True,True,19396194,"[1.0, 1.0, 1.4142135623730951, 3.0]"
images/dark/jack_cole/high/D/dark_jack_cole_high_D_3.jpg,4,True,True,17560858,"[1.0, 1.0, 1.4142135623730951, 2.23606797749979]"
images/dark/jack_cole/high/D/dark_jack_cole_high_D_4.jpg,4,True,True,17030258,"[1.4142135623730951, 1.4142135623730951, 2.0, 2.23606797749979]"
images/dark/jack_cole/medium/A/dark_jack_cole_medium_A_0.jpg,4,True,True,18990623,"[1.0, 1.0, 1.0, 2.23606797749979]"
images/dark/jack_cole/medium/A/dark_jack_cole_medium_A_1.jpg,4,True,True,19324473,"[1.0, 1.4142135623730951, 2.23606797749979, 2.8284271247461903]"
images/dark/jack_cole/medium/A/dark_jack_cole_medium_A_2.jpg,4,True,True,18047385,"[1.0, 1.0, 1.4142135623730951, 3.0]"
images/dark/jack_cole/medium/A/dark_jack_cole_medium_A_3.jpg,4,True,True,23823745,"[0.0, 0.0, 2.23606797749979, 2.23606797749979]"
images/dark/jack_cole/medium/A/dark_jack_cole_medium_A_4.jpg,4,True,True,26123890,"[0.0, 1.0, 1.4142135623730951, 2.23606797749979]"
images/dark/jack_cole/medium/B/dark_jack_cole_medium_B_0.jpg,4,True,True,24531022,"[1.4142135623730951, 1.4142135623730951, 2.23606797749979, 3.0]"
images/dark/jack_cole/medium/B/dark_jack_cole_medium_B_1.jpg,4,True,True,25749019,"[1.0, 1.4142135623730951, 2.0, 2.23606797749979]"
images/dark/jack_cole/medium/B/dark_jack_cole_medium_B_2.jpg,4,True,True,27117735,"[1.0, 2.0, 2.0, 2.23606797749979]"
images/dark/jack_cole/medium/B/dark_jack_cole_medium_B_3.jpg,4,True,True,29788353,"[0.0, 2.23606797749979, 2.23606797749979, 2.8284271247461903]"
images/dark/jack_cole/medium/B/dark_jack_cole_medium_B_4.jpg,4,True,True,17212540,"[1.0, 1.4142135623730951, 2.0, 2.0]"
images/dark/jack_cole/medium/C/dark_jack_cole_medium_C_0.jpg,4,True,True,20346408,"[0.0, 1.0, 1.0, 1.4142135623730951]"
images/dark/jack_cole/medium/C/dark_jack_cole_medium_C_1.jpg,4,True,True,23245653,"[1.0, 1.0, 1.4142135623730951, 1.4142135623730951]"
images/dark/jack_cole/medium/C/dark_jack_cole_medium_C_2.jpg,4,True,True,19697720,"[1.0, 1.0, 2.23606797749979, 3.1622776601683795]"
images/dark/jack_cole/medium/C/dark_jack_cole_medium_C_3.jpg,4,True,True,18924386,"[0.0, 2.0, 2.8284271247461903, 3.0]"
images/dark/jack_cole/medium/C/dark_jack_cole_medium_C_4.jpg,4,True,True,17253713,"[1.0, 2.0, 2.23606797749979, 3.0]"
images/dark/jack_cole/medium/D/dark_jack_cole_medium_D_0.jpg,4,True,True,23686719,"[1.0, 2.0, 2.0, 3.1622776601683795]"
images/dark/jack_cole/medium/D/dark_jack_cole_medium_D_1.jpg,3,True,False,20233746,"[0.0, 1.0, 2.0]"
images/dark/jack_cole/medium/D/dark_jack_cole_medium_D_2.jpg,4,True,True,20582752,"[1.0, 1.4142135623730951, 2.0, 2.0]"
images/dark/jack_cole/medium/D/dark_jack_cole_medium_D_3.jpg,4,True,True,22881070,"[1.0, 1.0, 1.0, 1.4142135623730951]"
images/dark/jack_cole/medium/D/dark_jack_cole_medium_D_4.jpg,4,True,True,19703291,"[0.0, 1.0, 1.4142135623730951, 2.0]"
images/dark/jack_cole/short/A/dark_jack_cole_short_A_0.jpg,4,True,True,21423066,"[1.0, 1.0, 1.4142135623730951, 2.0]"
images/dark/jack_cole/short/A/dark_jack_cole_short_A_1.jpg,4,True,True,18389729,"[0.0, 1.0, 1.0, 2.23606797749979]"
images/dark/jack_cole/short/A/dark_jack_cole_short_A_2.jpg,4,True,True,18015741,"[1.0, 1.4142135623730951, 3.605551275463989, 3.605551275463989]"
images/dark/jack_cole/short/A/dark_jack_cole_short_A_3.jpg,4,True,True,18295921,"[0.0, 2.23606797749979, 2.23606797749979, 2.23606797749979]"
images/dark/jack_cole/short/A/dark_jack_cole_short_A_4.jpg,4,True,True,18144778,"[1.4142135623730951, 2.23606797749979, 2.23606797749979, 2.23606797749979]"
images/dark/jack_cole/short/B/dark_jack_cole_short_B_0.jpg,4,True,True,23719400,"[1.0, 1.4142135623730951, 2.23606797749979, 3.1622776601683795]"
images/dark/jack_cole/short/B/dark_jack_cole_short_B_1.jpg,4,True,True,24486220,"[1.4142135623730951, 2.0, 2.23606797749979, 2.8284271247461903]"
images/dark/jack_cole/short/B/dark_jack_cole_short_B_2.jpg,4,True,True,22133238,"[1.4142135623730951, 1.4142135623730951, 1.4142135623730951, 2.8284271247461903]"
images/dark/jack_cole/short/B/dark_jack_cole_short_B_3.jpg,4,True,True,33534187,"[1.0, 1.0, 1.0, 1.4142135623730951]"
images/dark/jack_cole/short/B/dark_jack_cole_short_B_4.jpg,4,True,True,16062914,"[1.0, 1.4142135623730951, 2.0, 2.23606797749979]"
images/dark/jack_cole/short/C/dark_jack_cole_short_C_0.jpg,4,True,True,23835368,"[1.4142135623730951, 2.0, 2.23606797749979, 2.23606797749979]"
images/dark/jack_cole/short/C/dark_jack_cole_short_C_1.jpg,4,True,True,23930026,"[1.0, 2.23606797749979, 2.8284271247461903, 4.123105625617661]"
images/dark/jack_cole/short/C/dark_jack_cole_short_C_2.jpg,4,True,True,26817130,"[1.0, 1.4142135623730951, 1.4142135623730951, 2.0]"
images/dark/jack_cole/short/C/dark_jack_cole_short_C_3.jpg,4,True,True,29870850,"[1.0, 1.0, 1.0, 2.0]"
images/dark/jack_cole/short/C/dark_jack_cole_short_C_4.jpg,4,True,True,20108591,"[1.0, 1.0, 2.23606797749979, 4.123105625617661]"
images/dark/jack_cole/short/D/dark_jack_cole_short_D_0.jpg,4,True,True,20532134,"[1.0, 1.0, 2.8284271247461903, 3.1622776601683795]"
images/dark/jack_cole/short/D/dark_jack_cole_short_D_1.jpg,3,True,False,24278172,"[2.23606797749979, 2.8284271247461903, 3.0]"
images/dark/jack_cole/short/D/dark_jack_cole_short_D_2.jpg,4,True,True,21392591,"[1.0, 2.23606797749979, 3.0, 3.1622776601683795]"
images/dark/jack_cole/short/D/dark_jack_cole_short_D_3.jpg,4,True,True,31701051,"[1.0, 1.0, 2.0, 2.23606797749979]"
images/dark/jack_cole/short/D/dark_jack_cole_short_D_4.jpg,4,True,True,18206333,"[2.23606797749979, 2.23606797749979, 2.23606797749979, 2.23606797749979]"
images/dark/john_honey/high/A/dark_john_honey_high_A_0.jpg,4,True,True,55255905,"[1.0, 1.0, 1.0, 2.23606797749979]"
images/dark/john_honey/high/A/dark_john_honey_high_A_1.jpg,3,True,False,54719687,"[1.4142135623730951, 1.4142135623730951, 1.4142135623730951]"
images/dark/john_honey/high/A/dark_john_honey_high_A_2.jpg,4,True,True,58938783,"[0.0, 1.0, 2.0, 2.8284271247461903]"
images/dark/john_honey/high/A/dark_john_honey_high_A_3.jpg,4,True,True,56509492,"[1.0, 2.23606797749979, 2.23606797749979, 2.8284271247461903]"
images/dark/john_honey/high/A/dark_john_honey_high_A_4.jpg,4,True,True,59626171,"[0.0, 1.0, 1.0, 2.0]"
images/dark/john_honey/high/B/dark_john_honey_high_B_0.jpg,4,True,True,49723481,"[0.0, 1.0, 1.0, 1.0]"
images/dark/john_honey/high/B/dark_john_honey_high_B_1.jpg,4,True,True,51457160,"[0.0, 1.0, 2.0, 2.23606797749979]"
images/dark/john_honey/high/B/dark_john_honey_high_B_2.jpg,4,True,True,48725939,"[1.4142135623730951, 2.0, 2.23606797749979, 2.23606797749979]"
images/dark/john_honey/high/B/dark_john_honey_high_B_3.jpg,4,True,True,57593147,"[1.0, 1.4142135623730951, 2.23606797749979, 2.23606797749979]"
images/dark/john_honey/high/B/dark_john_honey_high_B_4.jpg,4,True,True,46501139,"[1.4142135623730951, 1.4142135623730951, 2.0, 3.1622776601683795]"
images/dark/john_honey/high/C/dark_john_honey_high_C_0.jpg,3,True,False,45710883,"[0.0, 1.0, 1.4142135623730951]"
images/dark/john_honey/high/C/dark_john_honey_high_C_1.jpg,3,True,False,42173880,"[0.0, 1.0, 1.4142135623730951]"
images/dark/john_honey/high/C/dark_john_honey_high_C_2.jpg,3,True,False,44582747,"[1.0, 1.4142135623730951, 2.8284271247461903]"
images/dark/john_honey/high/C/dark_john_honey_high_C_3.jpg,3,True,False,43476112,"[1.0, 2.23606797749979, 2.23606797749979]"
images/dark/john_honey/high/C/dark_john_honey_high_C_4.jpg,3,True,False,43396368,"[1.0, 1.4142135623730951, 1.4142135623730951]"
images/dark/john_honey/high/D/dark_john_honey_high_D_0.jpg,2,True,False,46982468,"[0.0, 1.0]"
images/dark/john_honey/high/D/dark_john_honey_high_D_1.jpg,2,True,False,49178488,"[2.0, 2.23606797749979]"
images/dark/john_honey/high/D/dark_john_honey_high_D_2.jpg,1,True,False,45492867,[2.23606797749979]
images/dark/john_honey/high/D/dark_john_honey_high_D_3.jpg,2,True,False,49819918,"[2.0, 2.23606797749979]"
images/dark/john_honey/high/D/dark_john_honey_high_D_4.jpg,2,True,False,49158485,"[1.0, 2.23606797749979]"
images/dark/john_honey/medium/A/dark_john_honey_medium_A_0.jpg,4,True,True,46631932,"[1.4142135623730951, 1.4142135623730951, 2.23606797749979, 2.8284271247461903]"
images/dark/john_honey/medium/A/dark_john_honey_medium_A_1.jpg,4,True,True,64233670,"[1.4142135623730951, 2.0, 2.0, 2.23606797749979]"
images/dark/john_honey/medium/A/dark_john_honey_medium_A_2.jpg,4,True,True,45100689,"[0.0, 1.0, 1.0, 2.23606797749979]"
images/dark/john_honey/medium/A/dark_john_honey_medium_A_3.jpg,4,True,True,44356003,"[1.0, 1.4142135623730951, 1.4142135623730951, 3.0]"
images/dark/john_honey/medium/A/dark_john_honey_medium_A_4.jpg,4,True,True,47397447,"[1.0, 1.0, 1.0, 1.4142135623730951]"
images/dark/john_honey/medium/B/dark_john_honey_medium_B_0.jpg,5,True,False,47048921,"[1.0, 1.0, 2.0, 2.23606797749979, 322.7956009613514]"
images/dark/john_honey/medium/B/dark_john_honey_medium_B_1.jpg,4,True,True,55522314,"[0.0, 1.0, 1.4142135623730951, 2.23606797749979]"
images/dark/john_honey/medium/B/dark_john_honey_medium_B_2.jpg,4,True,True,55736924,"[0.0, 1.0, 1.4142135623730951, 2.0]"
images/dark/john_honey/medium/B/dark_john_honey_medium_B_3.jpg,5,True,False,55735663,"[1.0, 1.0, 2.0, 2.23606797749979, 169.83815825661793]"
images/dark/john_honey/medium/B/dark_john_honey_medium_B_4.jpg,6,True,False,62920345,"[0.0, 0.0, 1.0, 2.23606797749979, 304.04111564063174, 311.09001912629725]"
images/dark/john_honey/medium/C/dark_john_honey_medium_C_0.jpg,4,True,True,58251580,"[1.0, 1.0, 1.0, 1.0]"
images/dark/john_honey/medium/C/dark_john_honey_medium_C_1.jpg,4,True,True,57445400,"[1.4142135623730951, 1.4142135623730951, 1.4142135623730951, 2.23606797749979]"
images/dark/john_honey/medium/C/dark_john_honey_medium_C_2.jpg,4,True,True,51496100,"[1.0, 1.0, 2.23606797749979, 3.0]"
images/dark/john_honey/medium/C/dark_john_honey_medium_C_3.jpg,4,True,True,48897739,"[0.0, 1.0, 1.4142135623730951, 2.23606797749979]"
images/dark/john_honey/medium/C/dark_john_honey_medium_C_4.jpg,5,True,False,56322456,"[0.0, 2.23606797749979, 2.23606797749979, 2.23606797749979, 174.04884371922728]"
images/dark/john_honey/medium/D/dark_john_honey_medium_D_0.jpg,4,True,True,47822572,"[1.0, 1.0, 2.0, 2.23606797749979]"
images/dark/john_honey/medium/D/dark_john_honey_medium_D_1.jpg,5,True,False,52173957,"[0.0, 1.0, 1.0, 1.4142135623730951, 285.5906160923359]"
images/dark/john_honey/medium/D/dark_john_honey_medium_D_2.jpg,5,True,False,52121920,"[0.0, 1.0, 1.4142135623730951, 2.0, 322.89471968429586]"
images/dark/john_honey/medium/D/dark_john_honey_medium_D_3.jpg,4,True,True,54438851,"[1.4142135623730951, 2.0, 2.23606797749979, 2.23606797749979]"
images/dark/john_honey/medium/D/dark_john_honey_medium_D_4.jpg,4,True,True,48771050,"[1.0, 2.0, 2.23606797749979, 2.23606797749979]"
images/dark/john_honey/short/A/dark_john_honey_short_A_0.jpg,4,True,True,34807348,"[1.4142135623730951, 1.4142135623730951, 2.0, 2.23606797749979]"
images/dark/john_honey/short/A/dark_john_honey_short_A_1.jpg,4,True,True,39922429,"[0.0, 1.4142135623730951, 1.4142135623730951, 3.605551275463989]"
images/dark/john_honey/short/A/dark_john_honey_short_A_2.jpg,4,True,True,41273692,"[0.0, 1.0, 1.0, 1.4142135623730951]"
images/dark/john_honey/short/A/dark_john_honey_short_A_3.jpg,4,True,True,39422369,"[0.0, 2.0, 2.23606797749979, 3.0]"
images/dark/john_honey/short/A/dark_john_honey_short_A_4.jpg,4,True,True,24607108,"[1.0, 1.4142135623730951, 1.4142135623730951, 2.23606797749979]"
images/dark/john_honey/short/B/dark_john_honey_short_B_0.jpg,4,True,True,27097129,"[0.0, 1.0, 1.4142135623730951, 2.23606797749979]"
images/dark/john_honey/short/B/dark_john_honey_short_B_1.jpg,4,True,True,26484896,"[1.4142135623730951, 1.4142135623730951, 2.23606797749979, 2.23606797749979]"
images/dark/john_honey/short/B/dark_john_honey_short_B_2.jpg,4,True,True,19886191,"[1.0, 1.4142135623730951, 2.23606797749979, 2.23606797749979]"
images/dark/john_honey/short/B/dark_john_honey_short_B_3.jpg,3,True,False,31651147,"[1.0, 2.23606797749979, 3.0]"
images/dark/john_honey/short/B/dark_john_honey_short_B_4.jpg,4,True,True,19953250,"[1.0, 1.0, 1.0, 1.4142135623730951]"
images/dark/john_honey/short/C/dark_john_honey_short_C_0.jpg,4,True,True,25593445,"[1.0, 1.0, 1.4142135623730951, 2.23606797749979]"
images/dark/john_honey/short/C/dark_john_honey_short_C_1.jpg,4,True,True,23638671,"[0.0, 0.0, 1.0, 1.0]"
images/dark/john_honey/short/C/dark_john_honey_short_C_2.jpg,4,True,True,26707334,"[0.0, 1.4142135623730951, 1.4142135623730951, 2.23606797749979]"
images/dark/john_honey/short/C/dark_john_honey_short_C_3.jpg,4,True,True,31206458,"[1.4142135623730951, 1.4142135623730951, 2.23606797749979, 2.23606797749979]"
images/dark/john_honey/short/C/dark_john_honey_short_C_4.jpg,4,True,True,27382071,"[1.0, 2.0, 2.8284271247461903, 4.0]"
images/dark/john_honey/short/D/dark_john_honey_short_D_0.jpg,4,True,True,26053581,"[0.0, 1.0, 2.0, 2.23606797749979]"
images/dark/john_honey/short/D/dark_john_honey_short_D_1.jpg,4,True,True,63765412,"[1.0, 1.0, 1.4142135623730951, 2.23606797749979]"
images/dark/john_honey/short/D/dark_john_honey_short_D_2.jpg,4,True,True,33047526,"[0.0, 2.0, 2.23606797749979, 3.1622776601683795]"
images/dark/john_honey/short/D/dark_john_honey_short_D_3.jpg,4,True,True,34888136,"[1.0, 1.0, 2.0, 2.8284271247461903]"
images/dark/john_honey/short/D/dark_john_honey_short_D_4.jpg,4,True,True,25863660,"[1.0, 1.4142135623730951, 2.8284271247461903, 4.47213595499958]"
images/dark/michaels/high/A/dark_michaels_high_A_0.jpg,4,True,True,27791750,"[1.0, 1.0, 1.4142135623730951, 3.1622776601683795]"
images/dark/michaels/high/A/dark_michaels_high_A_1.jpg,4,True,True,35805360,"[0.0, 1.0, 2.0, 2.23606797749979]"
images/dark/michaels/high/A/dark_michaels_high_A_2.jpg,4,True,True,32549061,"[0.0, 1.0, 1.4142135623730951, 2.0]"
images/dark/michaels/high/A/dark_michaels_high_A_3.jpg,4,True,True,29811856,"[1.0, 1.4142135623730951, 2.0, 2.0]"
images/dark/michaels/high/A/dark_michaels_high_A_4.jpg,4,True,True,27781780,"[1.0, 1.4142135623730951, 1.4142135623730951, 1.4142135623730951]"
images/dark/michaels/high/B/dark_michaels_high_B_0.jpg,4,True,True,35301113,"[1.0, 1.0, 2.23606797749979, 3.1622776601683795]"
images/dark/michaels/high/B/dark_michaels_high_B_1.jpg,4,True,True,40278570,"[0.0, 1.0, 1.0, 2.23606797749979]"
images/dark/michaels/high/B/dark_michaels_high_B_2.jpg,4,True,True,31765092,"[1.0, 2.0, 2.0, 2.23606797749979]"
images/dark/michaels/high/B/dark_michaels_high_B_3.jpg,4,True,True,33381714,"[1.0, 1.0, 2.23606797749979, 3.1622776601683795]"
images/dark/michaels/high/B/dark_michaels_high_B_4.jpg,4,True,True,32109314,"[0.0, 1.4142135623730951, 2.0, 2.23606797749979]"
images/dark/michaels/high/C/dark_michaels_high_C_0.jpg,4,True,True,32976080,"[0.0, 1.0, 1.0, 2.0]"
images/dark/michaels/high/C/dark_michaels_high_C_1.jpg,4,True,True,26717767,"[1.4142135623730951, 1.4142135623730951, 2.23606797749979, 2.23606797749979]"
images/dark/michaels/high/C/dark_michaels_high_C_2.jpg,4,True,True,34407797,"[1.0, 1.4142135623730951, 2.23606797749979, 2.23606797749979]"
images/dark/michaels/high/C/dark_michaels_high_C_3.jpg,4,True,True,27718839,"[1.0, 1.0, 1.4142135623730951, 2.0]"
images/dark/michaels/high/C/dark_michaels_high_C_4.jpg,4,True,True,28302555,"[0.0, 1.4142135623730951, 2.0, 2.0]"
images/dark/michaels/high/D/dark_michaels_high_D_0.jpg,4,True,True,35943791,"[1.0, 1.0, 1.4142135623730951, 3.1622776601683795]"
images/dark/michaels/high/D/dark_michaels_high_D_1.jpg,4,True,True,33452193,"[1.0, 1.4142135623730951, 2.0, 2.23606797749979]"
images/dark/michaels/high/D/dark_michaels_high_D_2.jpg,3,True,False,35148994,"[1.4142135623730951, 2.23606797749979, 3.0]"
images/dark/michaels/high/D/dark_michaels_high_D_3.jpg,2,True,False,28003849,"[2.23606797749979, 2.23606797749979]"
images/dark/michaels/high/D/dark_michaels_high_D_4.jpg,4,True,True,24128329,"[1.0, 1.4142135623730951, 1.4142135623730951, 2.23606797749979]"
images/dark/michaels/medium/A/dark_michaels_medium_A_0.jpg,4,True,True,34271749,"[0.0, 0.0, 1.0, 2.23606797749979]"
images/dark/michaels/medium/A/dark_michaels_medium_A_1.jpg,4,True,True,35676391,"[1.4142135623730951, 1.4142135623730951, 2.0, 2.23606797749979]"
images/dark/michaels/medium/A/dark_michaels_medium_A_2.jpg,4,True,True,35470506,"[1.0, 2.0, 3.0, 3.1622776601683795]"
images/dark/michaels/medium/A/dark_michaels_medium_A_3.jpg,5,True,False,28799063,"[0.0, 2.23606797749979, 2.23606797749979, 2.23606797749979, 538.5805417948183]"
images/dark/michaels/medium/A/dark_michaels_medium_A_4.jpg,4,True,True,30140735,"[1.4142135623730951, 2.23606797749979, 2.23606797749979, 3.1622776601683795]"
images/dark/michaels/medium/B/dark_michaels_medium_B_0.jpg,4,True,True,30821613,"[0.0, 1.0, 1.4142135623730951, 2.23606797749979]"
images/dark/michaels/medium/B/dark_michaels_medium_B_1.jpg,5,True,False,31895873,"[0.0, 1.0, 1.0, 2.0, 371.80909079795236]"
images/dark/michaels/medium/B/dark_michaels_medium_B_2.jpg,4,True,True,32855615,"[1.0, 2.23606797749979, 2.8284271247461903, 2.8284271247461903]"
images/dark/michaels/medium/B/dark_michaels_medium_B_3.jpg,5,True,False,34862551,"[1.0, 1.0, 1.0, 2.23606797749979, 208.1465829649865]"
images/dark/michaels/medium/B/dark_michaels_medium_B_4.jpg,4,True,True,30107912,"[1.0, 1.4142135623730951, 2.0, 2.23606797749979]"
images/dark/michaels/medium/C/dark_michaels_medium_C_0.jpg,4,True,True,31396869,"[1.0, 1.0, 1.0, 1.0]"
images/dark/michaels/medium/C/dark_michaels_medium_C_1.jpg,4,True,True,28179267,"[0.0, 1.0, 2.0, 2.23606797749979]"
images/dark/michaels/medium/C/dark_michaels_medium_C_2.jpg,4,True,True,31277913,"[0.0, 1.0, 1.4142135623730951, 2.23606797749979]"
images/dark/michaels/medium/C/dark_michaels_medium_C_3.jpg,4,True,True,36063201,"[1.0, 1.4142135623730951, 1.4142135623730951, 2.0]"
images/dark/michaels/medium/C/dark_michaels_medium_C_4.jpg,4,True,True,28106157,"[1.0, 1.4142135623730951, 2.0, 2.0]"
images/dark/michaels/medium/D/dark_michaels_medium_D_0.jpg,4,False,False,32251577,"[2.0, 2.23606797749979, 2.8284271247461903, 290.66303514551004]"
images/dark/michaels/medium/D/dark_michaels_medium_D_1.jpg,4,True,True,30926534,"[1.0, 1.0, 1.4142135623730951, 3.1622776601683795]"
images/dark/michaels/medium/D/dark_michaels_medium_D_2.jpg,4,True,True,35077202,"[1.0, 1.0, 1.4142135623730951, 2.0]"
images/dark/michaels/medium/D/dark_michaels_medium_D_3.jpg,5,True,False,39560199,"[1.0, 1.4142135623730951, 1.4142135623730951, 2.0, 505.4463374088292]"
images/dark/michaels/medium/D/dark_michaels_medium_D_4.jpg,4,True,True,33758609,"[0.0, 1.0, 2.0, 2.23606797749979]"
images/dark/michaels/short/A/dark_michaels_short_A_0.jpg,4,True,True,35386839,"[0.0, 1.0, 1.0, 2.8284271247461903]"
images/dark/michaels/short/A/dark_michaels_short_A_1.jpg,4,True,True,32350959,"[1.0, 1.4142135623730951, 1.4142135623730951, 2.0]"
images/dark/michaels/short/A/dark_michaels_short_A_2.jpg,4,True,True,34309240,"[0.0, 1.0, 2.0, 2.0]"
images/dark/michaels/short/A/dark_michaels_short_A_3.jpg,4,True,True,25246063,"[1.0, 1.4142135623730951, 3.1622776601683795, 3.1622776601683795]"
images/dark/michaels/short/A/dark_michaels_short_A_4.jpg,4,True,True,31793417,"[1.4142135623730951, 1.4142135623730951, 2.23606797749979, 2.8284271247461903]"
images/dark/michaels/short/B/dark_michaels_short_B_0.jpg,4,True,True,35762872,"[1.0, 2.23606797749979, 3.1622776601683795, 3.605551275463989]"
images/dark/michaels/short/B/dark_michaels_short_B_1.jpg,4,True,True,37774952,"[1.4142135623730951, 2.23606797749979, 3.0, 3.1622776601683795]"
images/dark/michaels/short/B/dark_michaels_short_B_2.jpg,4,True,True,38907747,"[1.4142135623730951, 1.4142135623730951, 1.4142135623730951, 1.4142135623730951]"
images/dark/michaels/short/B/dark_michaels_short_B_3.jpg,4,True,True,32426710,"[0.0, 1.0, 1.4142135623730951, 3.1622776601683795]"
images/dark/michaels/short/B/dark_michaels_short_B_4.jpg,4,True,True,27081725,"[0.0, 1.4142135623730951, 2.0, 2.23606797749979]"
images/dark/michaels/short/C/dark_michaels_short_C_0.jpg,4,True,True,33056961,"[1.4142135623730951, 2.0, 3.0, 3.0]"
images/dark/michaels/short/C/dark_michaels_short_C_1.jpg,4,True,True,30029767,"[1.0, 2.23606797749979, 2.8284271247461903, 3.0]"
images/dark/michaels/short/C/dark_michaels_short_C_2.jpg,4,True,True,31395748,"[0.0, 1.4142135623730951, 2.0, 2.23606797749979]"
images/dark/michaels/short/C/dark_michaels_short_C_3.jpg,4,True,True,36366620,"[0.0, 1.0, 1.4142135623730951, 2.23606797749979]"
images/dark/michaels/short/C/dark_michaels_short_C_4.jpg,4,True,True,30515942,"[0.0, 1.0, 1.0, 1.0]"
images/dark/michaels/short/D/dark_michaels_short_D_0.jpg,4,True,True,23579851,"[1.0, 1.0, 1.4142135623730951, 1.4142135623730951]"
images/dark/michaels/short/D/dark_michaels_short_D_1.jpg,5,True,False,36184344,"[1.0, 1.4142135623730951, 2.23606797749979, 3.1622776601683795, 157.17824276915684]"
images/dark/michaels/short/D/dark_michaels_short_D_2.jpg,5,True,False,34794442,"[1.0, 1.4142135623730951, 1.4142135623730951, 2.0, 335.77373333838966]"
images/dark/michaels/short/D/dark_michaels_short_D_3.jpg,5,True,False,31325146,"[2.0, 2.23606797749979, 3.0, 3.1622776601683795, 392.01275489453144]"
images/dark/michaels/short/D/dark_michaels_short_D_4.jpg,4,True,True,28190709,"[1.4142135623730951, 1.4142135623730951, 2.23606797749979, 2.8284271247461903]"
