,0,1,2,3,4
images/custom/davids/high/A/custom_davids_high_A_0.jpg,5,True,False,114423916,"[0.0, 1.0, 1.0, 1.0, 885.641010793877]"
images/custom/davids/high/A/custom_davids_high_A_1.jpg,5,True,False,120123565,"[1.0, 1.0, 1.0, 2.23606797749979, 906.5208216031224]"
images/custom/davids/high/A/custom_davids_high_A_2.jpg,5,True,False,106685753,"[0.0, 1.0, 1.0, 1.4142135623730951, 762.1679604916491]"
images/custom/davids/high/A/custom_davids_high_A_3.jpg,4,True,True,116623617,"[1.0, 1.0, 1.0, 2.23606797749979]"
images/custom/davids/high/A/custom_davids_high_A_4.jpg,4,True,True,107138144,"[1.0, 1.4142135623730951, 2.0, 2.0]"
images/custom/davids/high/B/custom_davids_high_B_0.jpg,4,True,True,111571184,"[1.0, 1.0, 2.23606797749979, 2.23606797749979]"
images/custom/davids/high/B/custom_davids_high_B_1.jpg,3,True,False,105596438,"[0.0, 1.0, 1.4142135623730951]"
images/custom/davids/high/B/custom_davids_high_B_2.jpg,4,True,True,113972223,"[1.0, 1.0, 1.4142135623730951, 2.0]"
images/custom/davids/high/B/custom_davids_high_B_3.jpg,4,True,True,110606037,"[1.0, 1.0, 1.4142135623730951, 1.4142135623730951]"
images/custom/davids/high/B/custom_davids_high_B_4.jpg,4,True,True,104112739,"[1.0, 1.0, 2.23606797749979, 3.0]"
images/custom/davids/high/C/custom_davids_high_C_0.jpg,2,True,False,103823398,"[1.4142135623730951, 2.8284271247461903]"
images/custom/davids/high/C/custom_davids_high_C_1.jpg,3,True,False,112157884,"[0.0, 1.0, 1.0]"
images/custom/davids/high/C/custom_davids_high_C_2.jpg,2,True,False,119616413,"[0.0, 1.0]"
images/custom/davids/high/C/custom_davids_high_C_3.jpg,2,True,False,109798131,"[1.4142135623730951, 2.0]"
images/custom/davids/high/C/custom_davids_high_C_4.jpg,2,True,False,102503512,"[1.4142135623730951, 2.0]"
images/custom/davids/high/D/custom_davids_high_D_0.jpg,4,True,True,105158170,"[1.4142135623730951, 1.4142135623730951, 1.4142135623730951, 2.23606797749979]"
images/custom/davids/high/D/custom_davids_high_D_1.jpg,5,True,False,112623229,"[0.0, 1.0, 1.0, 1.4142135623730951, 191.58809983921236]"
images/custom/davids/high/D/custom_davids_high_D_2.jpg,4,True,True,115165755,"[1.0, 1.4142135623730951, 2.23606797749979, 2.23606797749979]"
images/custom/davids/high/D/custom_davids_high_D_3.jpg,4,True,True,114237374,"[0.0, 1.0, 1.0, 1.4142135623730951]"
images/custom/davids/high/D/custom_davids_high_D_4.jpg,4,True,True,105784894,"[1.0, 1.0, 2.0, 2.23606797749979]"
images/custom/davids/medium/A/custom_davids_medium_A_0.jpg,4,True,True,105904317,"[1.0, 1.0, 1.0, 1.0]"
images/custom/davids/medium/A/custom_davids_medium_A_1.jpg,4,True,True,107714265,"[1.0, 2.0, 2.0, 2.23606797749979]"
images/custom/davids/medium/A/custom_davids_medium_A_2.jpg,3,True,False,106676815,"[1.4142135623730951, 1.4142135623730951, 2.23606797749979]"
images/custom/davids/medium/A/custom_davids_medium_A_3.jpg,3,True,False,111884866,"[1.0, 1.4142135623730951, 2.0]"
images/custom/davids/medium/A/custom_davids_medium_A_4.jpg,3,True,False,117131262,"[0.0, 1.4142135623730951, 2.0]"
images/custom/davids/medium/B/custom_davids_medium_B_0.jpg,4,True,True,109081235,"[0.0, 0.0, 2.23606797749979, 2.23606797749979]"
images/custom/davids/medium/B/custom_davids_medium_B_1.jpg,4,True,True,123920975,"[0.0, 0.0, 1.4142135623730951, 2.23606797749979]"
images/custom/davids/medium/B/custom_davids_medium_B_2.jpg,4,True,True,120776238,"[0.0, 1.0, 1.0, 1.4142135623730951]"
images/custom/davids/medium/B/custom_davids_medium_B_3.jpg,4,True,True,121558536,"[0.0, 0.0, 1.0, 1.0]"
images/custom/davids/medium/B/custom_davids_medium_B_4.jpg,4,True,True,98509592,"[0.0, 1.0, 1.0, 1.0]"
images/custom/davids/medium/C/custom_davids_medium_C_0.jpg,3,True,False,107977196,"[1.0, 1.0, 1.4142135623730951]"
images/custom/davids/medium/C/custom_davids_medium_C_1.jpg,2,True,False,106568293,"[1.0, 2.23606797749979]"
images/custom/davids/medium/C/custom_davids_medium_C_2.jpg,2,True,False,107028154,"[0.0, 1.0]"
images/custom/davids/medium/C/custom_davids_medium_C_3.jpg,1,True,False,106494202,[1.4142135623730951]
images/custom/davids/medium/C/custom_davids_medium_C_4.jpg,2,True,False,100295276,"[1.4142135623730951, 1.4142135623730951]"
images/custom/davids/medium/D/custom_davids_medium_D_0.jpg,3,True,False,110723074,"[1.4142135623730951, 1.4142135623730951, 2.23606797749979]"
images/custom/davids/medium/D/custom_davids_medium_D_1.jpg,4,True,True,107875324,"[1.0, 1.4142135623730951, 2.23606797749979, 2.23606797749979]"
images/custom/davids/medium/D/custom_davids_medium_D_2.jpg,4,True,True,107476766,"[0.0, 1.0, 1.4142135623730951, 2.0]"
images/custom/davids/medium/D/custom_davids_medium_D_3.jpg,4,True,True,104199730,"[1.0, 1.0, 1.0, 2.23606797749979]"
images/custom/davids/medium/D/custom_davids_medium_D_4.jpg,4,True,True,100857003,"[0.0, 1.0, 1.0, 1.0]"
images/custom/davids/short/A/custom_davids_short_A_0.jpg,4,True,True,98090584,"[1.0, 1.0, 2.23606797749979, 2.23606797749979]"
images/custom/davids/short/A/custom_davids_short_A_1.jpg,4,True,True,100521773,"[1.0, 1.0, 1.4142135623730951, 2.23606797749979]"
images/custom/davids/short/A/custom_davids_short_A_2.jpg,4,True,True,105352262,"[1.0, 1.0, 1.0, 3.1622776601683795]"
images/custom/davids/short/A/custom_davids_short_A_3.jpg,2,True,False,116910241,"[0.0, 1.0]"
images/custom/davids/short/A/custom_davids_short_A_4.jpg,4,True,True,102996013,"[1.0, 1.4142135623730951, 2.8284271247461903, 2.8284271247461903]"
images/custom/davids/short/B/custom_davids_short_B_0.jpg,7,True,False,118155764,"[0.0, 1.0, 1.4142135623730951, 4.123105625617661, 318.7789202566569, 334.43235489408016, 365.08766070630213]"
images/custom/davids/short/B/custom_davids_short_B_1.jpg,3,True,False,118199708,"[0.0, 1.0, 1.0]"
images/custom/davids/short/B/custom_davids_short_B_2.jpg,3,True,False,120099557,"[0.0, 1.0, 2.23606797749979]"
images/custom/davids/short/B/custom_davids_short_B_3.jpg,3,True,False,110442037,"[1.0, 1.4142135623730951, 2.0]"
images/custom/davids/short/B/custom_davids_short_B_4.jpg,3,True,False,104307955,"[1.0, 1.0, 2.23606797749979]"
images/custom/davids/short/C/custom_davids_short_C_0.jpg,1,True,False,107446929,[1.0]
images/custom/davids/short/C/custom_davids_short_C_1.jpg,3,True,False,113429379,"[0.0, 1.0, 2.0]"
images/custom/davids/short/C/custom_davids_short_C_2.jpg,6,False,False,115716377,"[1.0, 2.0, 288.1700886629284, 315.3696244092002, 329.802971484491, 343.4020966738555]"
images/custom/davids/short/C/custom_davids_short_C_3.jpg,2,True,False,110298777,"[1.0, 1.4142135623730951]"
images/custom/davids/short/C/custom_davids_short_C_4.jpg,2,True,False,106516563,"[0.0, 1.0]"
images/custom/davids/short/D/custom_davids_short_D_0.jpg,3,True,False,111904109,"[0.0, 1.0, 1.4142135623730951]"
images/custom/davids/short/D/custom_davids_short_D_1.jpg,3,True,False,123394724,"[0.0, 1.0, 2.23606797749979]"
images/custom/davids/short/D/custom_davids_short_D_2.jpg,3,True,False,119011929,"[0.0, 0.0, 1.0]"
images/custom/davids/short/D/custom_davids_short_D_3.jpg,6,False,False,111628625,"[0.0, 1.0, 2.0, 350.6023388398885, 368.9173349139343, 389.5600082143956]"
images/custom/davids/short/D/custom_davids_short_D_4.jpg,3,True,False,107083642,"[1.0, 1.0, 1.0]"
images/custom/jack_cole/high/A/custom_jack_cole_high_A_0.jpg,4,True,True,111998816,"[0.0, 1.0, 1.4142135623730951, 2.23606797749979]"
images/custom/jack_cole/high/A/custom_jack_cole_high_A_1.jpg,4,True,True,105732876,"[0.0, 1.0, 1.0, 2.23606797749979]"
images/custom/jack_cole/high/A/custom_jack_cole_high_A_2.jpg,4,True,True,119776973,"[1.4142135623730951, 1.4142135623730951, 2.0, 2.23606797749979]"
images/custom/jack_cole/high/A/custom_jack_cole_high_A_3.jpg,4,True,True,105248552,"[1.0, 1.0, 1.0, 1.4142135623730951]"
images/custom/jack_cole/high/A/custom_jack_cole_high_A_4.jpg,4,True,True,93615872,"[0.0, 1.0, 2.23606797749979, 2.23606797749979]"
images/custom/jack_cole/high/B/custom_jack_cole_high_B_0.jpg,4,True,True,98000986,"[1.0, 1.0, 1.0, 1.4142135623730951]"
images/custom/jack_cole/high/B/custom_jack_cole_high_B_1.jpg,4,True,True,103438784,"[1.0, 1.4142135623730951, 1.4142135623730951, 1.4142135623730951]"
images/custom/jack_cole/high/B/custom_jack_cole_high_B_2.jpg,5,True,False,106796079,"[1.4142135623730951, 1.4142135623730951, 2.23606797749979, 2.23606797749979, 254.8803640926464]"
images/custom/jack_cole/high/B/custom_jack_cole_high_B_3.jpg,5,True,False,104779556,"[0.0, 1.0, 1.4142135623730951, 1.4142135623730951, 250.9760944791356]"
images/custom/jack_cole/high/B/custom_jack_cole_high_B_4.jpg,4,True,True,101371059,"[1.0, 1.0, 1.0, 1.0]"
images/custom/jack_cole/high/C/custom_jack_cole_high_C_0.jpg,4,False,False,101689345,"[1.4142135623730951, 2.23606797749979, 3.0, 203.22647465327935]"
images/custom/jack_cole/high/C/custom_jack_cole_high_C_1.jpg,2,True,False,107655042,"[1.0, 1.0]"
images/custom/jack_cole/high/C/custom_jack_cole_high_C_2.jpg,2,True,False,104806568,"[0.0, 1.0]"
images/custom/jack_cole/high/C/custom_jack_cole_high_C_3.jpg,2,True,False,102802761,"[1.0, 2.23606797749979]"
images/custom/jack_cole/high/C/custom_jack_cole_high_C_4.jpg,2,True,False,105044546,"[1.0, 1.0]"
images/custom/jack_cole/high/D/custom_jack_cole_high_D_0.jpg,4,True,True,100333578,"[1.4142135623730951, 2.0, 2.23606797749979, 2.23606797749979]"
images/custom/jack_cole/high/D/custom_jack_cole_high_D_1.jpg,4,True,True,107625186,"[1.0, 1.0, 2.0, 2.23606797749979]"
images/custom/jack_cole/high/D/custom_jack_cole_high_D_2.jpg,4,True,True,102799002,"[1.0, 1.4142135623730951, 1.4142135623730951, 2.23606797749979]"
images/custom/jack_cole/high/D/custom_jack_cole_high_D_3.jpg,5,True,False,104111015,"[1.4142135623730951, 1.4142135623730951, 2.23606797749979, 2.23606797749979, 365.0342449688796]"
images/custom/jack_cole/high/D/custom_jack_cole_high_D_4.jpg,4,True,True,113990340,"[1.0, 1.0, 1.0, 2.0]"
images/custom/jack_cole/medium/A/custom_jack_cole_medium_A_0.jpg,4,True,True,116405700,"[1.0, 1.0, 1.0, 1.4142135623730951]"
images/custom/jack_cole/medium/A/custom_jack_cole_medium_A_1.jpg,4,True,True,110449500,"[1.0, 2.23606797749979, 2.23606797749979, 3.0]"
images/custom/jack_cole/medium/A/custom_jack_cole_medium_A_2.jpg,4,True,True,107679886,"[1.0, 1.0, 1.0, 2.23606797749979]"
images/custom/jack_cole/medium/A/custom_jack_cole_medium_A_3.jpg,4,True,True,101218077,"[0.0, 1.0, 1.4142135623730951, 2.23606797749979]"
images/custom/jack_cole/medium/A/custom_jack_cole_medium_A_4.jpg,4,True,True,125646494,"[1.0, 1.4142135623730951, 2.0, 2.23606797749979]"
images/custom/jack_cole/medium/B/custom_jack_cole_medium_B_0.jpg,4,True,True,112523378,"[1.0, 1.0, 1.4142135623730951, 1.4142135623730951]"
images/custom/jack_cole/medium/B/custom_jack_cole_medium_B_1.jpg,4,True,True,113072009,"[0.0, 1.0, 2.23606797749979, 2.23606797749979]"
images/custom/jack_cole/medium/B/custom_jack_cole_medium_B_2.jpg,4,True,True,114477228,"[1.0, 2.0, 2.0, 2.23606797749979]"
images/custom/jack_cole/medium/B/custom_jack_cole_medium_B_3.jpg,4,True,True,117416756,"[2.23606797749979, 2.23606797749979, 2.23606797749979, 3.0]"
images/custom/jack_cole/medium/B/custom_jack_cole_medium_B_4.jpg,4,True,True,108035062,"[1.0, 1.0, 2.23606797749979, 3.1622776601683795]"
images/custom/jack_cole/medium/C/custom_jack_cole_medium_C_0.jpg,3,True,False,116524962,"[1.0, 1.4142135623730951, 2.8284271247461903]"
images/custom/jack_cole/medium/C/custom_jack_cole_medium_C_1.jpg,2,True,False,116233660,"[0.0, 3.0]"
images/custom/jack_cole/medium/C/custom_jack_cole_medium_C_2.jpg,3,False,False,114108771,"[1.0, 2.0, 335.7930910545957]"
images/custom/jack_cole/medium/C/custom_jack_cole_medium_C_3.jpg,2,True,False,115626571,"[2.23606797749979, 2.23606797749979]"
images/custom/jack_cole/medium/C/custom_jack_cole_medium_C_4.jpg,2,True,False,102399264,"[2.23606797749979, 2.8284271247461903]"
images/custom/jack_cole/medium/D/custom_jack_cole_medium_D_0.jpg,4,True,True,112972092,"[2.0, 2.0, 2.23606797749979, 3.0]"
images/custom/jack_cole/medium/D/custom_jack_cole_medium_D_1.jpg,4,True,True,109643031,"[0.0, 1.0, 1.4142135623730951, 2.0]"
images/custom/jack_cole/medium/D/custom_jack_cole_medium_D_2.jpg,4,True,True,105904387,"[1.0, 1.4142135623730951, 2.0, 2.0]"
images/custom/jack_cole/medium/D/custom_jack_cole_medium_D_3.jpg,4,True,True,103190024,"[1.0, 1.4142135623730951, 1.4142135623730951, 2.23606797749979]"
images/custom/jack_cole/medium/D/custom_jack_cole_medium_D_4.jpg,4,True,True,109782987,"[1.4142135623730951, 1.4142135623730951, 1.4142135623730951, 2.23606797749979]"
images/custom/jack_cole/short/A/custom_jack_cole_short_A_0.jpg,4,True,True,128355539,"[1.0, 2.23606797749979, 3.1622776601683795, 3.605551275463989]"
images/custom/jack_cole/short/A/custom_jack_cole_short_A_1.jpg,4,True,True,125226523,"[2.0, 2.23606797749979, 3.0, 3.0]"
images/custom/jack_cole/short/A/custom_jack_cole_short_A_2.jpg,4,True,True,121747408,"[1.0, 1.0, 1.4142135623730951, 1.4142135623730951]"
images/custom/jack_cole/short/A/custom_jack_cole_short_A_3.jpg,4,True,True,122687018,"[1.4142135623730951, 1.4142135623730951, 2.8284271247461903, 3.1622776601683795]"
images/custom/jack_cole/short/A/custom_jack_cole_short_A_4.jpg,4,True,True,123794147,"[1.4142135623730951, 2.23606797749979, 2.23606797749979, 3.605551275463989]"
images/custom/jack_cole/short/B/custom_jack_cole_short_B_0.jpg,4,True,True,117729535,"[1.0, 1.0, 2.0, 2.23606797749979]"
images/custom/jack_cole/short/B/custom_jack_cole_short_B_1.jpg,4,True,True,129001855,"[0.0, 1.0, 1.0, 2.0]"
images/custom/jack_cole/short/B/custom_jack_cole_short_B_2.jpg,4,True,True,126350079,"[1.0, 1.0, 1.0, 1.4142135623730951]"
images/custom/jack_cole/short/B/custom_jack_cole_short_B_3.jpg,4,True,True,128595369,"[0.0, 1.0, 2.0, 2.23606797749979]"
images/custom/jack_cole/short/B/custom_jack_cole_short_B_4.jpg,4,True,True,124848985,"[0.0, 1.0, 1.4142135623730951, 2.23606797749979]"
images/custom/jack_cole/short/C/custom_jack_cole_short_C_0.jpg,3,False,False,133442101,"[1.0, 1.0, 10.198039027185569]"
images/custom/jack_cole/short/C/custom_jack_cole_short_C_1.jpg,2,True,False,124529372,"[1.4142135623730951, 3.0]"
images/custom/jack_cole/short/C/custom_jack_cole_short_C_2.jpg,4,False,False,121681655,"[1.0, 1.4142135623730951, 6.4031242374328485, 910.0928524057312]"
images/custom/jack_cole/short/C/custom_jack_cole_short_C_3.jpg,4,False,False,112836905,"[2.23606797749979, 3.1622776601683795, 3.1622776601683795, 438.32065887886233]"
images/custom/jack_cole/short/C/custom_jack_cole_short_C_4.jpg,3,True,False,108276026,"[1.4142135623730951, 2.8284271247461903, 3.0]"
images/custom/jack_cole/short/D/custom_jack_cole_short_D_0.jpg,4,True,True,120095322,"[0.0, 1.4142135623730951, 2.0, 2.23606797749979]"
images/custom/jack_cole/short/D/custom_jack_cole_short_D_1.jpg,4,True,True,131505969,"[0.0, 1.4142135623730951, 2.0, 2.23606797749979]"
images/custom/jack_cole/short/D/custom_jack_cole_short_D_2.jpg,4,True,True,129222673,"[1.0, 1.0, 1.0, 1.4142135623730951]"
images/custom/jack_cole/short/D/custom_jack_cole_short_D_3.jpg,4,True,True,121541661,"[0.0, 2.23606797749979, 2.23606797749979, 3.1622776601683795]"
images/custom/jack_cole/short/D/custom_jack_cole_short_D_4.jpg,4,True,True,124550905,"[2.0, 2.23606797749979, 2.8284271247461903, 2.8284271247461903]"
images/custom/john_honey/high/A/custom_john_honey_high_A_0.jpg,4,True,True,105585501,"[0.0, 1.0, 3.0, 3.1622776601683795]"
images/custom/john_honey/high/A/custom_john_honey_high_A_1.jpg,3,True,False,112460456,"[1.4142135623730951, 1.4142135623730951, 1.4142135623730951]"
images/custom/john_honey/high/A/custom_john_honey_high_A_2.jpg,4,True,True,105733015,"[0.0, 1.0, 1.4142135623730951, 1.4142135623730951]"
images/custom/john_honey/high/A/custom_john_honey_high_A_3.jpg,4,True,True,106623848,"[0.0, 1.0, 2.23606797749979, 2.8284271247461903]"
images/custom/john_honey/high/A/custom_john_honey_high_A_4.jpg,4,True,True,106389134,"[1.0, 1.0, 1.4142135623730951, 1.4142135623730951]"
images/custom/john_honey/high/B/custom_john_honey_high_B_0.jpg,3,True,False,104895606,"[1.0, 1.0, 2.0]"
images/custom/john_honey/high/B/custom_john_honey_high_B_1.jpg,3,True,False,105737880,"[0.0, 1.4142135623730951, 2.0]"
images/custom/john_honey/high/B/custom_john_honey_high_B_2.jpg,3,True,False,107997733,"[1.0, 2.0, 3.1622776601683795]"
images/custom/john_honey/high/B/custom_john_honey_high_B_3.jpg,3,True,False,106183321,"[1.4142135623730951, 2.23606797749979, 3.0]"
images/custom/john_honey/high/B/custom_john_honey_high_B_4.jpg,3,True,False,100919289,"[1.0, 1.0, 1.4142135623730951]"
images/custom/john_honey/high/C/custom_john_honey_high_C_0.jpg,2,True,False,104260456,"[1.0, 1.4142135623730951]"
images/custom/john_honey/high/C/custom_john_honey_high_C_1.jpg,2,True,False,104207372,"[2.0, 2.23606797749979]"
images/custom/john_honey/high/C/custom_john_honey_high_C_2.jpg,2,True,False,112207022,"[0.0, 1.0]"
images/custom/john_honey/high/C/custom_john_honey_high_C_3.jpg,2,True,False,111050087,"[1.0, 1.0]"
images/custom/john_honey/high/C/custom_john_honey_high_C_4.jpg,2,True,False,104489602,"[1.4142135623730951, 1.4142135623730951]"
images/custom/john_honey/high/D/custom_john_honey_high_D_0.jpg,4,True,True,102952271,"[0.0, 1.0, 1.4142135623730951, 1.4142135623730951]"
images/custom/john_honey/high/D/custom_john_honey_high_D_1.jpg,4,True,True,113602861,"[1.0, 1.0, 1.0, 2.23606797749979]"
images/custom/john_honey/high/D/custom_john_honey_high_D_2.jpg,4,True,True,109598460,"[0.0, 1.0, 2.0, 2.23606797749979]"
images/custom/john_honey/high/D/custom_john_honey_high_D_3.jpg,4,True,True,105555575,"[1.0, 1.0, 1.4142135623730951, 1.4142135623730951]"
images/custom/john_honey/high/D/custom_john_honey_high_D_4.jpg,4,True,True,109559452,"[1.0, 1.0, 2.0, 2.23606797749979]"
images/custom/john_honey/medium/A/custom_john_honey_medium_A_0.jpg,4,True,True,108616853,"[0.0, 1.0, 1.0, 1.0]"
images/custom/john_honey/medium/A/custom_john_honey_medium_A_1.jpg,4,True,True,114951274,"[0.0, 1.0, 1.0, 1.4142135623730951]"
images/custom/john_honey/medium/A/custom_john_honey_medium_A_2.jpg,4,True,True,115108990,"[0.0, 1.0, 1.0, 1.4142135623730951]"
images/custom/john_honey/medium/A/custom_john_honey_medium_A_3.jpg,4,True,True,114214380,"[1.0, 1.0, 1.4142135623730951, 1.4142135623730951]"
images/custom/john_honey/medium/A/custom_john_honey_medium_A_4.jpg,4,True,True,110414211,"[1.0, 1.0, 1.4142135623730951, 1.4142135623730951]"
images/custom/john_honey/medium/B/custom_john_honey_medium_B_0.jpg,4,True,True,128519899,"[1.0, 1.0, 1.0, 1.4142135623730951]"
images/custom/john_honey/medium/B/custom_john_honey_medium_B_1.jpg,4,True,True,117104942,"[1.0, 1.0, 2.23606797749979, 2.23606797749979]"
images/custom/john_honey/medium/B/custom_john_honey_medium_B_2.jpg,4,True,True,114409274,"[0.0, 1.4142135623730951, 2.23606797749979, 2.23606797749979]"
images/custom/john_honey/medium/B/custom_john_honey_medium_B_3.jpg,4,True,True,113369319,"[0.0, 1.0, 2.0, 2.8284271247461903]"
images/custom/john_honey/medium/B/custom_john_honey_medium_B_4.jpg,4,True,True,118618779,"[1.0, 1.4142135623730951, 1.4142135623730951, 2.23606797749979]"
images/custom/john_honey/medium/C/custom_john_honey_medium_C_0.jpg,2,True,False,112475113,"[1.0, 1.4142135623730951]"
images/custom/john_honey/medium/C/custom_john_honey_medium_C_1.jpg,2,True,False,117011589,"[1.0, 1.4142135623730951]"
images/custom/john_honey/medium/C/custom_john_honey_medium_C_2.jpg,2,True,False,110158041,"[1.0, 1.4142135623730951]"
images/custom/john_honey/medium/C/custom_john_honey_medium_C_3.jpg,2,True,False,122883597,"[0.0, 1.4142135623730951]"
images/custom/john_honey/medium/C/custom_john_honey_medium_C_4.jpg,2,True,False,116357029,"[1.0, 1.0]"
images/custom/john_honey/medium/D/custom_john_honey_medium_D_0.jpg,4,True,True,110404116,"[0.0, 1.0, 1.4142135623730951, 2.23606797749979]"
images/custom/john_honey/medium/D/custom_john_honey_medium_D_1.jpg,4,True,True,107613783,"[0.0, 1.0, 1.4142135623730951, 1.4142135623730951]"
images/custom/john_honey/medium/D/custom_john_honey_medium_D_2.jpg,4,True,True,111618936,"[0.0, 1.4142135623730951, 1.4142135623730951, 1.4142135623730951]"
images/custom/john_honey/medium/D/custom_john_honey_medium_D_3.jpg,4,True,True,113446870,"[0.0, 1.0, 1.4142135623730951, 2.23606797749979]"
images/custom/john_honey/medium/D/custom_john_honey_medium_D_4.jpg,4,True,True,113625017,"[1.0, 1.4142135623730951, 1.4142135623730951, 2.23606797749979]"
images/custom/john_honey/short/A/custom_john_honey_short_A_0.jpg,4,True,True,119126326,"[0.0, 1.0, 1.4142135623730951, 2.0]"
images/custom/john_honey/short/A/custom_john_honey_short_A_1.jpg,4,True,True,115022118,"[1.0, 1.4142135623730951, 2.23606797749979, 3.0]"
images/custom/john_honey/short/A/custom_john_honey_short_A_2.jpg,4,True,True,124875807,"[1.0, 1.0, 1.4142135623730951, 2.0]"
images/custom/john_honey/short/A/custom_john_honey_short_A_3.jpg,4,True,True,125236022,"[1.0, 1.4142135623730951, 2.0, 2.0]"
images/custom/john_honey/short/A/custom_john_honey_short_A_4.jpg,4,True,True,134919978,"[0.0, 1.4142135623730951, 2.23606797749979, 2.23606797749979]"
images/custom/john_honey/short/B/custom_john_honey_short_B_0.jpg,4,True,True,127758071,"[1.0, 1.0, 2.23606797749979, 2.23606797749979]"
images/custom/john_honey/short/B/custom_john_honey_short_B_1.jpg,4,True,True,126309521,"[0.0, 2.0, 2.0, 3.0]"
images/custom/john_honey/short/B/custom_john_honey_short_B_2.jpg,4,True,True,118549502,"[0.0, 1.0, 1.4142135623730951, 1.4142135623730951]"
images/custom/john_honey/short/B/custom_john_honey_short_B_3.jpg,4,True,True,118787445,"[1.0, 1.0, 1.0, 2.0]"
images/custom/john_honey/short/B/custom_john_honey_short_B_4.jpg,4,True,True,112708548,"[1.0, 1.0, 1.0, 1.4142135623730951]"
images/custom/john_honey/short/C/custom_john_honey_short_C_0.jpg,2,True,False,119240845,"[1.4142135623730951, 1.4142135623730951]"
images/custom/john_honey/short/C/custom_john_honey_short_C_1.jpg,2,True,False,115918417,"[1.0, 2.23606797749979]"
images/custom/john_honey/short/C/custom_john_honey_short_C_2.jpg,2,True,False,121819236,"[1.0, 1.4142135623730951]"
images/custom/john_honey/short/C/custom_john_honey_short_C_3.jpg,3,True,False,126571439,"[1.0, 1.4142135623730951, 2.0]"
images/custom/john_honey/short/C/custom_john_honey_short_C_4.jpg,3,True,False,116642467,"[0.0, 1.4142135623730951, 1.4142135623730951]"
images/custom/john_honey/short/D/custom_john_honey_short_D_0.jpg,4,True,True,126705788,"[0.0, 1.4142135623730951, 1.4142135623730951, 2.23606797749979]"
images/custom/john_honey/short/D/custom_john_honey_short_D_1.jpg,4,True,True,130512787,"[1.0, 1.0, 1.4142135623730951, 1.4142135623730951]"
images/custom/john_honey/short/D/custom_john_honey_short_D_2.jpg,4,True,True,128367814,"[1.0, 1.4142135623730951, 1.4142135623730951, 2.0]"
images/custom/john_honey/short/D/custom_john_honey_short_D_3.jpg,4,True,True,130133531,"[0.0, 1.4142135623730951, 1.4142135623730951, 2.0]"
images/custom/john_honey/short/D/custom_john_honey_short_D_4.jpg,4,True,True,132392933,"[0.0, 1.0, 1.0, 1.4142135623730951]"
images/custom/michaels/high/A/custom_michaels_high_A_0.jpg,2,True,False,102433207,"[0.0, 2.0]"
images/custom/michaels/high/A/custom_michaels_high_A_1.jpg,2,True,False,107272300,"[1.0, 1.0]"
images/custom/michaels/high/A/custom_michaels_high_A_2.jpg,4,True,True,105793228,"[1.0, 1.0, 1.4142135623730951, 1.4142135623730951]"
images/custom/michaels/high/A/custom_michaels_high_A_3.jpg,4,True,True,99963425,"[0.0, 1.0, 1.0, 1.0]"
images/custom/michaels/high/A/custom_michaels_high_A_4.jpg,4,True,True,99977062,"[0.0, 1.4142135623730951, 1.4142135623730951, 2.0]"
images/custom/michaels/high/B/custom_michaels_high_B_0.jpg,3,True,False,111146450,"[0.0, 1.0, 2.8284271247461903]"
images/custom/michaels/high/B/custom_michaels_high_B_1.jpg,5,True,False,107060356,"[1.0, 1.0, 1.4142135623730951, 2.0, 106.23088063270491]"
images/custom/michaels/high/B/custom_michaels_high_B_2.jpg,4,True,True,105299993,"[1.0, 1.4142135623730951, 1.4142135623730951, 4.123105625617661]"
images/custom/michaels/high/B/custom_michaels_high_B_3.jpg,2,True,False,99436021,"[1.0, 2.23606797749979]"
images/custom/michaels/high/B/custom_michaels_high_B_4.jpg,4,True,True,100615680,"[0.0, 1.0, 1.0, 1.4142135623730951]"
images/custom/michaels/high/C/custom_michaels_high_C_0.jpg,2,True,False,94852314,"[1.4142135623730951, 2.23606797749979]"
images/custom/michaels/high/C/custom_michaels_high_C_1.jpg,2,True,False,99495880,"[0.0, 1.4142135623730951]"
images/custom/michaels/high/C/custom_michaels_high_C_2.jpg,2,True,False,105606833,"[1.0, 1.0]"
images/custom/michaels/high/C/custom_michaels_high_C_3.jpg,2,True,False,95684682,"[1.0, 1.4142135623730951]"
images/custom/michaels/high/C/custom_michaels_high_C_4.jpg,2,True,False,99229699,"[2.0, 2.23606797749979]"
images/custom/michaels/high/D/custom_michaels_high_D_0.jpg,4,True,True,99300783,"[0.0, 0.0, 1.0, 1.4142135623730951]"
images/custom/michaels/high/D/custom_michaels_high_D_1.jpg,4,True,True,99514876,"[1.0, 1.0, 1.4142135623730951, 2.23606797749979]"
images/custom/michaels/high/D/custom_michaels_high_D_2.jpg,4,True,True,92422404,"[1.0, 1.0, 1.0, 1.4142135623730951]"
images/custom/michaels/high/D/custom_michaels_high_D_3.jpg,4,True,True,99202580,"[1.0, 1.0, 1.0, 1.4142135623730951]"
images/custom/michaels/high/D/custom_michaels_high_D_4.jpg,4,True,True,106610252,"[1.0, 1.4142135623730951, 1.4142135623730951, 1.4142135623730951]"
images/custom/michaels/medium/A/custom_michaels_medium_A_0.jpg,4,True,True,107461960,"[0.0, 1.4142135623730951, 2.0, 2.23606797749979]"
images/custom/michaels/medium/A/custom_michaels_medium_A_1.jpg,4,True,True,112220483,"[0.0, 0.0, 1.0, 2.0]"
images/custom/michaels/medium/A/custom_michaels_medium_A_2.jpg,4,True,True,109416624,"[1.0, 1.4142135623730951, 1.4142135623730951, 3.0]"
images/custom/michaels/medium/A/custom_michaels_medium_A_3.jpg,4,True,True,115360389,"[1.0, 1.0, 2.0, 2.23606797749979]"
images/custom/michaels/medium/A/custom_michaels_medium_A_4.jpg,4,True,True,106374211,"[0.0, 1.0, 1.4142135623730951, 1.4142135623730951]"
images/custom/michaels/medium/B/custom_michaels_medium_B_0.jpg,4,True,True,112827359,"[1.0, 1.0, 1.0, 1.0]"
images/custom/michaels/medium/B/custom_michaels_medium_B_1.jpg,4,True,True,112165010,"[0.0, 1.0, 1.4142135623730951, 2.23606797749979]"
images/custom/michaels/medium/B/custom_michaels_medium_B_2.jpg,4,True,True,110707445,"[0.0, 1.4142135623730951, 2.23606797749979, 2.23606797749979]"
images/custom/michaels/medium/B/custom_michaels_medium_B_3.jpg,4,True,True,109289115,"[0.0, 1.0, 1.4142135623730951, 2.23606797749979]"
images/custom/michaels/medium/B/custom_michaels_medium_B_4.jpg,4,True,True,107001693,"[1.0, 1.0, 1.4142135623730951, 2.0]"
images/custom/michaels/medium/C/custom_michaels_medium_C_0.jpg,2,True,False,107659922,"[0.0, 1.0]"
images/custom/michaels/medium/C/custom_michaels_medium_C_1.jpg,2,True,False,110612338,"[1.0, 1.4142135623730951]"
images/custom/michaels/medium/C/custom_michaels_medium_C_2.jpg,3,False,False,105774185,"[1.4142135623730951, 2.23606797749979, 139.5313584826006]"
images/custom/michaels/medium/C/custom_michaels_medium_C_3.jpg,2,True,False,105674086,"[1.4142135623730951, 2.23606797749979]"
images/custom/michaels/medium/C/custom_michaels_medium_C_4.jpg,2,True,False,106426980,"[0.0, 0.0]"
images/custom/michaels/medium/D/custom_michaels_medium_D_0.jpg,3,True,False,110974514,"[1.0, 1.0, 1.0]"
images/custom/michaels/medium/D/custom_michaels_medium_D_1.jpg,4,True,True,106255136,"[0.0, 0.0, 1.4142135623730951, 2.23606797749979]"
images/custom/michaels/medium/D/custom_michaels_medium_D_2.jpg,4,True,True,107129776,"[0.0, 0.0, 1.0, 1.4142135623730951]"
images/custom/michaels/medium/D/custom_michaels_medium_D_3.jpg,4,True,True,106984974,"[1.0, 1.4142135623730951, 1.4142135623730951, 2.0]"
images/custom/michaels/medium/D/custom_michaels_medium_D_4.jpg,4,True,True,96702594,"[0.0, 1.0, 1.0, 2.23606797749979]"
images/custom/michaels/short/A/custom_michaels_short_A_0.jpg,4,True,True,110994083,"[1.0, 1.0, 1.0, 2.23606797749979]"
images/custom/michaels/short/A/custom_michaels_short_A_1.jpg,4,True,True,117236550,"[0.0, 1.0, 1.0, 1.4142135623730951]"
images/custom/michaels/short/A/custom_michaels_short_A_2.jpg,4,True,True,109268397,"[0.0, 1.4142135623730951, 1.4142135623730951, 2.0]"
images/custom/michaels/short/A/custom_michaels_short_A_3.jpg,4,True,True,103129972,"[1.0, 2.0, 2.23606797749979, 2.23606797749979]"
images/custom/michaels/short/A/custom_michaels_short_A_4.jpg,4,True,True,106556490,"[2.0, 2.23606797749979, 2.23606797749979, 2.23606797749979]"
images/custom/michaels/short/B/custom_michaels_short_B_0.jpg,4,True,True,107150659,"[1.0, 1.4142135623730951, 1.4142135623730951, 2.23606797749979]"
images/custom/michaels/short/B/custom_michaels_short_B_1.jpg,4,True,True,111760743,"[1.0, 1.0, 2.23606797749979, 2.8284271247461903]"
images/custom/michaels/short/B/custom_michaels_short_B_2.jpg,4,True,True,107312396,"[0.0, 1.4142135623730951, 1.4142135623730951, 2.0]"
images/custom/michaels/short/B/custom_michaels_short_B_3.jpg,3,True,False,109864724,"[1.4142135623730951, 1.4142135623730951, 2.0]"
images/custom/michaels/short/B/custom_michaels_short_B_4.jpg,4,True,True,109516272,"[1.4142135623730951, 2.0, 2.0, 2.23606797749979]"
images/custom/michaels/short/C/custom_michaels_short_C_0.jpg,4,False,False,108077284,"[0.0, 1.0, 267.00187265260894, 293.33428030150174]"
images/custom/michaels/short/C/custom_michaels_short_C_1.jpg,3,False,False,106793963,"[1.0, 1.0, 154.1557653803451]"
images/custom/michaels/short/C/custom_michaels_short_C_2.jpg,2,True,False,114992831,"[1.0, 1.0]"
images/custom/michaels/short/C/custom_michaels_short_C_3.jpg,3,True,False,112820067,"[1.4142135623730951, 1.4142135623730951, 2.23606797749979]"
images/custom/michaels/short/C/custom_michaels_short_C_4.jpg,3,True,False,100984602,"[1.0, 1.4142135623730951, 2.23606797749979]"
images/custom/michaels/short/D/custom_michaels_short_D_0.jpg,3,True,False,109790797,"[1.4142135623730951, 2.0, 2.0]"
images/custom/michaels/short/D/custom_michaels_short_D_1.jpg,4,True,True,105797418,"[1.0, 1.4142135623730951, 1.4142135623730951, 2.8284271247461903]"
images/custom/michaels/short/D/custom_michaels_short_D_2.jpg,4,True,True,113265080,"[0.0, 2.0, 2.23606797749979, 2.23606797749979]"
images/custom/michaels/short/D/custom_michaels_short_D_3.jpg,4,True,True,106066063,"[1.4142135623730951, 1.4142135623730951, 1.4142135623730951, 3.0]"
images/custom/michaels/short/D/custom_michaels_short_D_4.jpg,4,True,True,103995746,"[0.0, 1.0, 2.0, 3.0]"
images/dark/davids/high/A/dark_davids_high_A_0.jpg,3,True,False,119341636,"[1.0, 1.0, 2.23606797749979]"
images/dark/davids/high/A/dark_davids_high_A_1.jpg,3,True,False,112066665,"[1.0, 1.0, 2.23606797749979]"
images/dark/davids/high/A/dark_davids_high_A_2.jpg,4,True,True,110331749,"[0.0, 1.0, 1.0, 1.4142135623730951]"
images/dark/davids/high/A/dark_davids_high_A_3.jpg,3,True,False,106825406,"[2.0, 2.23606797749979, 2.23606797749979]"
images/dark/davids/high/A/dark_davids_high_A_4.jpg,4,True,True,102774619,"[1.0, 1.0, 1.0, 1.0]"
images/dark/davids/high/B/dark_davids_high_B_0.jpg,4,True,True,114706556,"[1.0, 1.0, 1.0, 1.4142135623730951]"
images/dark/davids/high/B/dark_davids_high_B_1.jpg,4,True,True,109702258,"[1.0, 1.0, 2.0, 2.23606797749979]"
images/dark/davids/high/B/dark_davids_high_B_2.jpg,4,True,True,113236906,"[1.0, 1.0, 1.4142135623730951, 2.23606797749979]"
images/dark/davids/high/B/dark_davids_high_B_3.jpg,4,True,True,112301776,"[1.0, 1.4142135623730951, 2.0, 2.23606797749979]"
images/dark/davids/high/B/dark_davids_high_B_4.jpg,4,True,True,120827935,"[1.0, 1.4142135623730951, 1.4142135623730951, 1.4142135623730951]"
images/dark/davids/high/C/dark_davids_high_C_0.jpg,5,True,False,126998355,"[0.0, 1.4142135623730951, 1.4142135623730951, 2.23606797749979, 522.0823689802213]"
images/dark/davids/high/C/dark_davids_high_C_1.jpg,4,True,True,122152889,"[0.0, 1.0, 1.4142135623730951, 2.0]"
images/dark/davids/high/C/dark_davids_high_C_2.jpg,5,True,False,116238348,"[0.0, 1.0, 1.0, 1.4142135623730951, 475.10525149697094]"
images/dark/davids/high/C/dark_davids_high_C_3.jpg,5,True,False,114218305,"[1.0, 1.0, 1.0, 2.0, 495.20197899443014]"
images/dark/davids/high/C/dark_davids_high_C_4.jpg,5,True,False,116191721,"[1.0, 1.0, 1.0, 2.0, 493.87953996900904]"
images/dark/davids/high/D/dark_davids_high_D_0.jpg,4,True,True,115314021,"[0.0, 0.0, 1.4142135623730951, 2.0]"
images/dark/davids/high/D/dark_davids_high_D_1.jpg,3,True,False,109706176,"[0.0, 1.0, 1.4142135623730951]"
images/dark/davids/high/D/dark_davids_high_D_2.jpg,2,True,False,120932862,"[1.0, 1.4142135623730951]"
images/dark/davids/high/D/dark_davids_high_D_3.jpg,3,False,False,115555766,"[1.0, 1.0, 8.94427190999916]"
images/dark/davids/high/D/dark_davids_high_D_4.jpg,4,True,True,109546098,"[0.0, 1.0, 1.4142135623730951, 1.4142135623730951]"
images/dark/davids/medium/A/dark_davids_medium_A_0.jpg,3,True,False,101586700,"[1.0, 1.4142135623730951, 1.4142135623730951]"
images/dark/davids/medium/A/dark_davids_medium_A_1.jpg,3,True,False,116322893,"[0.0, 1.0, 1.4142135623730951]"
images/dark/davids/medium/A/dark_davids_medium_A_2.jpg,5,True,False,120828996,"[1.0, 1.0, 1.0, 2.0, 247.41261083461367]"
images/dark/davids/medium/A/dark_davids_medium_A_3.jpg,4,True,True,145295819,"[1.0, 1.4142135623730951, 2.23606797749979, 2.23606797749979]"
images/dark/davids/medium/A/dark_davids_medium_A_4.jpg,3,True,False,105615791,"[1.0, 1.4142135623730951, 2.23606797749979]"
images/dark/davids/medium/B/dark_davids_medium_B_0.jpg,6,True,False,115683909,"[1.0, 1.0, 1.4142135623730951, 2.0, 615.4421175057813, 671.8720116212611]"
images/dark/davids/medium/B/dark_davids_medium_B_1.jpg,6,True,False,126843819,"[1.0, 1.0, 2.0, 2.23606797749979, 474.911570716065, 543.111406619305]"
images/dark/davids/medium/B/dark_davids_medium_B_2.jpg,6,True,False,112335310,"[1.4142135623730951, 1.4142135623730951, 2.0, 2.23606797749979, 470.8046303935423, 539.971295533383]"
images/dark/davids/medium/B/dark_davids_medium_B_3.jpg,6,True,False,123121556,"[1.0, 1.4142135623730951, 1.4142135623730951, 2.23606797749979, 470.73665674132496, 539.1567490071881]"
images/dark/davids/medium/B/dark_davids_medium_B_4.jpg,6,True,False,105932042,"[1.0, 1.0, 1.4142135623730951, 2.23606797749979, 520.2547452931112, 589.6007123469238]"
images/dark/davids/medium/C/dark_davids_medium_C_0.jpg,4,True,True,109420822,"[0.0, 1.0, 1.0, 1.0]"
images/dark/davids/medium/C/dark_davids_medium_C_1.jpg,3,True,False,122514977,"[1.0, 2.0, 2.23606797749979]"
images/dark/davids/medium/C/dark_davids_medium_C_2.jpg,3,True,False,112483197,"[1.0, 1.0, 2.23606797749979]"
images/dark/davids/medium/C/dark_davids_medium_C_3.jpg,3,True,False,111934783,"[0.0, 1.4142135623730951, 1.4142135623730951]"
images/dark/davids/medium/C/dark_davids_medium_C_4.jpg,4,True,True,110681787,"[0.0, 1.0, 1.4142135623730951, 2.23606797749979]"
images/dark/davids/medium/D/dark_davids_medium_D_0.jpg,5,False,False,108780522,"[1.4142135623730951, 2.23606797749979, 10.770329614269007, 11.045361017187261, 590.0]"
images/dark/davids/medium/D/dark_davids_medium_D_1.jpg,4,False,False,103273071,"[1.0, 2.0, 11.0, 586.8466579950848]"
images/dark/davids/medium/D/dark_davids_medium_D_2.jpg,3,False,False,114884489,"[2.23606797749979, 3.1622776601683795, 431.6132528085763]"
images/dark/davids/medium/D/dark_davids_medium_D_3.jpg,4,False,False,112283320,"[1.0, 2.0, 3.605551275463989, 435.15744277215344]"
images/dark/davids/medium/D/dark_davids_medium_D_4.jpg,4,False,False,108985032,"[1.0, 2.0, 2.23606797749979, 733.6163847679521]"
images/dark/davids/short/A/dark_davids_short_A_0.jpg,4,True,True,131994945,"[1.0, 2.0, 2.23606797749979, 3.605551275463989]"
images/dark/davids/short/A/dark_davids_short_A_1.jpg,7,True,False,103002427,"[1.0, 1.4142135623730951, 2.0, 2.0, 230.32585612562042, 259.1466766138435, 275.4360179787676]"
images/dark/davids/short/A/dark_davids_short_A_2.jpg,4,True,True,120529175,"[1.0, 1.4142135623730951, 2.23606797749979, 3.1622776601683795]"
images/dark/davids/short/A/dark_davids_short_A_3.jpg,4,True,True,125611877,"[1.4142135623730951, 2.0, 2.23606797749979, 4.0]"
images/dark/davids/short/A/dark_davids_short_A_4.jpg,4,True,True,108078806,"[0.0, 1.0, 1.4142135623730951, 2.0]"
images/dark/davids/short/B/dark_davids_short_B_0.jpg,4,True,True,109821039,"[1.4142135623730951, 1.4142135623730951, 2.0, 3.605551275463989]"
images/dark/davids/short/B/dark_davids_short_B_1.jpg,8,True,False,124789861,"[1.0, 1.0, 1.4142135623730951, 1.4142135623730951, 230.62523712724936, 256.8443108188305, 290.6011011679068, 296.98484809834997]"
images/dark/davids/short/B/dark_davids_short_B_2.jpg,4,True,True,105984939,"[1.0, 1.0, 1.4142135623730951, 2.0]"
images/dark/davids/short/B/dark_davids_short_B_3.jpg,4,True,True,104077762,"[1.0, 1.0, 3.0, 3.0]"
images/dark/davids/short/B/dark_davids_short_B_4.jpg,4,True,True,101307085,"[0.0, 1.0, 1.0, 2.23606797749979]"
images/dark/davids/short/C/dark_davids_short_C_0.jpg,4,True,True,114549331,"[1.0, 1.4142135623730951, 1.4142135623730951, 2.23606797749979]"
images/dark/davids/short/C/dark_davids_short_C_1.jpg,4,True,True,111473793,"[1.0, 1.0, 1.4142135623730951, 2.23606797749979]"
images/dark/davids/short/C/dark_davids_short_C_2.jpg,4,True,True,108469887,"[2.23606797749979, 2.23606797749979, 2.23606797749979, 3.1622776601683795]"
images/dark/davids/short/C/dark_davids_short_C_3.jpg,6,False,False,133781155,"[0.0, 1.0, 1.4142135623730951, 177.55280904564702, 205.29490982486632, 229.89562849258357]"
images/dark/davids/short/C/dark_davids_short_C_4.jpg,4,True,True,114059792,"[1.0, 1.4142135623730951, 1.4142135623730951, 3.0]"
images/dark/davids/short/D/dark_davids_short_D_0.jpg,7,True,False,117623577,"[0.0, 1.0, 1.4142135623730951, 1.4142135623730951, 209.99523804124703, 214.66718426438635, 242.78797334299736]"
images/dark/davids/short/D/dark_davids_short_D_1.jpg,4,True,True,121300268,"[1.0, 1.4142135623730951, 3.0, 3.605551275463989]"
images/dark/davids/short/D/dark_davids_short_D_2.jpg,4,False,False,115586390,"[0.0, 1.0, 2.0, 8.246211251235321]"
images/dark/davids/short/D/dark_davids_short_D_3.jpg,6,False,False,116608261,"[1.0, 1.0, 2.23606797749979, 233.97649454592656, 262.9619744373699, 282.0815484926301]"
images/dark/davids/short/D/dark_davids_short_D_4.jpg,4,True,True,109878551,"[2.0, 2.23606797749979, 3.0, 3.1622776601683795]"
images/dark/jack_cole/high/A/dark_jack_cole_high_A_0.jpg,4,True,True,108505792,"[0.0, 0.0, 1.4142135623730951, 2.0]"
images/dark/jack_cole/high/A/dark_jack_cole_high_A_1.jpg,4,True,True,106368778,"[0.0, 1.0, 1.4142135623730951, 1.4142135623730951]"
images/dark/jack_cole/high/A/dark_jack_cole_high_A_2.jpg,4,True,True,115355713,"[0.0, 1.0, 1.0, 3.1622776601683795]"
images/dark/jack_cole/high/A/dark_jack_cole_high_A_3.jpg,4,True,True,104684475,"[0.0, 1.0, 1.0, 1.0]"
images/dark/jack_cole/high/A/dark_jack_cole_high_A_4.jpg,4,True,True,111259202,"[1.0, 1.4142135623730951, 1.4142135623730951, 2.23606797749979]"
images/dark/jack_cole/high/B/dark_jack_cole_high_B_0.jpg,4,True,True,110660386,"[1.0, 1.0, 1.0, 1.4142135623730951]"
images/dark/jack_cole/high/B/dark_jack_cole_high_B_1.jpg,4,True,True,111685868,"[1.0, 1.0, 1.4142135623730951, 2.0]"
images/dark/jack_cole/high/B/dark_jack_cole_high_B_2.jpg,4,True,True,100444879,"[1.0, 1.0, 2.0, 2.23606797749979]"
images/dark/jack_cole/high/B/dark_jack_cole_high_B_3.jpg,4,True,True,101562955,"[1.0, 1.0, 1.0, 3.0]"
images/dark/jack_cole/high/B/dark_jack_cole_high_B_4.jpg,4,True,True,107964671,"[1.0, 1.0, 1.0, 1.4142135623730951]"
images/dark/jack_cole/high/C/dark_jack_cole_high_C_0.jpg,4,True,True,119005686,"[1.0, 1.4142135623730951, 2.0, 2.23606797749979]"
images/dark/jack_cole/high/C/dark_jack_cole_high_C_1.jpg,4,True,True,121146411,"[1.0, 1.0, 1.4142135623730951, 1.4142135623730951]"
images/dark/jack_cole/high/C/dark_jack_cole_high_C_2.jpg,5,True,False,120664568,"[0.0, 0.0, 2.23606797749979, 2.23606797749979, 329.460164511584]"
images/dark/jack_cole/high/C/dark_jack_cole_high_C_3.jpg,5,True,False,118134262,"[1.0, 1.0, 2.23606797749979, 2.23606797749979, 328.27427556846425]"
images/dark/jack_cole/high/C/dark_jack_cole_high_C_4.jpg,4,True,True,111376371,"[1.4142135623730951, 1.4142135623730951, 2.23606797749979, 2.23606797749979]"
images/dark/jack_cole/high/D/dark_jack_cole_high_D_0.jpg,4,True,True,102820985,"[1.4142135623730951, 1.4142135623730951, 2.0, 2.8284271247461903]"
images/dark/jack_cole/high/D/dark_jack_cole_high_D_1.jpg,4,True,True,101542342,"[1.4142135623730951, 1.4142135623730951, 2.0, 2.0]"
images/dark/jack_cole/high/D/dark_jack_cole_high_D_2.jpg,4,True,True,111180983,"[1.0, 1.0, 1.0, 3.0]"
images/dark/jack_cole/high/D/dark_jack_cole_high_D_3.jpg,4,True,True,111816025,"[1.0, 1.0, 1.4142135623730951, 2.23606797749979]"
images/dark/jack_cole/high/D/dark_jack_cole_high_D_4.jpg,4,True,True,108770051,"[1.4142135623730951, 1.4142135623730951, 2.0, 2.23606797749979]"
images/dark/jack_cole/medium/A/dark_jack_cole_medium_A_0.jpg,4,True,True,106989696,"[1.0, 1.0, 1.0, 2.23606797749979]"
images/dark/jack_cole/medium/A/dark_jack_cole_medium_A_1.jpg,4,True,True,109914637,"[0.0, 1.4142135623730951, 2.23606797749979, 2.8284271247461903]"
images/dark/jack_cole/medium/A/dark_jack_cole_medium_A_2.jpg,4,True,True,106450011,"[1.0, 1.0, 1.4142135623730951, 3.0]"
images/dark/jack_cole/medium/A/dark_jack_cole_medium_A_3.jpg,4,True,True,100293986,"[0.0, 2.0, 2.23606797749979, 2.23606797749979]"
images/dark/jack_cole/medium/A/dark_jack_cole_medium_A_4.jpg,3,True,False,108483676,"[0.0, 1.0, 1.4142135623730951]"
images/dark/jack_cole/medium/B/dark_jack_cole_medium_B_0.jpg,4,True,True,110523339,"[1.4142135623730951, 1.4142135623730951, 2.23606797749979, 3.0]"
images/dark/jack_cole/medium/B/dark_jack_cole_medium_B_1.jpg,4,True,True,112403125,"[1.0, 1.4142135623730951, 2.23606797749979, 2.23606797749979]"
images/dark/jack_cole/medium/B/dark_jack_cole_medium_B_2.jpg,4,True,True,110126332,"[1.0, 2.0, 2.0, 2.23606797749979]"
images/dark/jack_cole/medium/B/dark_jack_cole_medium_B_3.jpg,4,True,True,98249651,"[0.0, 2.23606797749979, 2.23606797749979, 2.8284271247461903]"
images/dark/jack_cole/medium/B/dark_jack_cole_medium_B_4.jpg,4,True,True,109818808,"[1.0, 1.4142135623730951, 2.0, 2.0]"
images/dark/jack_cole/medium/C/dark_jack_cole_medium_C_0.jpg,4,True,True,101210844,"[0.0, 1.0, 1.0, 1.4142135623730951]"
images/dark/jack_cole/medium/C/dark_jack_cole_medium_C_1.jpg,6,True,False,107470064,"[1.0, 1.0, 1.4142135623730951, 1.4142135623730951, 276.4217791708895, 298.9866217742861]"
images/dark/jack_cole/medium/C/dark_jack_cole_medium_C_2.jpg,4,True,True,102340293,"[1.0, 1.0, 2.23606797749979, 3.1622776601683795]"
images/dark/jack_cole/medium/C/dark_jack_cole_medium_C_3.jpg,4,True,True,107677016,"[0.0, 2.0, 2.8284271247461903, 3.0]"
images/dark/jack_cole/medium/C/dark_jack_cole_medium_C_4.jpg,4,True,True,105574038,"[1.0, 2.0, 2.23606797749979, 3.0]"
images/dark/jack_cole/medium/D/dark_jack_cole_medium_D_0.jpg,4,True,True,106150327,"[1.0, 2.0, 2.0, 3.1622776601683795]"
images/dark/jack_cole/medium/D/dark_jack_cole_medium_D_1.jpg,4,True,True,106569620,"[0.0, 0.0, 0.0, 2.0]"
images/dark/jack_cole/medium/D/dark_jack_cole_medium_D_2.jpg,4,True,True,117048276,"[1.0, 1.4142135623730951, 2.0, 2.0]"
images/dark/jack_cole/medium/D/dark_jack_cole_medium_D_3.jpg,4,True,True,114791075,"[1.0, 1.0, 1.0, 1.4142135623730951]"
images/dark/jack_cole/medium/D/dark_jack_cole_medium_D_4.jpg,3,True,False,105693050,"[0.0, 1.0, 2.0]"
images/dark/jack_cole/short/A/dark_jack_cole_short_A_0.jpg,4,True,True,112701336,"[1.0, 1.0, 1.4142135623730951, 2.0]"
images/dark/jack_cole/short/A/dark_jack_cole_short_A_1.jpg,4,True,True,115501604,"[0.0, 1.0, 1.0, 2.23606797749979]"
images/dark/jack_cole/short/A/dark_jack_cole_short_A_2.jpg,4,True,True,111506220,"[1.0, 1.4142135623730951, 3.605551275463989, 3.605551275463989]"
images/dark/jack_cole/short/A/dark_jack_cole_short_A_3.jpg,4,True,True,109434594,"[1.0, 2.23606797749979, 2.23606797749979, 2.23606797749979]"
images/dark/jack_cole/short/A/dark_jack_cole_short_A_4.jpg,4,True,True,107063741,"[1.4142135623730951, 2.23606797749979, 2.23606797749979, 3.1622776601683795]"
images/dark/jack_cole/short/B/dark_jack_cole_short_B_0.jpg,4,True,True,114096010,"[1.4142135623730951, 2.0, 2.23606797749979, 3.1622776601683795]"
images/dark/jack_cole/short/B/dark_jack_cole_short_B_1.jpg,4,True,True,116740226,"[1.4142135623730951, 2.0, 2.23606797749979, 2.8284271247461903]"
images/dark/jack_cole/short/B/dark_jack_cole_short_B_2.jpg,4,True,True,118019129,"[1.4142135623730951, 1.4142135623730951, 1.4142135623730951, 2.8284271247461903]"
images/dark/jack_cole/short/B/dark_jack_cole_short_B_3.jpg,4,True,True,112766147,"[1.0, 1.0, 1.0, 1.4142135623730951]"
images/dark/jack_cole/short/B/dark_jack_cole_short_B_4.jpg,4,True,True,104987877,"[1.0, 1.4142135623730951, 2.0, 2.23606797749979]"
images/dark/jack_cole/short/C/dark_jack_cole_short_C_0.jpg,4,True,True,109789875,"[1.4142135623730951, 2.0, 2.23606797749979, 2.23606797749979]"
images/dark/jack_cole/short/C/dark_jack_cole_short_C_1.jpg,3,True,False,114302265,"[1.0, 2.23606797749979, 2.8284271247461903]"
images/dark/jack_cole/short/C/dark_jack_cole_short_C_2.jpg,4,True,True,113505884,"[1.0, 1.4142135623730951, 1.4142135623730951, 2.0]"
images/dark/jack_cole/short/C/dark_jack_cole_short_C_3.jpg,4,True,True,110524211,"[1.0, 1.0, 1.0, 2.0]"
images/dark/jack_cole/short/C/dark_jack_cole_short_C_4.jpg,4,True,True,106345804,"[0.0, 1.0, 2.23606797749979, 4.123105625617661]"
images/dark/jack_cole/short/D/dark_jack_cole_short_D_0.jpg,4,True,True,115222831,"[1.0, 1.0, 2.8284271247461903, 3.1622776601683795]"
images/dark/jack_cole/short/D/dark_jack_cole_short_D_1.jpg,4,False,False,113722608,"[2.23606797749979, 2.23606797749979, 3.0, 121.01652779682617]"
images/dark/jack_cole/short/D/dark_jack_cole_short_D_2.jpg,4,True,True,113398810,"[1.4142135623730951, 2.23606797749979, 3.0, 3.1622776601683795]"
images/dark/jack_cole/short/D/dark_jack_cole_short_D_3.jpg,2,True,False,104995956,"[1.0, 1.0]"
images/dark/jack_cole/short/D/dark_jack_cole_short_D_4.jpg,4,True,True,101956573,"[2.23606797749979, 2.23606797749979, 2.23606797749979, 2.23606797749979]"
images/dark/john_honey/high/A/dark_john_honey_high_A_0.jpg,2,True,False,102891890,"[1.0, 2.23606797749979]"
images/dark/john_honey/high/A/dark_john_honey_high_A_1.jpg,2,True,False,110606135,"[1.4142135623730951, 1.4142135623730951]"
images/dark/john_honey/high/A/dark_john_honey_high_A_2.jpg,2,True,False,113531892,"[2.0, 2.8284271247461903]"
images/dark/john_honey/high/A/dark_john_honey_high_A_3.jpg,3,True,False,109516875,"[1.0, 2.23606797749979, 2.8284271247461903]"
images/dark/john_honey/high/A/dark_john_honey_high_A_4.jpg,3,True,False,104948653,"[0.0, 1.0, 2.0]"
images/dark/john_honey/high/B/dark_john_honey_high_B_0.jpg,3,True,False,106600674,"[0.0, 1.0, 1.0]"
images/dark/john_honey/high/B/dark_john_honey_high_B_1.jpg,4,True,True,109474257,"[0.0, 1.0, 2.23606797749979, 2.8284271247461903]"
images/dark/john_honey/high/B/dark_john_honey_high_B_2.jpg,4,True,True,113097237,"[1.4142135623730951, 2.0, 2.23606797749979, 2.8284271247461903]"
images/dark/john_honey/high/B/dark_john_honey_high_B_3.jpg,3,True,False,112249642,"[0.0, 2.0, 3.1622776601683795]"
images/dark/john_honey/high/B/dark_john_honey_high_B_4.jpg,3,True,False,107502137,"[1.4142135623730951, 1.4142135623730951, 2.0]"
images/dark/john_honey/high/C/dark_john_honey_high_C_0.jpg,3,True,False,114810867,"[0.0, 1.0, 1.4142135623730951]"
images/dark/john_honey/high/C/dark_john_honey_high_C_1.jpg,3,True,False,113182698,"[0.0, 1.0, 1.4142135623730951]"
images/dark/john_honey/high/C/dark_john_honey_high_C_2.jpg,3,True,False,109045718,"[1.0, 1.4142135623730951, 2.8284271247461903]"
images/dark/john_honey/high/C/dark_john_honey_high_C_3.jpg,3,True,False,110531072,"[1.0, 2.23606797749979, 2.23606797749979]"
images/dark/john_honey/high/C/dark_john_honey_high_C_4.jpg,3,True,False,110263231,"[1.0, 1.4142135623730951, 1.4142135623730951]"
images/dark/john_honey/high/D/dark_john_honey_high_D_0.jpg,1,True,False,111710796,[1.0]
images/dark/john_honey/high/D/dark_john_honey_high_D_1.jpg,1,True,False,115640828,[1.0]
images/dark/john_honey/high/D/dark_john_honey_high_D_2.jpg,1,True,False,117474436,[2.23606797749979]
images/dark/john_honey/high/D/dark_john_honey_high_D_3.jpg,2,True,False,112407014,"[2.0, 2.8284271247461903]"
images/dark/john_honey/high/D/dark_john_honey_high_D_4.jpg,1,True,False,112641715,[2.23606797749979]
images/dark/john_honey/medium/A/dark_john_honey_medium_A_0.jpg,4,True,True,106159757,"[1.0, 1.4142135623730951, 2.23606797749979, 2.8284271247461903]"
images/dark/john_honey/medium/A/dark_john_honey_medium_A_1.jpg,3,True,False,113527684,"[1.4142135623730951, 2.0, 2.23606797749979]"
images/dark/john_honey/medium/A/dark_john_honey_medium_A_2.jpg,4,True,True,109429775,"[0.0, 1.0, 2.0, 2.23606797749979]"
images/dark/john_honey/medium/A/dark_john_honey_medium_A_3.jpg,3,True,False,114734958,"[1.0, 1.4142135623730951, 3.0]"
images/dark/john_honey/medium/A/dark_john_honey_medium_A_4.jpg,3,True,False,110912796,"[1.0, 1.0, 1.0]"
images/dark/john_honey/medium/B/dark_john_honey_medium_B_0.jpg,4,True,True,118697119,"[1.0, 1.0, 2.0, 2.23606797749979]"
images/dark/john_honey/medium/B/dark_john_honey_medium_B_1.jpg,4,True,True,112249399,"[0.0, 1.0, 1.4142135623730951, 2.23606797749979]"
images/dark/john_honey/medium/B/dark_john_honey_medium_B_2.jpg,4,True,True,111103627,"[1.0, 1.0, 1.4142135623730951, 2.0]"
images/dark/john_honey/medium/B/dark_john_honey_medium_B_3.jpg,4,True,True,111028327,"[1.0, 1.0, 2.0, 2.23606797749979]"
images/dark/john_honey/medium/B/dark_john_honey_medium_B_4.jpg,4,True,True,111438406,"[0.0, 0.0, 1.0, 2.23606797749979]"
images/dark/john_honey/medium/C/dark_john_honey_medium_C_0.jpg,4,False,False,113054958,"[1.0, 1.0, 1.0, 186.59314028120113]"
images/dark/john_honey/medium/C/dark_john_honey_medium_C_1.jpg,3,True,False,110567905,"[1.4142135623730951, 1.4142135623730951, 2.23606797749979]"
images/dark/john_honey/medium/C/dark_john_honey_medium_C_2.jpg,4,True,True,111673137,"[1.0, 2.0, 2.0, 2.23606797749979]"
images/dark/john_honey/medium/C/dark_john_honey_medium_C_3.jpg,4,True,True,116298097,"[0.0, 1.0, 1.0, 1.4142135623730951]"
images/dark/john_honey/medium/C/dark_john_honey_medium_C_4.jpg,4,True,True,118386175,"[0.0, 2.23606797749979, 2.23606797749979, 2.23606797749979]"
images/dark/john_honey/medium/D/dark_john_honey_medium_D_0.jpg,3,True,False,116334629,"[0.0, 2.0, 2.23606797749979]"
images/dark/john_honey/medium/D/dark_john_honey_medium_D_1.jpg,2,True,False,112649258,"[0.0, 1.4142135623730951]"
images/dark/john_honey/medium/D/dark_john_honey_medium_D_2.jpg,2,True,False,111239634,"[1.4142135623730951, 1.4142135623730951]"
images/dark/john_honey/medium/D/dark_john_honey_medium_D_3.jpg,2,True,False,120458611,"[2.23606797749979, 2.23606797749979]"
images/dark/john_honey/medium/D/dark_john_honey_medium_D_4.jpg,3,True,False,110757399,"[1.0, 2.0, 2.23606797749979]"
images/dark/john_honey/short/A/dark_john_honey_short_A_0.jpg,4,False,False,112385790,"[1.4142135623730951, 2.0, 3.1622776601683795, 238.40302011509837]"
images/dark/john_honey/short/A/dark_john_honey_short_A_1.jpg,3,True,False,107518717,"[0.0, 1.0, 3.605551275463989]"
images/dark/john_honey/short/A/dark_john_honey_short_A_2.jpg,3,True,False,113743968,"[0.0, 1.4142135623730951, 1.4142135623730951]"
images/dark/john_honey/short/A/dark_john_honey_short_A_3.jpg,2,True,False,113686354,"[2.0, 3.0]"
images/dark/john_honey/short/A/dark_john_honey_short_A_4.jpg,4,True,True,105943162,"[1.0, 1.4142135623730951, 1.4142135623730951, 2.23606797749979]"
images/dark/john_honey/short/B/dark_john_honey_short_B_0.jpg,4,True,True,107360340,"[0.0, 1.0, 1.4142135623730951, 2.23606797749979]"
images/dark/john_honey/short/B/dark_john_honey_short_B_1.jpg,4,True,True,105449855,"[1.4142135623730951, 1.4142135623730951, 2.23606797749979, 2.23606797749979]"
images/dark/john_honey/short/B/dark_john_honey_short_B_2.jpg,4,False,False,109876198,"[1.0, 2.23606797749979, 2.23606797749979, 12.206555615733702]"
images/dark/john_honey/short/B/dark_john_honey_short_B_3.jpg,3,True,False,110985696,"[1.0, 1.4142135623730951, 2.23606797749979]"
images/dark/john_honey/short/B/dark_john_honey_short_B_4.jpg,4,True,True,113496518,"[1.0, 1.0, 1.0, 1.4142135623730951]"
images/dark/john_honey/short/C/dark_john_honey_short_C_0.jpg,4,True,True,114632121,"[1.0, 1.4142135623730951, 1.4142135623730951, 2.23606797749979]"
images/dark/john_honey/short/C/dark_john_honey_short_C_1.jpg,5,True,False,107532230,"[0.0, 0.0, 1.0, 1.0, 432.97228548718914]"
images/dark/john_honey/short/C/dark_john_honey_short_C_2.jpg,4,True,True,106716252,"[0.0, 1.4142135623730951, 1.4142135623730951, 2.23606797749979]"
images/dark/john_honey/short/C/dark_john_honey_short_C_3.jpg,4,True,True,125873083,"[1.4142135623730951, 1.4142135623730951, 2.23606797749979, 2.23606797749979]"
images/dark/john_honey/short/C/dark_john_honey_short_C_4.jpg,4,True,True,116949892,"[1.0, 2.0, 2.8284271247461903, 4.0]"
images/dark/john_honey/short/D/dark_john_honey_short_D_0.jpg,4,True,True,130259158,"[0.0, 1.0, 2.0, 2.8284271247461903]"
images/dark/john_honey/short/D/dark_john_honey_short_D_1.jpg,2,False,False,121514223,"[1.0, 6.708203932499369]"
images/dark/john_honey/short/D/dark_john_honey_short_D_2.jpg,4,True,True,115442435,"[0.0, 2.0, 2.23606797749979, 3.0]"
images/dark/john_honey/short/D/dark_john_honey_short_D_3.jpg,4,True,True,117235239,"[1.0, 2.0, 2.0, 2.8284271247461903]"
images/dark/john_honey/short/D/dark_john_honey_short_D_4.jpg,4,True,True,116231216,"[1.0, 1.4142135623730951, 2.23606797749979, 4.47213595499958]"
images/dark/michaels/high/A/dark_michaels_high_A_0.jpg,4,True,True,113535499,"[1.0, 1.0, 2.23606797749979, 3.1622776601683795]"
images/dark/michaels/high/A/dark_michaels_high_A_1.jpg,4,True,True,121744164,"[0.0, 2.0, 2.23606797749979, 2.23606797749979]"
images/dark/michaels/high/A/dark_michaels_high_A_2.jpg,4,True,True,103371318,"[0.0, 1.0, 1.4142135623730951, 2.0]"
images/dark/michaels/high/A/dark_michaels_high_A_3.jpg,4,True,True,108206945,"[1.0, 1.4142135623730951, 2.0, 2.0]"
images/dark/michaels/high/A/dark_michaels_high_A_4.jpg,4,True,True,107233440,"[1.0, 1.0, 1.4142135623730951, 1.4142135623730951]"
images/dark/michaels/high/B/dark_michaels_high_B_0.jpg,4,True,True,106832135,"[1.0, 1.0, 2.23606797749979, 3.1622776601683795]"
images/dark/michaels/high/B/dark_michaels_high_B_1.jpg,4,True,True,104918105,"[0.0, 1.0, 1.0, 2.23606797749979]"
images/dark/michaels/high/B/dark_michaels_high_B_2.jpg,4,True,True,112023954,"[1.0, 2.0, 2.0, 2.23606797749979]"
images/dark/michaels/high/B/dark_michaels_high_B_3.jpg,4,True,True,111843574,"[1.0, 1.0, 2.23606797749979, 3.1622776601683795]"
images/dark/michaels/high/B/dark_michaels_high_B_4.jpg,4,True,True,108982089,"[0.0, 1.4142135623730951, 2.0, 2.23606797749979]"
images/dark/michaels/high/C/dark_michaels_high_C_0.jpg,4,True,True,118315956,"[0.0, 1.0, 1.0, 3.0]"
images/dark/michaels/high/C/dark_michaels_high_C_1.jpg,4,True,True,113708776,"[1.0, 1.4142135623730951, 2.23606797749979, 2.23606797749979]"
images/dark/michaels/high/C/dark_michaels_high_C_2.jpg,4,True,True,109013359,"[1.0, 1.4142135623730951, 2.0, 2.23606797749979]"
images/dark/michaels/high/C/dark_michaels_high_C_3.jpg,4,True,True,112061688,"[1.0, 1.0, 1.4142135623730951, 2.0]"
images/dark/michaels/high/C/dark_michaels_high_C_4.jpg,4,True,True,106891849,"[0.0, 1.4142135623730951, 2.0, 2.0]"
images/dark/michaels/high/D/dark_michaels_high_D_0.jpg,3,True,False,103917470,"[1.0, 1.4142135623730951, 3.1622776601683795]"
images/dark/michaels/high/D/dark_michaels_high_D_1.jpg,3,True,False,113216601,"[1.0, 1.4142135623730951, 2.0]"
images/dark/michaels/high/D/dark_michaels_high_D_2.jpg,1,True,False,110923881,[3.0]
images/dark/michaels/high/D/dark_michaels_high_D_3.jpg,2,True,False,112960158,"[2.0, 2.8284271247461903]"
images/dark/michaels/high/D/dark_michaels_high_D_4.jpg,2,True,False,102715046,"[1.4142135623730951, 1.4142135623730951]"
images/dark/michaels/medium/A/dark_michaels_medium_A_0.jpg,4,True,True,110382716,"[0.0, 1.0, 1.4142135623730951, 1.4142135623730951]"
images/dark/michaels/medium/A/dark_michaels_medium_A_1.jpg,1,True,False,113476359,[1.4142135623730951]
images/dark/michaels/medium/A/dark_michaels_medium_A_2.jpg,4,True,True,118315100,"[1.0, 2.0, 3.0, 3.1622776601683795]"
images/dark/michaels/medium/A/dark_michaels_medium_A_3.jpg,4,True,True,124048146,"[0.0, 2.23606797749979, 2.23606797749979, 2.23606797749979]"
images/dark/michaels/medium/A/dark_michaels_medium_A_4.jpg,4,True,True,108364487,"[1.4142135623730951, 2.23606797749979, 2.23606797749979, 3.1622776601683795]"
images/dark/michaels/medium/B/dark_michaels_medium_B_0.jpg,3,True,False,125798815,"[1.4142135623730951, 2.0, 2.23606797749979]"
images/dark/michaels/medium/B/dark_michaels_medium_B_1.jpg,3,True,False,124022825,"[0.0, 1.0, 2.0]"
images/dark/michaels/medium/B/dark_michaels_medium_B_2.jpg,3,True,False,123896739,"[1.0, 2.8284271247461903, 2.8284271247461903]"
images/dark/michaels/medium/B/dark_michaels_medium_B_3.jpg,4,True,True,117242762,"[1.0, 2.23606797749979, 3.1622776601683795, 3.1622776601683795]"
images/dark/michaels/medium/B/dark_michaels_medium_B_4.jpg,4,True,True,115449557,"[1.4142135623730951, 1.4142135623730951, 2.0, 2.23606797749979]"
images/dark/michaels/medium/C/dark_michaels_medium_C_0.jpg,4,True,True,114226776,"[1.0, 1.0, 1.0, 2.0]"
images/dark/michaels/medium/C/dark_michaels_medium_C_1.jpg,4,True,True,115709785,"[0.0, 0.0, 2.0, 2.0]"
images/dark/michaels/medium/C/dark_michaels_medium_C_2.jpg,4,True,True,116258245,"[0.0, 1.0, 1.4142135623730951, 2.23606797749979]"
images/dark/michaels/medium/C/dark_michaels_medium_C_3.jpg,3,True,False,112199887,"[1.0, 1.4142135623730951, 1.4142135623730951]"
images/dark/michaels/medium/C/dark_michaels_medium_C_4.jpg,3,True,False,110079348,"[1.0, 1.4142135623730951, 2.0]"
images/dark/michaels/medium/D/dark_michaels_medium_D_0.jpg,1,True,False,116163739,[2.0]
images/dark/michaels/medium/D/dark_michaels_medium_D_1.jpg,3,False,False,108879256,"[1.0, 1.4142135623730951, 6.4031242374328485]"
images/dark/michaels/medium/D/dark_michaels_medium_D_2.jpg,4,False,False,111946317,"[1.4142135623730951, 2.0, 2.23606797749979, 423.38752933925673]"
images/dark/michaels/medium/D/dark_michaels_medium_D_3.jpg,4,True,True,118625389,"[1.0, 1.0, 1.4142135623730951, 4.242640687119285]"
images/dark/michaels/medium/D/dark_michaels_medium_D_4.jpg,4,True,True,103982173,"[0.0, 1.0, 2.0, 2.23606797749979]"
images/dark/michaels/short/A/dark_michaels_short_A_0.jpg,4,True,True,112547051,"[1.0, 1.0, 1.0, 2.8284271247461903]"
images/dark/michaels/short/A/dark_michaels_short_A_1.jpg,4,True,True,106222585,"[1.4142135623730951, 1.4142135623730951, 1.4142135623730951, 2.0]"
images/dark/michaels/short/A/dark_michaels_short_A_2.jpg,5,True,False,101895820,"[1.0, 1.0, 2.0, 2.0, 180.54639292990598]"
images/dark/michaels/short/A/dark_michaels_short_A_3.jpg,5,True,False,101463690,"[1.0, 1.4142135623730951, 3.1622776601683795, 3.1622776601683795, 560.4462507680821]"
images/dark/michaels/short/A/dark_michaels_short_A_4.jpg,4,True,True,99094147,"[1.4142135623730951, 1.4142135623730951, 2.23606797749979, 2.23606797749979]"
images/dark/michaels/short/B/dark_michaels_short_B_0.jpg,4,True,True,108068679,"[1.0, 2.23606797749979, 3.1622776601683795, 4.242640687119285]"
images/dark/michaels/short/B/dark_michaels_short_B_1.jpg,4,True,True,99924274,"[1.4142135623730951, 2.0, 2.23606797749979, 3.1622776601683795]"
images/dark/michaels/short/B/dark_michaels_short_B_2.jpg,5,True,False,103538181,"[1.4142135623730951, 1.4142135623730951, 1.4142135623730951, 1.4142135623730951, 175.36248173426378]"
images/dark/michaels/short/B/dark_michaels_short_B_3.jpg,4,True,True,112445735,"[0.0, 1.0, 1.4142135623730951, 3.1622776601683795]"
images/dark/michaels/short/B/dark_michaels_short_B_4.jpg,4,True,True,108068470,"[0.0, 1.4142135623730951, 2.0, 2.23606797749979]"
images/dark/michaels/short/C/dark_michaels_short_C_0.jpg,5,True,False,102904069,"[1.4142135623730951, 2.0, 3.0, 3.0, 230.8462691922917]"
images/dark/michaels/short/C/dark_michaels_short_C_1.jpg,4,True,True,101967072,"[1.0, 2.23606797749979, 2.8284271247461903, 3.0]"
images/dark/michaels/short/C/dark_michaels_short_C_2.jpg,4,True,True,101273141,"[0.0, 1.4142135623730951, 2.0, 2.23606797749979]"
images/dark/michaels/short/C/dark_michaels_short_C_3.jpg,4,True,True,115602396,"[1.0, 1.0, 1.4142135623730951, 2.23606797749979]"
images/dark/michaels/short/C/dark_michaels_short_C_4.jpg,4,True,True,103741251,"[0.0, 1.0, 1.0, 1.0]"
images/dark/michaels/short/D/dark_michaels_short_D_0.jpg,4,True,True,109829940,"[1.0, 1.0, 1.4142135623730951, 1.4142135623730951]"
images/dark/michaels/short/D/dark_michaels_short_D_1.jpg,2,True,False,110673528,"[1.0, 3.1622776601683795]"
images/dark/michaels/short/D/dark_michaels_short_D_2.jpg,2,True,False,107626328,"[1.4142135623730951, 2.23606797749979]"
images/dark/michaels/short/D/dark_michaels_short_D_3.jpg,4,True,True,107835879,"[2.0, 2.0, 2.23606797749979, 3.1622776601683795]"
images/dark/michaels/short/D/dark_michaels_short_D_4.jpg,3,True,False,104286933,"[1.4142135623730951, 2.23606797749979, 2.23606797749979]"
